0
0
0
0
0
1168
1915
1795
2815
2825
2823
2821
2832
2818
2815
2838
2816
2835
2830
2818
2847
2819
2829
2825
2822
2821
2822
2816
2847
2816
2816
2825
2811
2928
2818
2813
2865
2894
2829
2820
2812
2843
2823
2826
2820
2816
2851
2845
2806
2850
2814
2823
2830
2815
2864
2817
2809
2829
2857
2809
541
675
0
805
624
628
1004
219
1157
1296
1287
1419
2869
2832
2817
2845
2817
2811
2832
2815
2860
2815
2822
2817
0
0
0
0
0
0
0
0
0
0
0
0
0
0
236
671
0
0
0
0
0
0
0
0
2811
2862
2814
2807
2833
2811
2867
2819
2813
2835
2819
2815
0
0
0
0
0
0
0
126
1708
0
711
363
1649
943
1415
634
1511
1646
870
1647
1136
1703
1802
1777
2819
2809
2833
2822
2848
2817
2815
2835
2811
2850
2816
2813
2844
2820
2816
2844
2816
2844
2810
2816
2841
2819
2849
2850
0
0
0
0
0
0
0
0
0
0
0
0
607
1349
1258
1380
1647
833
1895
1568
2154
2474
1479
1866
2811
2835
2806
2843
2821
2811
2838
2818
2829
2816
2815
2815
0
0
0
0
0
0
0
0
0
0
0
0
2060
1635
2067
927
2003
2113
1471
2077
1147
2145
2286
2224
880
720
0
590
0
608
712
0
691
0
797
766
2847
2814
2659
2827
2819
2855
2859
2803
2821
2802
2801
2855
2816
2848
2815
2832
2819
2819
2849
2813
2832
2825
2817
2818
2820
2813
2841
2743
2347
1889
1904
610
1655
1676
1531
1677
2821
2831
2818
2864
2835
2816
2833
2819
2862
2818
2823
2823
0
0
0
0
0
0
0
0
0
0
0
0
0
615
640
335
1088
0
1094
1184
1142
1487
511
599
2815
2849
2847
2820
2829
2812
2857
2819
2821
2826
2816
2817
0
0
0
0
0
0
0
0
0
0
0
0
0
0
0
0
0
0
0
0
0
0
0
0
2822
2827
2836
2817
2844
2807
2813
2839
2813
2853
2835
2815
2879
2826
2813
2832
2829
2857
2825
2757
2834
2815
2850
2846
2814
2864
2817
2815
2813
2807
2843
2854
2800
2844
2818
2813
721
1377
1156
766
1100
111
1069
1268
995
1362
481
485
2810
2838
2812
2864
2818
2815
2842
2821
2841
2821
2805
2817
0
0
0
0
0
0
0
0
0
0
0
0
400
0
464
0
423
400
319
815
0
875
904
970
0
0
0
0
0
0
0
0
0
0
0
0
0
705
0
1488
2317
2870
0
2806
2830
2807
1763
2877
1469
194
1466
1353
991
1387
356
1493
1558
1104
1704
1707
2819
2813
2842
2812
2839
2822
2814
2841
2815
2839
2818
2815
2825
2819
2813
2844
2814
2829
2819
2816
2846
2815
2810
2815
2814
2192
0
0
0
0
0
0
0
0
0
0
321
1436
1600
1328
1760
767
2017
2368
2027
2590
2381
2852
2810
2864
2819
2814
2838
2817
2854
2825
2814
2832
2814
2816
0
0
0
0
0
0
0
0
0
0
0
0
0
0
0
0
0
0
0
0
0
0
0
0
1330
1383
575
1234
910
1298
1298
427
1237
996
999
960
2849
656
2800
2833
2812
2690
2809
2810
2829
2813
2838
2832
2814
2864
2815
2816
2832
2817
2859
2817
2813
2838
2815
2817
2840
2815
2835
2816
2819
2835
2824
2787
2820
2811
2846
2763
2811
2832
2812
2875
2816
2815
2834
2819
2849
2815
2815
2817
0
0
0
0
0
0
0
0
0
0
0
0
900
1461
1535
982
1874
1444
1875
2150
1296
2278
2181
2388
0
0
0
0
0
0
0
0
0
0
0
0
0
0
0
0
0
0
0
0
0
116
0
352
0
0
0
0
0
0
0
0
0
0
0
0
2817
2815
2849
2818
2819
2818
2818
2854
2820
2817
2829
2832
2834
2814
2860
2776
2813
2832
2822
2809
2854
2806
2828
2827
2819
2843
2817
2815
2849
2843
2837
2814
2923
2848
2811
2815
2117
2455
2112
1914
1895
867
1735
1858
1614
2022
879
905
2811
2848
2816
2828
2796
2815
2849
2816
2822
2826
2818
2816
0
0
0
0
0
0
0
0
0
0
0
0
0
0
0
0
0
0
0
0
0
0
0
0
0
0
0
0
0
0
0
0
0
0
0
0
0
0
0
0
0
884
1035
1159
807
2820
2880
2279
1856
1106
1950
1921
1342
2081
1328
2021
2083
1423
2219
2091
2832
2816
2863
2817
2816
2832
2817
2849
2818
2809
2845
2839
2809
2829
2815
2857
2819
2815
2831
2811
2863
2831
2799
2815
2817
2809
2832
2861
2864
2805
2846
2821
2827
2884
1108
202
2128
2482
2673
1869
2814
2051
2704
2815
2283
2815
2817
2851
2857
2842
2803
2841
2824
1110
934
0
0
0
0
0
0
0
0
0
0
0
0
0
0
0
0
0
0
0
0
0
0
0
0
0
0
0
0
0
0
0
0
0
0
0
0
0
0
0
0
0
2833
2708
2861
2843
2804
2791
2822
2821
2861
2816
2817
2819
2809
2835
2822
2826
2849
2813
2864
2817
2843
2838
2873
2815
2842
2816
2813
2827
2822
2858
2816
2815
2864
2815
2863
2852
2816
2843
2813
2834
2819
2815
2847
2817
2837
2820
2775
2815
0
0
0
0
0
0
0
0
0
0
0
0
0
0
0
0
0
0
0
0
0
0
0
0
0
0
0
0
0
0
0
0
0
0
0
0
0
0
0
0
0
0
0
0
0
0
0
0
0
0
0
0
0
0
0
0
0
0
0
0
2816
2811
2858
2820
2814
2832
2815
2858
2818
2815
2836
2835
2814
2832
2802
2859
2821
2818
2827
2821
2864
2810
2817
2836
2815
2822
2829
2816
2864
2819
2822
2826
2807
2869
2816
2832
2858
2815
2814
2842
2816
2853
2865
2819
2841
2816
2849
2846
2820
2864
2819
2815
2832
2817
2861
2830
2819
2829
2818
2816
0
479
0
1135
971
295
0
784
1443
1387
618
1052
0
0
0
0
0
0
0
0
0
0
0
0
0
0
0
0
0
0
0
0
0
0
0
0
1809
2355
2107
1140
2275
1712
1822
2834
2647
2864
2851
2854
1039
240
1111
1004
368
1296
678
1242
1352
629
1372
1396
2833
2815
2864
2814
2810
2879
2823
2863
2807
2820
2837
2848
2817
2842
2810
2836
2815
2791
2835
2814
2833
2815
2813
2809
2821
2819
2848
2806
2843
2825
2818
2833
2810
2843
2873
2823
0
0
0
0
0
0
0
0
0
0
0
0
2815
2837
2886
2827
2857
2862
2851
2848
2829
2892
2846
2512
0
0
0
0
0
0
0
0
0
0
0
0
0
0
0
0
0
0
0
0
0
0
0
0
0
0
0
0
0
0
0
0
0
0
0
0
2861
1804
2847
2846
2786
2816
2833
2834
2891
2826
2810
2829
2815
2820
2830
2809
2843
2815
2823
2822
2816
2850
2816
2815
2862
2818
2813
2834
2827
2865
2815
2817
2822
2819
2864
2861
2813
2864
2816
2819
2829
2817
2865
2817
2825
2833
2816
2815
0
0
0
0
0
0
0
0
0
511
0
496
0
0
0
0
0
0
0
0
0
0
0
0
0
0
0
0
0
0
0
0
0
0
0
0
783
1722
1969
1555
1831
1039
1648
2196
1561
2353
151
1557
0
0
0
0
0
212
0
432
476
0
684
685
2830
2785
2843
2832
2803
2839
2823
2835
2814
2815
2838
2850
2928
2830
2815
2871
2928
2821
2814
2825
2834
2809
2814
2814
2820
2817
2832
2816
2858
2825
2817
2789
2816
2851
2821
2813
0
0
0
0
0
0
0
0
0
0
0
0
2810
2837
2823
2826
2846
2814
2829
2819
2811
2845
2813
2893
0
0
0
0
0
0
0
0
0
0
0
0
0
0
0
0
0
0
0
0
0
0
0
0
0
0
0
0
0
0
0
0
0
0
0
0
1082
885
1275
0
617
1648
914
1340
1173
935
2194
944
1691
1826
1510
1868
874
2019
1954
1731
2041
991
2213
2301
2846
2819
2822
2815
2816
2852
2811
2822
2817
2816
2863
2850
2758
2843
2817
2851
2826
2816
2848
2814
2821
2801
2817
2882
0
0
0
0
0
0
0
0
0
0
0
0
0
0
0
0
0
0
0
0
0
0
0
0
2802
2801
2829
2815
2864
2815
2815
2777
2817
2858
2825
2865
656
1504
1982
1265
1754
743
1175
1968
1439
2047
1317
1182
0
0
0
166
0
606
0
920
1138
609
1328
1090
0
0
0
0
0
0
0
0
0
0
0
0
2833
2279
2812
2901
2850
2878
2822
2853
2903
2859
2800
2844
2823
2818
2834
2819
2864
2815
2814
2834
2815
2845
2816
2807
2896
2779
2878
2831
2805
2866
2837
2847
2838
2819
2176
572
2815
2862
2816
2818
2831
2817
2851
2816
2817
2833
2813
2825
0
0
0
0
0
0
0
0
0
0
0
0
0
0
0
0
0
0
0
0
0
0
0
0
2832
2512
1207
554
0
0
0
0
0
0
0
0
561
1096
1193
319
1241
970
1279
1245
623
1568
1024
1240
435
313
0
269
0
540
651
0
911
0
1137
1294
2842
2817
2820
2815
2815
2961
2813
2879
2815
2815
2859
2852
2817
2848
2815
2812
2835
2800
2875
2816
2822
2831
2832
2818
0
0
0
0
0
0
0
0
0
0
0
0
0
0
0
0
0
0
0
0
0
0
0
0
2819
2838
2816
2810
2844
2813
2852
2818
2815
2841
2819
2829
0
839
928
722
1659
411
1535
1816
2032
2531
1409
2856
0
0
0
0
0
0
0
0
0
0
0
0
0
0
0
0
0
0
0
0
0
0
0
0
2822
2832
2814
2862
2761
2821
2832
2827
2841
2816
2814
2816
2301
2446
1923
2441
1463
2367
2598
2125
2704
1739
2800
2818
2855
2817
2815
2821
2811
2856
2798
2805
2835
2820
2861
2861
2815
2850
2833
2812
2789
2809
2851
2817
2819
2846
2821
2822
0
0
0
0
0
0
0
0
0
0
0
0
0
0
0
0
0
0
0
0
0
0
0
0
2815
2811
2832
2815
2857
2814
2817
2786
2816
2864
2819
2815
51
1107
1117
695
1232
48
1131
1250
755
1408
768
1083
0
0
0
0
0
292
0
683
1057
608
1484
1670
0
304
0
328
478
0
482
0
617
739
0
0
2811
2838
2815
2864
2815
2809
2834
2814
2848
2820
2819
2820
0
0
0
0
0
0
0
0
0
0
0
0
2858
2815
2815
2896
2803
2910
2809
2834
2825
2817
2891
2890
2800
2853
2815
2807
2837
2832
2816
2813
2871
2843
2812
2817
183
1130
537
1501
1579
759
1588
1204
1535
1450
727
1167
0
0
0
0
0
0
0
0
0
0
0
0
2833
2849
2862
2854
2877
2844
2806
2890
2817
1184
0
0
2845
2819
2817
2839
2810
2832
2799
2812
2853
2725
2841
2827
1845
1504
1302
1368
399
1089
757
946
1063
0
1359
1316
2839
2819
2833
2811
2813
2851
2809
2832
2814
2873
2838
2843
2815
2884
2825
2817
2823
2814
2848
2803
2832
2816
2807
2813
0
0
0
0
0
0
0
0
0
0
0
0
0
0
0
0
0
0
0
0
0
0
0
0
2823
2833
2820
2818
2847
2813
2831
2816
2812
2845
2829
2816
0
575
576
643
787
0
947
928
841
1171
304
316
0
0
0
0
0
0
0
0
0
0
0
0
985
1463
263
1528
1667
1007
1751
719
1891
1901
1477
1431
2815
2819
2815
2856
2815
2827
2825
2815
2858
2794
2800
2814
0
0
0
0
0
0
0
0
0
0
0
0
2864
2827
2816
2908
2779
2860
2817
2823
2838
2803
2878
2852
2816
2855
2815
2821
2826
2820
2869
2814
2819
2827
2786
2818
0
0
0
0
0
0
0
0
0
0
0
0
0
0
0
0
0
0
0
0
0
0
0
0
2813
2821
2836
2817
2845
2816
2813
2842
2810
2844
2817
2797
2442
1533
2815
2404
2819
2837
2809
2815
2849
2811
2826
2816
384
136
251
511
0
891
962
723
1355
303
1585
1740
0
0
0
0
0
0
0
0
0
0
0
0
0
0
271
1157
2702
2813
1663
2814
2827
2815
2764
2815
0
0
0
0
0
0
0
0
0
0
0
0
2845
2787
2829
2853
2790
2841
2814
2811
2834
2807
2847
2742
2810
2817
2835
2812
2861
2821
2806
2832
2816
2862
2803
2817
383
1443
1680
1361
1968
817
2303
2337
1923
2450
1411
1291
0
0
0
0
0
0
0
0
0
0
0
0
2815
2826
2832
2811
2815
2858
2804
2882
2845
2865
2823
2851
2644
2453
2700
1471
2587
2829
2271
2805
2418
2818
2829
2822
2845
2817
2865
2822
2876
2826
2494
1519
1728
0
0
0
2862
2827
2816
2833
2815
2861
2815
2813
2832
2815
2862
2864
2805
2849
2812
2820
2832
2814
2854
2819
2814
2826
2817
2814
0
0
0
0
0
0
0
0
0
0
0
0
2818
2047
2016
0
0
0
0
0
0
0
0
0
2815
2823
2831
2815
2859
2814
2815
2832
2814
2832
2814
2813
0
0
494
0
624
576
1428
1664
1059
2227
1920
1707
0
0
0
0
0
0
0
0
0
0
0
0
0
667
272
582
688
0
703
395
502
815
0
0
0
0
0
0
0
0
0
0
0
0
0
0
0
0
0
0
0
0
0
0
0
0
0
0
2838
2817
2815
2837
2815
2844
2807
2816
2838
2810
2850
2838
2821
2851
2816
2815
2832
2821
2835
2815
2798
2843
2813
2805
0
0
0
0
0
0
0
0
0
0
0
0
0
0
0
0
0
0
0
0
0
0
0
0
2819
2819
2857
2810
2643
1598
1627
251
1105
1118
511
400
2823
2817
2815
2838
2816
2843
2512
1781
0
0
0
0
2815
2821
2815
2815
2844
2816
2826
2823
2816
2846
2751
2817
2850
2819
2829
2833
2815
2850
2816
2822
2824
2803
2853
2858
2813
2848
2816
2814
2821
2816
2850
2815
2815
2825
2815
2815
0
0
0
0
0
0
0
0
0
0
0
0
2842
2816
2809
2844
2818
2830
2823
2811
2845
2805
2827
2835
2815
2820
2832
2814
2853
2806
2818
2834
2813
2857
2815
2814
0
0
0
0
0
0
0
507
511
1649
1015
1581
0
0
0
0
0
0
0
0
0
0
0
0
2803
2814
2859
2815
2815
2832
2817
2855
2816
2818
2855
2768
0
0
0
0
0
0
0
0
0
0
0
0
2088
2086
1606
2333
1632
2828
2367
2158
583
155
0
0
2843
2819
2816
2832
2818
2857
2807
2814
2839
2816
2848
2853
2815
2862
2815
2813
2832
2802
2866
2819
2811
2843
2819
2813
0
0
0
0
0
0
0
0
0
128
0
0
2811
1195
967
618
0
0
0
0
0
0
0
0
2821
2815
2845
2827
2822
2817
2818
2854
2816
2871
2819
2827
2827
2775
2815
2848
2816
2832
2817
2813
2851
2821
2820
2831
2816
2834
2815
2815
2864
2816
2832
2818
2816
2845
2815
2813
2839
2815
2823
2829
2815
2845
2812
2828
2821
2815
2851
2844
0
0
0
0
0
0
0
0
0
0
0
0
0
0
0
0
0
0
0
0
0
0
0
0
2817
2830
2817
2855
2821
2827
2819
2816
2847
2816
2819
2826
0
1777
2704
2806
1791
2817
2800
2551
1009
2861
2815
2817
0
0
0
0
0
0
0
0
0
0
0
0
0
0
0
0
0
0
0
0
0
0
0
0
2831
2816
2850
2815
2806
2829
2816
2859
2818
2817
2832
2827
0
0
0
0
0
0
0
0
0
0
0
0
2782
2813
2834
2811
2847
2814
2815
2838
2830
2835
2812
2814
2842
2825
2816
2839
2813
2842
2811
2815
2843
2817
2845
2835
0
0
0
0
0
0
0
0
0
0
0
1204
0
0
0
0
0
0
0
0
0
0
0
0
2817
2832
2818
2860
2815
2818
2842
2827
2859
2832
2816
2815
2805
2815
2837
2808
2833
2817
2815
2841
2818
2832
2815
2829
0
0
0
0
0
0
0
0
0
0
0
0
2816
2831
2826
2817
2844
2815
2825
2800
2814
2853
2814
2816
2839
2819
2832
2815
2815
2862
2818
2836
2819
2818
2855
2841
0
0
0
0
0
0
0
0
0
0
0
0
2825
2818
2855
2815
2827
2827
2813
2853
2816
2819
2822
2808
2831
2820
2827
2849
2816
2820
2818
2814
2848
2819
2818
2822
0
0
0
0
0
1839
1740
1423
2807
2861
2814
2822
0
0
0
0
0
0
0
0
0
0
0
0
2818
2862
2814
2809
2856
2799
2896
2850
2848
1999
2475
605
2835
2832
2855
2816
2817
2835
2812
2846
2819
2818
2832
2845
1683
0
0
0
0
0
0
0
0
0
0
0
2817
2821
2832
2813
2858
2823
2814
2831
2810
2862
2815
2815
2862
2810
2814
2832
2814
2869
2814
2814
2837
2821
2855
2851
1951
1189
1621
2082
1408
2193
1632
2592
2499
1683
2543
2507
112
0
0
0
0
0
0
0
0
0
0
0
2802
2845
2815
2827
2819
2814
2847
2817
2826
2818
2810
2858
2559
2705
2838
2814
2821
2822
2818
2846
2814
2827
2765
2826
0
0
0
0
0
0
0
0
0
0
0
0
2815
2830
2823
2815
2843
2820
2831
2791
2817
2839
2805
2814
2847
2819
2822
2826
2815
2853
2771
2806
2830
2815
2856
2857
1906
445
886
462
0
0
0
0
0
0
0
0
2825
2813
2859
2814
2817
2844
2800
2860
2818
2813
2830
2833
2826
2825
2814
2849
2818
2815
2822
2815
2846
2815
2814
2814
1566
1620
1423
1500
332
1603
1488
1238
0
40
585
0
0
0
0
0
0
0
0
0
0
0
0
0
2816
2850
2811
2827
2821
2814
2857
2788
2814
2827
2815
2819
2829
2816
2859
2815
2816
2827
2827
2864
2820
2817
2837
2827
0
0
0
0
0
0
0
0
0
0
0
0
2820
2815
2823
2789
2847
2815
2826
2819
2818
2854
2818
2812
2853
2817
2864
2817
2794
2863
2816
2814
2815
2817
2864
2859
0
0
0
0
0
767
424
479
1423
813
1740
1839
2845
2811
2838
2813
2811
2841
2818
2837
2815
2813
2849
2844
2811
2833
2817
2851
2807
2819
2832
2816
2845
2807
2814
2814
268
928
0
1131
1156
906
1495
432
1745
1935
0
2818
0
0
0
0
0
0
0
0
0
0
0
0
2816
2854
2815
2806
2836
2843
2831
2791
2818
2841
2763
2815
2842
2816
2848
2815
2806
2841
2819
2837
2816
2816
2843
2842
2811
2841
2815
2838
2815
2806
2901
2855
2875
2785
2816
2808
2821
2819
2842
2816
2845
2817
2821
2841
2859
2836
2821
2818
2833
2815
2822
2850
2810
2842
2818
2814
2842
2821
2840
2832
0
0
0
0
0
0
0
0
0
0
0
0
2853
2832
2805
1664
0
0
0
0
0
0
0
0
2816
2850
2818
2707
2779
2811
2854
2818
2814
2826
2815
2638
848
2811
2848
2819
2288
87
496
0
0
1119
1620
678
0
0
0
0
0
0
0
0
0
0
0
0
2819
2815
2835
2807
2857
2819
2803
2838
2819
2854
2819
2815
2861
2810
2811
2827
2805
2854
2815
2815
2831
2813
2796
2861
0
0
0
0
0
0
0
0
0
0
0
0
2835
2815
2853
2817
2813
2837
2821
2850
2817
2822
2846
2838
2815
2837
2815
2834
2810
2812
2832
2814
2844
2754
2819
2813
0
0
0
0
0
0
0
0
0
0
0
0
0
0
0
0
0
0
0
0
0
0
0
0
2817
2838
2814
2818
2845
2814
2848
2815
2811
2857
2817
2817
0
1711
2843
2810
2816
2832
2831
2845
2832
2816
2850
2846
2817
2834
2817
2847
2817
2811
2838
2821
2801
2778
2822
2810
2822
2796
2841
2852
2777
2817
2820
2849
2815
2819
2825
2828
2833
2813
2810
2834
2815
2841
2811
2811
2853
2825
2833
2845
0
0
0
0
0
0
0
0
0
0
0
0
380
1591
1798
1378
1904
843
1970
2197
1866
2416
1265
1351
2816
2857
2816
2816
2825
2817
2831
2793
2811
2829
2829
2815
0
0
0
0
0
0
0
0
0
0
0
0
0
0
0
0
0
0
0
0
0
0
0
0
2813
2823
2832
2816
2859
2806
2817
2736
2807
2848
2840
2815
2864
2816
2818
2819
2821
2862
2811
2821
2839
2845
2854
2851
2818
2861
2817
2811
2831
2803
2876
2807
2826
2817
2818
2811
2835
2826
2850
2817
2794
2066
2896
2848
2657
2822
1987
1889
2771
2843
2816
2851
2813
2814
2837
2815
2845
2816
2817
2817
0
0
0
0
0
0
0
0
0
0
0
0
449
1329
1398
694
1501
0
0
0
0
0
0
0
2320
1888
2039
2139
1151
2019
1616
1930
2085
1329
2057
2205
2830
2800
2833
597
0
0
0
0
0
112
0
872
2813
2833
2815
2855
2815
2818
2835
2828
2849
2818
2821
2812
2814
2774
2845
2837
2785
2813
2812
2841
2816
2833
2817
2819
2847
2821
2815
2863
2819
2854
2815
2823
2849
2819
2839
2845
0
0
0
0
0
0
0
0
0
0
0
0
2802
2817
2845
2771
2810
2859
2815
2843
2821
2813
2595
1055
2815
2846
2815
2846
2818
2742
2849
2817
2832
2810
2843
2813
0
0
0
0
0
0
0
0
0
0
0
0
0
0
0
0
0
0
0
0
0
0
0
0
2815
2823
2822
2801
2867
2826
2865
2827
2864
2850
2811
2813
0
0
0
0
0
608
2544
2918
2845
2817
2867
2851
2825
2811
2816
2830
2826
2814
2839
2821
2819
2823
2809
2822
1308
1798
575
1776
2048
1839
2446
2752
2820
2815
2827
2831
2819
2833
2815
2855
2815
2814
2830
2813
2857
2903
2818
2833
0
0
0
0
0
0
0
0
0
0
0
0
0
0
339
0
496
0
880
931
543
1424
511
816
24
0
0
111
0
240
0
555
593
0
816
1141
2829
2811
2864
2812
2816
2829
2817
2864
2816
2783
2838
2828
2815
2639
2806
2868
2795
2815
2221
2813
2864
2819
2823
2815
2814
2813
2832
2810
2847
2820
2815
2839
2815
2844
2821
2819
2858
2810
2819
2802
2821
2845
2815
2801
2850
2813
2834
2832
2819
2846
2768
2818
1950
2757
2228
2699
2681
1874
2701
2490
2241
2816
1830
2371
2360
1338
1876
1312
1776
1724
931
767
2827
2831
2801
2864
2816
2819
2841
2815
2843
2812
2803
2815
0
0
0
0
0
0
0
0
0
0
0
0
0
0
0
0
0
0
0
0
0
727
285
0
2815
2850
2913
2818
2834
2823
2843
2813
2815
2847
2816
2873
0
0
0
0
0
0
0
0
0
0
0
0
2830
2845
2809
2818
2829
2793
2856
2815
2810
2811
2814
2833
2814
2819
2843
2829
2835
2818
2810
2841
2816
2837
2783
2819
2776
2806
2816
2846
2811
2827
2832
2818
2852
2195
1298
740
0
0
0
2434
2837
2807
2835
2829
2815
2872
2810
471
2822
2817
2823
2825
2803
2848
2815
2814
2829
2784
2848
1168
1494
665
2645
2817
2827
2817
2851
2817
2811
2831
2814
2817
591
2819
2851
2814
2832
2821
2815
2848
2814
2827
2821
2815
0
0
773
247
1939
2401
2003
2553
775
1351
665
197
2822
2785
2822
2827
2862
2816
2816
2822
2811
2859
2821
2802
2556
2814
2822
2651
2817
2864
2825
2873
2830
2813
2856
2848
1341
391
1961
2511
2647
2817
2862
2823
2821
2829
2818
2815
2830
2798
2865
2815
2818
2830
2817
2848
2703
2188
1023
0
2814
2845
2819
2841
2815
2814
2846
2816
2837
2829
2800
2827
0
0
0
0
0
0
0
0
0
0
0
0
0
0
0
0
0
0
0
0
0
0
0
98
2833
2881
2810
2815
2841
2816
2863
2815
2822
2835
2810
2812
0
0
0
0
0
0
0
0
0
0
0
0
1583
927
1681
1234
1648
1595
747
1459
930
1207
1071
1225
2815
2815
2836
2815
2848
2817
2814
2835
2832
2841
2818
2816
2846
2819
2820
2839
2825
2851
2815
2813
2834
2805
2806
2849
1496
1072
1326
1844
879
1937
1584
1805
1594
528
1282
1329
2523
2818
2839
2480
2735
1631
2470
2288
1831
2087
1039
1041
2816
2842
2821
2832
2823
2813
2843
2768
2843
2817
2823
2816
0
0
0
0
0
0
331
0
546
428
0
0
0
0
0
0
0
0
0
0
0
0
0
0
2816
2827
2395
2543
1291
2150
2218
1867
2352
1309
2544
2391
27
991
1191
727
1639
587
1410
1059
0
968
107
1453
2815
2854
2816
2818
2391
2757
2736
2779
2817
2805
2816
2817
2830
2815
2855
2817
2818
2821
2815
2853
2811
2814
2854
2831
2817
2826
2810
2847
2781
2774
2809
2815
2848
2809
2807
2817
0
0
0
0
438
278
49
0
656
0
0
0
130
796
604
0
0
0
0
0
0
0
0
0
2815
2879
2849
2805
2857
2800
2853
2832
2837
2815
2831
2851
0
0
0
0
0
0
0
0
0
0
0
0
0
0
0
0
0
0
0
0
0
0
0
0
2814
2815
2832
2815
2864
2818
2818
2838
2817
2861
2819
2815
976
0
36
496
2843
3056
2780
2819
2842
2820
2835
2834
2864
2861
2814
2817
2835
2810
2859
2821
2815
2821
2817
2818
2850
2817
2832
2817
2815
2843
2816
2831
2821
2813
2877
2851
2819
2843
2810
2842
2828
2827
2852
2824
2848
2815
2813
2827
0
0
0
0
0
0
0
0
576
112
0
0
0
0
0
0
0
0
0
0
0
0
0
0
2298
1562
1171
912
0
0
0
0
0
0
0
0
0
0
0
0
0
0
0
0
0
0
0
0
1257
39
1088
912
255
619
0
360
391
0
0
12
2831
2818
2854
2818
2815
2833
2813
2855
2810
2815
2832
2826
2816
2841
2879
2839
2790
2784
2834
2817
2733
2839
2817
2899
2319
2536
2351
2815
2853
2815
2821
2832
2816
2855
2815
2814
0
615
760
471
1138
112
1391
1606
1232
1898
837
1215
2814
2864
2815
2815
2837
2815
2863
2817
2816
2839
2816
2817
0
0
0
0
0
0
0
0
0
0
0
0
0
0
0
0
0
0
0
0
0
0
0
0
2811
2837
2857
2826
2843
2823
2815
2839
2833
2857
2816
2827
0
0
315
0
0
196
0
612
0
546
336
546
2682
2112
2634
2747
1897
2821
2837
2818
2819
2362
2814
2823
2833
2805
2850
2821
2823
2835
2815
2852
2815
2817
2883
2837
2829
2836
2818
2852
2816
2815
2839
2823
2845
2818
2807
2811
650
736
0
414
35
0
257
0
235
0
0
0
0
0
0
0
0
0
0
0
0
0
0
0
2815
2817
2819
2831
2863
2820
2810
2832
2832
2882
2803
2841
0
0
0
0
0
0
0
0
0
0
0
0
287
0
173
216
0
0
0
0
0
0
0
0
2820
2814
2849
2807
2821
2829
2832
2855
2891
2815
2832
2829
2416
2847
2839
1720
151
2767
1727
1989
1032
2839
2834
1457
2822
2813
2827
2843
2851
2816
2818
2830
2815
2860
2818
2820
2853
2817
2815
2826
2813
2854
2805
2819
2824
2818
2851
2864
2819
2864
2814
2815
2832
2816
2861
2836
2821
2833
2816
2816
0
0
0
0
0
0
1300
945
2804
2818
2831
2829
2815
2829
2819
2918
2811
2814
2828
2810
2862
2813
2811
2814
2800
2811
2833
2815
2848
2815
2814
2834
2814
2847
2823
2815
2837
2810
2816
2836
2815
2845
2816
2813
2838
2816
2856
2849
2815
2848
2669
2513
1279
1277
90
0
0
0
0
0
2832
2815
2864
2814
2815
2832
2817
2864
2810
2815
2837
2833
1472
0
2795
2849
2818
2075
2842
2811
2837
2879
2826
2818
2813
2812
2835
2818
2861
2815
2815
2828
2814
2864
2821
2797
2848
2384
2189
837
1171
677
0
16
0
0
0
0
2815
2835
2818
2783
2845
2814
2841
2822
2817
2850
2819
2331
0
0
0
0
0
0
0
0
0
0
0
0
2813
2843
2816
2836
2293
2032
775
1376
832
0
107
0
0
0
0
0
0
0
130
0
0
352
0
0
2846
2832
2832
2850
2818
2834
2827
2820
2849
2820
2829
2833
575
730
656
980
209
1456
1648
1465
1843
919
2112
2330
2839
2816
2832
2821
2842
2848
2820
2826
2818
2813
2846
2855
2810
2845
2843
2817
2843
2816
2771
2813
2814
2817
2816
2819
2832
2815
2864
2724
2409
1455
1855
421
1243
837
0
0
2120
1819
2239
1344
2613
2674
2374
2815
2627
2816
2819
2815
561
632
331
822
0
889
1159
738
1361
347
1600
1837
0
0
0
0
0
0
0
0
0
0
0
0
2817
2869
2823
2810
2399
2814
2864
2559
2479
1584
2011
1703
2830
2818
2857
2818
2817
2831
2815
2861
2819
2819
2826
2829
1716
1324
2201
1584
2628
2617
1971
2813
2850
2819
2817
2812
2822
2817
2545
2813
2864
2803
2817
2841
2813
2853
2818
2822
2863
2817
2812
2833
2818
2860
2823
2816
2832
2818
2862
2864
2818
2862
2818
2829
2839
2815
2880
2825
2815
2845
2822
2821
0
0
0
0
0
0
0
0
0
0
0
0
1257
679
1456
809
1712
1808
1127
1983
1765
2301
2341
2384
2818
2811
2838
2816
2861
2817
2825
2846
2815
2847
2817
2823
544
833
920
345
1457
1040
1395
1841
979
1909
1781
2064
599
560
0
538
0
469
416
0
478
0
368
358
2866
2817
2822
2736
2818
2850
2820
2815
2559
2815
2849
2304
433
0
0
951
455
993
0
2725
2845
2816
2801
2804
2543
2816
2581
2817
2819
2347
2817
1725
2662
2807
2239
2163
1262
943
1152
0
1008
1122
720
1035
0
896
868
884
2827
2841
2817
2817
2848
2890
2822
2817
2819
2849
2819
2817
0
0
0
0
0
0
0
0
0
0
0
0
0
0
0
0
0
0
0
0
0
0
0
0
2819
2818
2853
2821
2823
2832
2817
2850
2817
2824
2827
2830
0
0
0
0
0
0
0
0
0
0
0
0
152
230
0
176
0
291
276
0
368
0
432
351
2850
2820
2805
2826
2823
2851
2815
2820
2831
2816
2850
2867
0
0
0
0
10
913
38
832
2655
1782
2335
2359
0
0
0
0
0
0
0
0
0
0
0
0
2481
1615
2223
1664
2131
2080
1173
1920
1248
1694
1629
1444
2818
2817
2832
2821
2862
2818
2815
2825
2817
2862
2815
2817
0
0
480
0
372
0
753
1042
415
971
64
458
891
0
641
723
0
677
208
817
765
253
1109
1166
2412
2819
2856
2767
2822
2234
2819
2019
2777
2763
2107
2043
1756
791
1814
1082
1643
1779
767
1670
1184
2354
2505
2847
2819
2817
2832
2823
2851
2815
2817
2842
2822
2843
2825
2819
2839
2775
2821
1919
2623
2806
2465
2693
1535
2532
2628
2624
2817
2858
2819
2819
2841
2815
2845
2818
2818
2841
2819
2821
0
0
0
0
0
0
0
0
0
0
0
0
340
0
115
0
0
0
0
0
0
0
0
0
2854
2837
2865
2845
2843
2806
2841
2846
2831
2829
2850
2825
0
0
0
0
0
0
0
0
0
0
0
0
0
0
0
0
0
0
0
0
0
0
0
0
2853
2818
2823
2832
2813
2873
2806
2819
2837
2819
2855
2838
0
0
0
0
0
0
0
0
0
0
0
275
0
0
0
0
116
0
0
0
0
107
0
0
2819
2826
2815
2861
2817
2816
2833
2820
2860
2817
2817
2816
2764
2829
2837
2816
2851
2825
2819
2703
2817
2875
2811
2832
0
0
158
0
155
0
0
295
0
261
0
111
1117
588
753
694
0
487
256
0
531
0
425
240
2832
2818
2862
2823
2819
2834
2813
2864
2823
2822
2830
2832
1797
967
1715
777
1930
1942
1063
1896
1491
2275
2085
2063
2099
2251
1360
2310
2220
2275
2500
1715
2799
2838
2653
2697
2852
2823
2815
2157
2815
2848
2823
2811
2203
2754
2312
2736
1205
146
371
1168
446
1168
704
1727
1756
1073
1765
2096
0
0
0
0
0
0
0
0
0
0
0
0
2477
1447
2146
1928
2026
2075
1183
2035
1840
1689
1727
1563
2809
2816
2843
2819
2849
2819
2813
2842
2818
2842
2818
2818
0
0
0
0
0
0
0
0
0
0
0
0
0
0
0
0
0
0
0
0
0
0
0
0
2852
2818
2762
2741
2818
2640
2817
2829
2522
2821
2439
2848
0
0
0
0
0
0
0
0
0
0
0
0
0
403
0
577
634
0
647
0
715
816
0
0
2825
2260
2736
1575
2751
2817
2247
2663
1559
2449
2501
2848
2631
2413
1951
2501
720
2818
2815
2816
2882
2940
2816
2818
0
0
184
0
95
0
266
265
0
690
0
0
1023
0
895
983
459
887
0
580
494
0
321
254
2825
2817
2853
2815
2845
2807
2838
2896
2801
2819
2823
2823
2755
2831
2817
2861
2816
2820
2806
2816
2846
2812
2816
2814
2815
2816
2835
2817
2853
2821
2818
2838
2814
2850
2826
2823
2857
2819
2815
1425
883
0
0
0
0
0
0
0
0
0
0
0
0
0
0
0
0
0
0
0
0
0
0
1119
2302
2427
2811
2851
2815
2815
2838
2852
2817
2835
2819
2857
2822
2822
2832
2815
2850
2810
2817
2814
2814
2752
2853
2830
2838
2811
2815
2829
2822
2842
2811
2814
1248
803
416
0
0
0
0
0
0
0
0
0
0
0
0
0
0
0
0
0
0
0
0
0
0
0
0
0
0
0
0
64
0
125
0
0
0
0
0
0
0
0
0
0
0
0
0
0
0
0
0
0
0
0
0
0
0
0
0
0
0
0
0
0
0
0
0
0
0
0
96
596
0
0
0
0
0
0
0
0
0
0
0
0
0
0
0
0
0
0
0
0
0
0
0
0
1033
187
902
925
0
847
315
880
1014
305
1297
1370
1520
2161
1849
2102
2538
1680
2112
1565
2287
2419
1599
1956
0
0
0
0
0
0
0
0
0
0
0
0
1407
1237
78
733
144
0
129
0
0
0
0
0
2862
2816
2817
2838
2821
2857
2818
2821
2836
2758
2854
2877
2819
2855
2815
2817
2792
2803
2852
2815
2815
2834
2811
2813
0
391
87
506
730
0
840
468
913
1035
259
403
2816
2187
2814
2848
2683
2734
1867
2559
2116
2595
2769
2676
2071
2855
2417
207
2846
2814
2813
2848
2826
3042
2819
2816
1676
2037
2109
1179
1890
1488
1610
1889
1051
1802
1356
1392
2816
2855
2781
2858
2243
2816
2846
2821
2902
2223
2815
2819
2835
2829
2843
2816
2842
2833
2802
2851
2815
2815
2839
2845
582
0
1317
1668
1751
2453
2099
2817
2820
2809
2811
2817
0
462
0
1411
2114
2005
2818
2845
2821
2831
2822
2829
2833
2827
2817
2847
2816
2832
2825
2815
2848
2816
2823
2820
0
0
0
0
0
0
0
0
543
0
980
2439
0
0
0
0
0
0
0
0
0
0
0
0
1198
17
874
903
60
819
0
601
399
0
219
192
0
503
17
0
2335
1715
2548
2085
2832
2816
2834
2832
0
0
0
0
0
0
0
0
0
0
0
0
2800
2813
1919
1755
516
0
0
0
0
0
0
0
2848
2821
2821
2834
2811
2864
2811
2820
2838
2814
2857
2848
0
0
0
0
0
0
0
969
2697
2675
2817
2815
80
929
822
481
721
0
303
51
0
0
0
0
2821
2846
2820
2832
2818
2806
2853
2822
2827
2705
2672
2305
2813
2810
2846
2817
2841
2815
2815
2846
2822
2849
2816
2782
0
0
0
0
0
0
0
0
0
0
0
0
0
0
0
0
0
0
0
0
0
0
0
688
2854
2829
2825
2823
2810
2959
2815
2820
2821
2815
2851
2855
0
0
0
0
0
0
0
0
0
0
0
0
2820
2864
2849
2815
2816
2797
2798
2559
2812
2800
1965
1742
2826
2822
2815
2849
2814
2825
2823
2816
2854
2817
2814
2817
0
0
0
0
0
0
0
0
0
0
0
0
2866
2815
2807
2880
2818
1671
1971
1804
703
640
0
0
1521
255
1557
1801
2182
2816
2854
2816
2819
2827
2821
2817
0
0
0
0
2223
1783
2303
689
2799
2821
2761
2715
2815
2825
2816
2584
2222
1852
1316
1730
592
1618
1498
1402
0
0
0
0
0
0
0
0
0
0
0
0
2848
2890
2733
2857
2821
2860
2820
2815
2846
2806
2851
2834
0
0
0
0
35
0
0
0
0
0
0
0
577
1178
450
491
296
0
0
0
0
0
0
0
474
0
196
0
0
395
0
646
529
906
1469
1776
2816
2815
2357
2737
2776
2645
2447
1406
2160
1444
2135
1752
0
0
0
0
0
0
0
0
0
0
0
0
2826
2884
2847
2810
2825
2831
2848
2817
2817
2847
2814
2817
464
1712
1196
1298
1133
0
2320
1898
1878
351
2180
2107
0
0
0
0
0
0
0
0
0
0
178
319
2878
2815
2845
2815
2858
2842
2832
2833
2821
2827
2817
2821
2837
2822
2823
2828
2816
2833
2791
2816
1843
2737
2448
2336
0
0
0
0
0
0
0
0
0
0
0
0
0
0
0
0
868
0
0
0
0
0
0
0
2896
2855
2833
2822
2831
2836
2850
2815
2743
2880
2771
2925
0
50
0
0
0
0
0
0
0
92
0
0
942
323
1007
125
773
967
113
876
75
800
781
688
2821
2817
2399
2820
2388
2718
2686
1741
2583
1991
2428
2256
1991
2496
2817
2833
2896
2862
2818
2813
2845
2816
2943
2860
401
0
0
382
0
297
0
0
379
0
409
303
1847
2174
1214
1882
1607
926
1582
1010
1395
1463
631
543
2832
2830
2811
2829
2817
2817
2829
2821
2871
2819
2819
2782
860
1070
383
971
46
1433
1424
965
1634
775
1983
1809
0
0
443
0
469
215
0
400
0
475
128
369
2662
1728
2535
2384
1842
2520
1792
2431
2391
1867
2299
2294
878
1520
875
816
1893
935
1581
825
1370
2818
2159
2031
843
183
912
12
544
779
0
692
283
687
823
677
1443
1679
680
1398
1264
1344
1429
545
1406
1160
1104
1155
2850
2821
2822
2842
2817
2846
2816
2813
2842
2823
2846
2828
694
203
0
460
0
430
304
0
430
0
368
451
0
818
400
985
1255
979
2010
1868
2110
2257
1639
2373
1989
1328
2102
1706
1786
1923
1046
2256
2088
2128
2335
2193
2821
2818
2833
2818
2847
2817
2818
2842
2821
2848
2822
2818
1584
1600
1999
911
1695
1292
401
7
0
0
0
0
2817
2839
2817
2817
2852
2813
2852
2817
2811
2849
2833
2805
0
0
0
0
0
0
0
0
0
0
0
0
2818
2854
2815
2821
2559
1947
879
0
0
0
0
0
2828
2817
2692
1840
1259
0
0
0
0
0
0
0
2815
2832
2862
2837
2814
2819
2829
2814
2846
2813
2825
2815
1841
2032
1682
2250
1589
2608
2612
2242
2814
1679
2341
2623
0
0
0
0
0
0
0
0
0
898
215
420
2817
2864
2819
2815
2777
2816
2861
2846
2769
2778
2800
2820
2847
2805
2864
2817
2826
2559
2820
2846
2192
2812
1843
1535
0
0
0
0
0
0
0
0
0
0
0
0
1851
1946
1247
1887
960
1697
1818
1318
2009
1209
2114
2093
2844
2528
2814
2431
1103
2851
2817
2823
2800
2821
2843
2846
947
560
902
1003
163
915
548
918
982
283
1102
1072
1991
2448
1782
2280
2487
1387
2093
1904
1739
1986
923
766
2818
2832
2817
2862
2816
2816
2832
2819
2854
2815
2821
2815
0
186
0
0
0
0
0
0
0
0
0
0
0
0
0
0
0
0
0
117
0
320
0
0
2816
2862
2834
2821
2839
2819
2837
2825
2816
2860
2821
2806
0
0
0
0
0
0
0
0
0
0
0
608
1265
702
1312
826
1168
1317
466
1379
1224
1153
1316
1418
2815
2816
2229
2819
2838
2539
2700
1531
2519
2608
2231
2087
1459
2787
2819
2974
2821
2847
2817
2820
2832
2815
2861
2831
589
316
0
385
0
336
413
0
448
0
255
467
0
978
1004
0
611
0
471
482
0
241
0
0
2814
2862
2817
2817
2828
2819
2862
2823
2823
2833
2819
2817
903
1743
459
1533
1504
1727
2129
943
1812
2328
1951
695
466
0
816
0
643
640
0
785
0
880
912
940
2816
2818
2826
2815
2855
2826
2907
2832
2816
2863
2771
2816
2551
2810
2756
2832
2747
2849
2816
2819
2832
2579
2862
2862
1813
979
1770
1750
1307
1922
1344
2124
2127
1231
1635
1451
1167
1791
1156
1777
1850
1195
1858
1120
1610
1648
879
765
2814
2846
2819
2862
2826
2816
2832
2815
2862
2814
2816
2821
0
0
0
0
0
0
0
0
0
0
0
0
0
0
0
0
0
0
0
0
0
0
0
0
2816
2845
2826
2817
2847
2817
2845
2823
2823
2847
2822
2825
1237
1781
528
1168
815
0
238
0
0
0
0
0
2818
2834
2814
2864
2813
2814
2839
2821
2862
2818
2817
2819
1041
1494
779
1339
482
912
1517
2215
2822
2854
2816
2819
0
0
0
0
0
0
0
0
0
1169
1572
1432
259
372
0
731
0
1010
1268
703
780
0
0
0
2867
2814
2816
2825
2816
2871
2501
1568
0
0
0
0
2889
2845
2815
2827
2821
2811
2832
2815
2858
2821
2818
2818
0
0
0
0
0
0
0
0
0
2132
2828
2832
0
0
0
0
0
0
0
0
0
0
0
0
2839
2843
1938
1806
346
1294
1568
1700
2535
2352
2821
2819
1329
2181
2280
1973
2773
2896
2818
2822
2833
2815
2858
2864
0
0
0
1642
2634
2816
2863
2816
2819
2831
2816
2821
1701
2116
576
1650
1296
131
459
0
0
135
0
0
2814
2833
2815
2863
2822
2817
2832
2822
2867
2817
2832
2821
2869
2817
2831
2818
2624
2391
2162
1311
1742
399
1396
1163
836
2174
2775
2435
2829
2869
2819
2820
2832
2817
2849
2851
2817
2858
2815
2822
2666
2814
2858
2819
2809
2353
2816
2736
0
0
0
0
0
0
0
0
0
0
0
0
2815
2829
2811
2859
2817
2821
2829
2819
2861
2817
2822
2818
1629
1485
886
1415
205
1297
1352
1060
1423
383
1570
2059
0
0
0
0
0
0
0
0
0
0
0
0
2822
2863
2818
2818
2032
2318
1392
1699
1403
388
965
401
0
28
0
0
0
0
0
0
0
0
0
0
2767
2844
2818
2838
2832
2815
2841
2823
2835
2819
2817
2817
771
199
0
0
0
0
0
0
0
160
2302
2822
0
0
0
0
0
0
0
0
0
0
0
0
2128
1363
1978
2416
1999
2826
2850
2818
2815
2841
2822
2817
0
2295
2862
2829
2821
2832
2819
2863
2822
2822
2843
1695
0
0
0
1172
2654
2833
2848
2818
2826
2810
2815
1041
0
0
0
1997
2851
2823
2809
2845
2823
2853
2826
2816
0
0
0
0
0
0
0
0
369
2369
2811
2797
2820
2843
2821
2812
2835
2816
2845
2819
2820
2480
2432
1334
0
1255
1188
1746
2064
1136
1871
1526
1621
1214
0
0
2816
2837
2815
2849
2823
2751
2853
2833
2852
2818
2813
2823
0
0
0
0
0
0
0
0
0
0
0
0
2832
2822
2816
2839
2817
2845
2808
2817
2843
2815
2837
2830
2814
2841
2811
2814
2839
2815
2832
2816
2826
2841
2815
2823
2871
2818
2817
656
0
0
0
0
0
1884
1569
0
2809
2845
2818
2832
2800
2819
1727
2288
1936
1137
1267
1508
2822
2815
2843
2817
2831
2817
2819
2848
2821
2827
2826
1787
2833
2829
2819
2852
2815
2819
2827
2811
2849
2814
2819
2822
0
0
0
0
0
0
0
0
0
0
0
0
2849
2817
2112
1765
2818
2832
2819
2818
2832
2819
0
0
2818
2857
2818
2827
2822
2819
2850
2829
2832
2820
2826
2818
0
272
0
273
386
0
507
0
0
0
0
0
0
0
0
0
0
206
0
0
0
0
0
112
2816
2827
2810
2814
2850
2817
2814
2821
2821
2853
2815
2815
2859
2810
2814
2850
2803
2861
2827
2822
2506
2815
2840
2855
1203
203
1054
972
423
1013
0
874
1011
418
930
688
2832
2814
2852
2816
2815
2848
2815
2854
2819
2817
2838
2837
2067
2822
2813
2858
2816
2823
2834
2817
2866
2769
2816
2832
0
0
0
0
0
0
0
0
0
0
0
0
1632
1535
1651
531
1519
1266
1147
1284
282
1087
986
1120
2810
2864
2812
2818
2833
2818
2862
2811
2815
2833
2818
2807
858
1565
464
1421
1275
724
1267
327
1272
1188
605
643
0
0
0
0
0
0
0
0
0
0
45
13
2321
2423
1712
2391
1996
2403
2373
1744
2426
1744
2368
2324
0
0
0
0
0
0
0
0
0
0
0
0
351
0
0
363
0
1205
336
1443
331
0
894
0
2839
2843
2860
2822
2811
2257
2818
2853
2737
2818
1841
1747
2896
2883
2819
2880
2837
2847
2862
2853
2832
2849
2840
2814
0
0
0
0
0
0
0
0
0
0
0
0
2852
2815
2818
2650
2821
2854
2612
2394
1575
2283
1728
1484
2816
2839
2819
2815
2848
2825
2837
2811
2815
2839
2816
2818
2838
2829
2887
2818
2816
1823
2838
1504
1879
2031
1164
1152
1924
1071
2167
1520
1950
2077
1363
1955
1892
2091
2127
2224
2826
2809
2852
2817
2841
2816
2819
2851
2832
2832
2827
2832
167
2825
2808
2288
2815
2854
2818
2827
2844
2822
2851
2832
0
0
0
0
0
0
0
0
0
0
0
0
0
0
0
0
0
0
0
0
0
0
0
0
2812
2845
2813
2851
2811
2819
2832
2814
2848
2814
2832
2820
597
713
0
598
50
0
711
0
511
126
563
0
2640
2151
2500
1351
2522
2632
2219
2800
2800
2821
2825
2830
2811
2827
2818
2810
2848
2794
2819
2819
2814
2848
2813
2819
0
0
0
0
0
0
0
0
0
0
0
0
112
0
0
64
0
176
0
129
102
0
144
211
2823
2813
2848
2817
2843
2815
2821
2849
2817
2835
2814
2821
0
0
668
0
1173
2208
499
0
2111
2817
2827
2832
0
0
0
0
0
0
0
0
0
0
0
0
1315
1912
1863
1123
1514
407
1309
1200
547
1072
89
0
2817
2858
2815
2810
2830
2816
2883
2815
2819
2830
2807
2817
2298
2814
2852
2822
2821
2818
2816
2854
2817
2822
2829
2821
2256
1755
2306
1503
2691
2777
2239
2864
2872
2896
2811
2864
2815
2815
2831
2816
2850
2815
2825
2833
2816
2864
2835
2816
912
1471
1348
447
0
630
1265
1348
0
1427
912
1450
0
0
0
0
0
0
0
0
0
0
207
1416
599
1214
509
1136
1137
400
1138
305
1023
983
398
0
2835
2822
2814
2850
2795
2831
2823
2801
2839
2834
2838
2821
0
0
0
0
0
0
0
0
0
0
0
0
2800
2823
2803
2800
2809
2834
2687
2381
1687
1937
587
159
2810
2858
2817
2816
2833
2814
2864
2815
2819
2832
2811
2813
2047
2751
1405
1502
934
723
1666
674
300
1047
541
0
1500
1391
1606
483
1610
1776
1378
1796
721
1807
1924
1898
2821
2818
2828
2771
2861
2823
2821
2844
2811
2859
2813
2816
0
0
0
0
0
0
0
1000
0
976
1104
1856
0
0
0
0
13
0
0
0
0
0
0
0
0
0
0
0
0
0
0
0
0
0
0
0
2803
2848
2818
2861
2818
2818
2829
2816
2859
2817
2809
2813
2815
2815
2842
2813
2845
2819
2822
2841
2818
2196
1684
960
125
0
0
0
0
0
0
533
915
2849
2859
2857
2811
2838
2813
2809
2843
2818
2838
2814
2813
2834
2816
2819
0
0
0
0
0
0
0
0
0
0
0
943
0
0
2817
2831
2823
2811
2844
2815
2832
2818
2810
2814
905
1678
1875
2837
2832
2816
2815
2832
2813
2843
2813
2819
0
0
0
0
0
0
0
0
0
0
96
0
1914
960
0
0
0
0
0
0
0
0
0
0
2839
2815
2833
2819
2818
2839
2814
2839
1181
0
0
0
2814
2839
2815
2832
2818
2814
2843
2813
2835
2828
2798
2813
2832
2817
2864
2820
2386
1759
2043
667
1459
1081
451
0
2544
2827
2826
2853
2818
2832
2822
2816
2843
2813
2820
2831
2818
2811
2827
2815
2853
2819
2817
2832
2820
2864
2765
2817
0
208
240
0
128
0
0
0
0
0
0
0
0
0
0
0
0
0
0
0
0
0
0
0
2138
2818
2320
2718
2704
1875
2551
1920
2357
2455
1712
1605
1116
623
1199
1461
2293
2547
1659
2807
2864
2821
2799
2764
0
0
0
0
0
0
0
0
0
0
0
0
2853
2816
2817
2835
2821
2873
2815
2818
2786
2817
2864
2900
2816
2850
2817
2830
2838
2817
2866
2814
2815
2837
2814
2815
2551
2816
2806
2815
2815
2869
2813
2895
2835
2811
2858
2855
1824
1375
1898
803
1968
2088
1731
2252
999
2272
2337
2464
2821
2817
2845
2819
2865
2819
2815
2842
2816
2832
2815
2832
64
0
715
0
670
0
384
719
0
0
128
756
0
0
0
0
0
0
0
0
0
0
0
0
0
528
0
511
503
0
656
49
563
464
0
0
2815
2861
2821
2820
2828
2820
2858
2820
2825
2832
2823
2814
0
0
0
0
0
0
0
0
0
0
0
0
2842
2813
2546
1168
1831
1584
1097
1189
0
881
976
962
2815
2830
2818
2815
2853
2817
2821
2825
2809
2855
2811
2814
0
851
920
543
939
14
909
768
229
719
0
0
0
0
0
0
0
0
0
0
0
0
0
0
2819
2815
2855
2818
2819
2831
2818
2857
2820
2811
2831
2832
2559
1970
2618
2093
2812
2782
2480
2756
2874
2899
2814
2813
0
0
0
267
0
839
1219
899
1984
1483
2519
2800
0
814
1193
1151
1885
835
2493
2848
2606
2813
2858
2855
2816
2939
2811
2828
2825
2817
2864
2779
2815
2841
2816
2825
0
0
0
0
0
0
0
0
0
0
0
0
0
0
0
0
0
0
0
0
0
0
0
0
0
0
0
0
0
0
0
0
598
0
1607
2375
0
0
0
0
0
0
0
0
0
1445
1248
1888
0
0
0
0
0
343
590
2228
2821
2829
2817
2817
2835
2838
2862
2822
2816
2813
2832
2887
2817
2818
2840
2832
2803
2833
2819
2863
2814
2816
2851
2806
2839
2815
2823
2816
2809
2815
2839
2813
2863
2811
2811
1151
1281
544
630
0
2838
2817
2768
2839
2817
2839
2814
2722
731
1101
464
372
2818
2832
2819
2817
2847
2816
2831
2821
2816
2850
2816
2816
0
0
0
0
0
0
0
0
0
0
0
0
0
0
0
0
0
0
0
0
0
0
0
0
0
0
0
0
0
0
0
0
0
0
0
0
0
0
0
0
0
0
0
0
0
0
0
0
0
0
0
0
0
0
0
0
0
0
0
0
0
0
0
0
0
0
0
0
0
0
0
0
626
0
0
0
0
711
0
0
0
1887
2727
2718
1829
1586
0
0
0
0
0
0
0
0
0
0
2807
2830
2831
2837
2817
2816
2834
2815
2863
2819
2297
1338
2833
2802
2937
2839
2877
2816
2813
2835
2815
2864
2818
2825
2894
2822
2816
2819
2822
2862
2813
2817
2828
2819
2857
2843
0
0
0
0
0
0
0
0
0
0
0
0
0
816
0
0
0
0
0
0
0
0
0
0
2817
2842
2817
2846
2819
2817
2033
2542
1898
432
1344
1451
2821
2814
2838
2826
2864
2818
2823
2839
2818
2864
2818
2806
835
1894
2205
2047
2806
2850
2821
2813
2610
2817
2938
2843
2827
2848
2817
2816
2845
2815
2833
2818
2777
2850
2815
2815
0
0
0
0
0
0
0
0
0
0
0
0
1806
555
780
112
0
0
0
0
0
0
0
0
2815
2818
2843
2815
2825
2816
2816
2847
2809
2845
2817
2821
2822
2799
2827
2835
2813
2837
2821
2817
2855
2820
2827
2807
1699
2308
2801
2816
2854
2817
2832
2820
2814
2848
2816
2817
0
0
0
0
0
0
827
1696
1980
2753
2685
2847
0
0
0
0
0
0
0
0
14
0
0
0
2410
2818
2454
2832
2838
2816
2815
2850
2814
2836
2060
1380
742
0
0
0
0
0
0
0
0
0
231
544
2813
2798
2830
2818
2870
2821
2820
2836
2817
2799
2823
2818
0
0
0
0
0
0
0
0
0
0
0
0
0
0
0
0
0
0
0
0
0
0
0
105
0
0
0
0
0
0
1055
1376
2461
2825
2837
2832
0
0
642
324
1710
2134
1887
2817
2864
2827
2816
2817
0
0
0
0
0
0
117
0
177
0
0
0
644
869
1261
465
1659
1736
1935
2420
1691
2819
2835
2847
2821
2854
2815
2813
2844
2821
2850
575
2836
2850
2822
2822
0
0
0
0
0
0
0
273
0
900
64
475
0
0
0
0
0
0
0
0
0
0
0
0
2819
2809
2850
2819
2836
2822
2813
2845
2816
2841
2821
2815
16
0
0
0
0
0
0
0
0
0
0
0
0
0
0
0
0
0
240
0
551
0
655
752
2864
2811
2855
2828
2842
2838
2807
2842
2821
2816
2846
2838
0
0
0
0
0
0
0
0
0
0
1
0
0
432
0
405
580
0
555
0
497
602
0
275
2818
2825
2817
2855
2822
2820
2832
2805
2850
2815
2813
2823
2819
2787
2832
2815
2862
2826
2818
2826
2821
2849
2815
2817
1331
2019
2115
1407
1804
979
1898
1834
1107
1813
1248
1174
2110
1534
1897
1805
795
1582
1190
1354
1447
355
1274
1431
2449
2816
2864
2765
2816
2281
2731
2440
2671
2704
2007
1711
0
199
619
0
606
1031
567
1167
81
1102
1253
1412
0
0
0
0
0
0
21
0
252
0
0
0
1311
2125
2120
1471
2041
1250
2032
2079
1245
2083
1088
1141
1450
868
1760
1513
759
1428
1089
1705
1415
1059
2813
2817
163
870
464
903
924
0
784
596
811
883
0
0
1566
811
1509
822
1398
1478
754
1411
501
1312
1241
1361
2815
2816
2831
2819
2850
2815
2822
2837
2817
2850
2817
2814
218
0
26
0
0
0
0
0
0
0
0
21
528
0
0
81
0
0
0
0
48
0
108
264
2837
2819
2864
2815
2813
2832
2813
2862
2815
2818
2834
2833
0
0
0
0
0
0
0
0
0
0
0
0
2819
2815
2844
2816
2832
2816
2809
2843
2821
2833
2820
2817
2844
2818
2805
2839
2719
2839
2783
2816
1936
2354
1816
1472
2816
2832
2823
2864
2843
2805
2841
2823
2819
2843
2844
2823
2835
2817
2846
2815
2817
2617
2817
2848
2474
2285
845
255
2818
2849
2818
2827
2819
2822
2848
2844
2826
2832
2811
2819
2821
2847
2815
2807
2834
2801
2819
2859
2816
2821
2821
2830
0
0
0
0
0
0
0
0
0
0
0
0
2818
2821
1713
1264
0
375
102
0
0
0
0
0
2848
2652
1856
931
608
0
0
0
0
0
0
0
2489
1463
2427
2369
2537
2818
2849
2821
2834
2815
2782
2816
94
560
0
0
0
0
0
0
0
0
0
0
0
0
0
0
0
0
0
0
0
0
0
0
2816
2843
2819
2815
2849
2816
2816
2823
2817
2847
2822
2813
0
108
466
0
800
0
773
816
278
935
292
204
0
0
0
0
0
0
0
0
0
0
111
240
2826
2817
2844
2819
2832
2813
2817
2848
2819
2832
2817
2817
231
0
425
0
225
400
0
207
0
0
0
0
0
477
0
800
145
1040
1340
591
1451
1104
2027
2127
2855
2817
2822
2826
2814
2849
2819
2828
2817
2817
2859
2851
0
0
0
0
0
0
0
0
0
0
0
0
2816
2815
2864
2818
2826
2832
2815
2854
2814
2843
2826
2825
2813
2828
2820
2838
2817
2802
2827
2832
2857
2820
2817
2819
1184
1819
1186
2822
2851
2818
2819
2835
2819
2850
2820
2817
0
0
0
0
0
0
0
0
0
149
0
0
0
0
0
0
0
0
0
0
0
0
449
1232
0
991
817
1477
1702
1351
2130
1451
2433
2559
2127
2279
2813
2829
2815
2863
2821
2817
2832
2831
2875
2819
2820
2817
1204
1016
0
259
0
0
0
0
0
0
0
0
2861
2820
2814
2845
2817
2832
2815
2823
2847
2815
2829
2831
980
290
740
662
0
871
411
831
2515
1415
2330
2411
528
1146
728
862
793
0
560
37
239
307
0
0
2386
1262
1965
1440
1450
1459
314
1103
992
839
944
808
2837
2825
2843
2814
2830
2822
2814
2847
2811
2832
2823
2826
0
0
0
0
0
0
0
0
0
0
0
0
0
200
0
290
0
511
656
0
834
0
1004
1252
2865
2831
2829
2819
2817
2847
2818
2825
2822
2815
2850
2835
0
0
0
0
0
0
0
0
0
0
0
0
0
486
0
624
571
0
385
0
193
48
0
0
2843
2815
2815
2833
2807
2839
2811
2815
2842
2817
2836
2823
0
0
0
0
0
0
0
0
1859
536
1815
1668
0
0
0
0
0
0
0
0
0
0
0
0
2293
1069
2101
2252
1659
2020
646
1873
1772
1327
1565
1492
2826
2819
2853
2817
2813
2829
2817
2860
2815
2821
2832
2821
0
0
179
0
197
284
462
631
0
691
1248
1354
1033
984
497
990
0
971
954
511
1142
0
1223
1177
2859
2817
2817
2833
2814
2864
2813
2816
2832
2802
2862
2863
2816
2816
2832
2815
2302
2812
2860
2783
2806
2273
2819
2822
1331
1456
351
1439
1424
1127
1440
415
1456
1588
1155
1328
2165
1471
2087
1312
2066
1939
1359
2158
1508
2128
2173
2086
2826
2815
2792
2810
2862
2815
2816
2832
2815
2854
2819
2812
0
405
496
0
422
0
590
662
0
632
0
0
1044
0
913
836
247
603
0
403
284
0
43
128
2829
2817
2849
2817
2819
2829
2819
2837
2819
2816
2830
2839
0
0
0
0
0
0
0
0
0
0
0
0
0
0
0
0
0
0
95
0
70
0
0
0
2864
2864
2815
2838
2818
2799
2818
2811
2837
2818
2851
2851
0
0
0
0
0
0
0
0
0
0
76
0
0
0
0
0
0
0
0
0
0
37
0
0
2823
2260
2813
1719
2702
2736
2099
2630
1575
2448
2520
2384
2816
2549
2835
2818
2853
2832
2812
2831
2820
2848
2820
2814
0
0
0
0
0
0
0
0
0
0
0
0
1153
756
947
795
0
747
368
414
511
0
469
343
2836
2820
2861
2819
2813
2835
2813
2859
2819
2816
2834
2835
1459
655
1322
1730
1811
1957
898
2199
2024
2097
2240
2227
0
387
0
259
0
0
291
0
233
0
0
282
2863
2817
2818
2834
2828
2858
2815
2817
2835
2814
2853
2858
260
0
0
50
0
0
0
0
0
0
321
341
2846
2813
2832
2819
2816
2535
2797
2426
1808
1651
288
0
2842
2865
2818
2871
2813
2827
2864
2834
2857
2853
2830
2833
0
0
0
393
218
0
571
0
819
736
1082
1362
2832
2819
2813
2495
2416
1721
1215
811
0
0
0
0
2819
2837
2817
2811
2834
2811
2832
2819
2821
2846
2816
2817
0
0
0
0
0
0
0
0
0
0
0
0
2416
787
1434
1174
0
0
0
0
0
0
0
0
2831
2811
2853
2818
2819
2823
2800
2846
2815
2815
2823
2825
0
0
0
0
0
0
0
0
0
0
540
1035
0
0
0
542
0
49
467
0
2219
1158
2215
0
2849
2828
2813
2829
2807
2859
2819
2816
2832
2786
1388
365
0
0
0
0
0
0
0
0
949
1871
2867
2817
2813
2817
2851
2819
2819
2830
2815
2860
2819
2816
2832
2827
2833
2819
2815
1854
1731
1373
371
444
0
0
0
0
0
0
0
0
0
1005
2392
2831
2813
2865
2815
2816
2085
2817
2814
2838
2817
2887
2818
2819
2835
2817
2848
2843
2819
2860
2817
2823
2832
2822
1864
1223
867
0
0
0
0
0
0
0
0
0
0
0
0
0
0
0
0
0
0
0
0
0
0
945
1044
2444
2816
2815
2815
2817
2829
2809
2827
2818
2817
2832
2823
2858
2820
2817
0
0
0
0
0
0
0
188
0
533
904
1192
437
281
0
642
0
659
620
496
971
0
1097
1119
2855
2811
2832
2821
2813
2850
2818
2830
2817
2811
2849
2845
1317
486
1265
592
1077
1093
232
1127
640
982
728
1132
624
721
0
762
426
721
794
0
981
704
788
886
2841
2814
2818
2837
2811
2865
2819
2817
2846
2817
2845
2843
0
219
0
667
0
565
665
614
1095
194
1130
1084
0
352
211
0
399
0
364
411
0
473
0
0
2816
2846
2822
2850
2817
2827
2854
2810
2839
2834
2813
2835
2817
2821
2832
2814
2838
2816
2813
2844
2817
2842
2817
2820
226
0
359
0
343
385
0
330
0
545
584
682
1374
1176
933
1018
0
971
854
640
958
0
974
780
2850
2819
2829
2826
2817
2852
2818
2817
2646
2826
2852
2864
1316
0
1291
1535
1019
1523
346
1648
1745
1328
1126
1627
551
691
0
752
746
479
856
0
868
964
609
650
2507
1999
2334
1184
2193
2253
1767
2288
1283
1984
2081
2180
1320
284
1127
1522
355
528
0
2423
2830
1610
1852
2827
0
292
552
0
319
0
284
272
0
415
0
0
1152
0
1105
1040
547
821
0
1019
1056
763
704
570
2832
2819
2822
2816
2817
2826
2821
2860
2821
2821
2832
2833
1520
560
266
0
0
247
0
813
0
0
129
368
0
433
471
798
0
0
0
0
576
0
574
0
2848
2823
2819
2864
2816
2864
2828
2817
2427
2817
2863
2863
0
0
0
0
0
0
0
0
0
0
268
0
0
341
0
0
0
0
624
2
0
0
0
0
2815
2832
2817
2865
2819
2817
2806
2819
2864
2816
2821
2800
0
0
0
0
875
826
1260
130
719
2248
1936
1967
2864
2819
2814
2832
2820
2863
2823
2816
2835
2819
2864
2856
1535
1186
1113
1186
327
1263
1333
1343
1584
379
1415
1346
2832
2811
2864
2816
2813
2822
2815
2864
2817
2816
2831
2834
0
0
0
0
0
314
0
702
577
1277
1750
1635
2811
2811
2838
2811
2832
2815
2817
2844
2818
2832
2819
2821
0
0
256
0
511
128
613
752
0
1173
652
1009
2829
2853
2816
2837
2844
2817
2841
2817
2821
2838
2851
2815
0
0
0
0
0
0
0
0
0
0
0
0
2819
2641
2816
2843
2816
2826
2800
2820
2852
2817
2819
2811
2843
2813
2852
2819
2832
2819
2817
2858
1351
2826
2829
1363
169
0
305
0
567
532
372
639
0
334
400
611
2817
2863
2815
2817
2836
2818
2842
2822
2817
2844
2818
2815
779
1888
1936
1619
2155
1151
2295
2452
2215
2750
2383
2664
1658
777
1924
2032
1814
2439
1327
2691
2809
2674
2832
2817
0
0
0
0
0
0
0
0
0
0
0
0
2825
2736
2816
2848
2818
2823
2827
2816
2862
2821
2817
2815
615
48
0
0
0
0
0
0
0
0
0
0
0
368
364
0
735
0
919
1435
751
1566
793
1072
2819
2848
2815
2835
2375
2550
1072
2007
1824
1282
1399
1489
2837
2818
2864
2818
2825
2836
2799
2879
2822
2791
2823
2838
0
0
0
0
0
0
0
0
38
0
0
0
1759
1408
1343
1296
465
1161
640
993
1290
0
914
851
2848
2815
2817
2686
2818
2841
2826
2819
2754
2832
2788
2787
2368
912
2021
2352
1311
2152
424
2039
2224
1663
783
2111
655
1072
12
1037
1035
447
1023
134
898
1011
305
411
2810
2827
2810
2864
2866
2815
2724
2810
2862
2822
2816
2813
2821
2835
2815
2826
2842
2815
2861
2832
2815
2854
2813
2815
2857
2818
2825
2827
2818
2855
2815
2706
2865
2817
2862
2866
2816
2848
2818
2825
2822
2819
2847
2807
2791
2730
2828
2815
2832
2815
2864
2823
2817
2835
2806
2855
2805
2832
2832
2835
0
0
0
0
0
0
0
0
0
0
0
0
0
0
0
0
0
0
0
0
0
0
0
0
2864
2815
2818
2832
2818
2864
2753
2817
2819
2834
2844
2856
0
0
0
0
0
0
0
0
0
0
0
0
0
0
0
0
0
0
0
0
0
0
0
0
2822
2849
2811
2853
2832
2781
2831
2803
2843
2818
2830
2817
0
268
0
639
420
0
0
0
0
176
1857
2160
0
0
0
0
0
0
0
0
0
0
0
0
2815
2854
2827
2176
0
0
0
0
0
0
0
0
2241
2821
2865
2817
2810
2835
2817
2855
2503
1742
133
0
306
499
2818
2860
2826
2832
2852
2827
2822
2812
1600
1352
0
0
0
0
0
0
0
0
0
0
0
587
2863
2821
2816
2835
2823
2864
2822
2822
2848
2823
2858
812
1423
432
0
0
0
0
0
0
427
0
1364
2144
0
0
0
0
0
0
1997
2858
2797
2815
2842
2832
2814
2832
2819
2866
2843
2731
2313
1960
652
655
379
243
2819
2815
2871
2819
2851
2779
2817
2839
2809
2863
2815
2815
2861
2814
2795
2749
2810
1984
1895
2658
853
1965
1912
1520
299
0
0
90
0
187
0
0
0
0
0
0
2868
2821
2837
2819
2817
2847
2807
2833
2820
2816
2845
2851
192
0
0
0
0
0
0
0
0
0
0
0
1260
1217
0
227
22
0
774
1515
2832
2837
2834
2818
2875
2821
2818
2845
2813
2851
2821
2816
2843
2819
2846
2846
0
0
0
0
0
0
0
0
0
0
0
0
0
960
2559
2822
2823
2851
2816
2848
2821
2396
0
0
2203
1799
2807
2849
2830
2818
2459
2823
2393
2400
2375
2269
2783
2783
2848
2818
2828
2949
2816
2851
2816
2828
2825
2827
2911
2815
2817
1215
1298
624
425
919
423
1855
2712
2829
535
357
0
154
0
0
0
0
0
0
0
0
2848
2799
2814
2642
2820
2836
2819
2818
2819
2822
2850
2861
2822
2851
2817
2829
2811
2816
2851
2817
2819
2830
2811
2791
0
0
0
0
0
0
0
0
0
0
0
0
2816
2826
2818
2859
2816
2819
2832
2820
2871
2815
2815
2825
0
0
0
0
0
0
0
0
751
0
221
2033
1361
2510
2396
2225
2612
1690
2702
2826
2415
2817
1618
1327
1341
157
1135
1199
589
1337
175
1259
1291
582
1241
1250
2817
2821
2860
2819
2832
2846
2814
2846
2826
2827
2827
2823
1105
559
1287
549
1466
1602
1055
1728
964
1661
1808
1887
0
0
0
0
0
0
0
0
0
0
0
0
2853
2783
2818
2823
2814
2858
2817
2821
2831
2861
2860
2858
0
0
0
0
0
0
0
0
0
0
0
0
2854
2817
2871
2807
2815
2830
2816
2859
2817
2820
2825
2673
2801
2839
2814
2850
2815
2817
2838
2821
2864
2818
2817
2810
2827
2819
2823
2817
2847
2818
2815
2864
2811
2856
2816
2824
191
1040
965
303
724
0
679
592
0
372
0
0
975
265
731
525
0
247
0
0
0
0
0
0
2525
2832
2858
2823
2817
2158
2816
2090
2754
2625
1774
1867
0
0
6
0
0
771
0
729
0
1275
1154
1424
0
107
0
0
0
0
199
0
366
0
0
0
2016
2285
2320
1479
2223
1680
1990
2241
1358
2113
1530
1556
895
1800
817
0
0
1094
608
771
1360
637
175
2168
2047
2813
2824
2762
2663
1890
2690
2324
2487
2583
1727
1751
2819
2842
2814
2851
2816
2815
2838
2822
2847
2766
2817
2865
2832
2826
2837
2814
2846
2828
2819
2841
2815
2842
2813
2818
0
0
0
0
0
0
0
0
0
0
0
0
0
0
0
0
0
0
0
0
0
0
0
0
2825
2817
2834
2819
2818
2851
2819
2835
2821
2815
2851
2848
0
0
0
0
0
0
0
0
0
0
0
0
2559
2822
1534
2749
2544
2239
2559
1333
2487
2320
2085
1875
1044
875
1454
447
1968
2358
2277
2815
2864
2818
2810
2870
0
0
0
0
0
0
0
0
0
0
0
0
2863
2814
2849
2821
2811
1301
1344
165
0
0
0
0
0
0
0
0
0
0
0
0
0
0
0
0
2824
2819
2859
2832
2827
2828
2814
2853
2815
2823
2832
2827
2816
2830
2821
2858
2814
2815
2829
2817
2859
2825
2758
2825
0
0
0
0
0
0
0
0
0
0
0
0
2865
2817
2777
2831
2813
2859
2816
2815
2833
2818
2864
2864
0
0
0
0
0
0
0
0
0
0
0
0
2830
2817
1507
1667
1136
0
0
0
0
0
0
0
0
0
0
0
0
0
0
0
0
0
0
0
2817
2815
2832
2820
2864
2819
2816
2825
2818
2865
2805
2811
0
0
0
0
0
0
0
0
0
0
0
0
880
752
801
1129
253
1200
1200
811
1061
0
1057
1101
2832
2815
2863
2822
2817
2834
2813
2865
2816
2820
2838
2833
0
0
0
0
0
0
0
0
0
0
0
0
0
0
0
0
0
0
0
0
0
0
0
0
2834
2825
2817
2848
2818
2829
2815
2815
2849
2816
2831
2827
916
113
894
941
275
946
148
762
928
0
801
912
0
661
509
866
847
0
243
22
724
1080
289
0
630
0
298
0
749
1037
447
1410
1040
1731
2313
2519
2814
2817
2853
2813
2796
2821
2816
464
0
0
877
0
1128
0
0
0
0
0
0
0
0
0
0
0
2809
2853
2816
2820
2842
2830
2851
2812
2793
2845
2818
2815
2834
2813
2844
2827
2817
2858
2813
2848
2807
2775
2847
2852
2819
2850
2815
2832
2822
2815
2848
2816
2826
2820
2789
2814
2818
2815
2855
2841
2832
2812
2798
2853
2830
2829
2825
2821
2830
2815
2816
2847
2813
2832
2822
2815
2841
2816
2832
2839
2821
2833
2825
2839
2804
2846
2871
2826
2615
1855
2821
2272
833
1746
1578
911
1211
0
541
347
0
0
0
0
2816
2862
2818
2819
2826
2821
2845
2811
2811
2832
2825
2823
2828
2820
2850
2816
2819
2967
2832
2800
2822
2801
2833
2830
0
0
0
0
0
0
0
0
0
0
0
0
363
173
0
0
0
0
0
0
0
0
0
0
2860
2825
2896
2835
2812
2850
2817
2816
2559
2825
2839
2843
0
0
0
0
0
0
0
0
0
0
0
0
0
65
0
0
0
0
0
0
0
76
0
0
2819
2841
2819
2846
2820
2819
2847
2819
2851
2815
2816
2823
0
41
0
1872
2868
2822
2811
2833
2816
2884
2820
2819
1232
1788
1915
1171
1696
919
1602
1611
962
1680
735
1959
2819
2805
2839
2816
2510
2816
2877
2819
2815
2171
2768
2503
2833
2812
2860
2815
2819
2832
2818
2864
2825
2832
2829
2857
0
0
0
0
0
0
0
0
0
0
0
0
0
43
0
341
61
435
667
0
847
425
671
505
2861
2816
2816
2843
2814
2858
2816
2817
2830
2818
2862
2859
2822
2832
2829
2816
2837
2817
2832
1775
2815
1331
1729
1020
2843
2823
2838
2827
2817
2847
2815
2832
2821
2816
2838
2854
2816
2838
2821
2852
2817
2817
2844
2821
2850
2820
2817
2814
1071
2175
2846
2817
2827
2823
2817
2863
2815
2781
2839
2823
0
0
0
0
0
0
0
0
0
448
768
1120
727
73
0
18
0
0
0
0
0
0
0
0
2848
2815
2829
2819
2817
2847
2822
2837
2820
2815
2800
2849
2480
1503
2821
2819
2191
2816
2824
2749
2607
2089
2271
2032
1828
2031
945
1978
1854
1351
1809
875
1863
1973
1166
1007
2819
2827
2816
2855
2815
2815
2812
2813
2855
2815
2814
2816
0
0
0
0
0
0
0
0
0
0
0
0
2809
2493
2219
1461
1318
0
948
946
0
63
0
0
2807
2853
2818
2819
2824
2814
2851
2815
2822
2849
2816
2816
1401
1623
1484
2463
2340
2208
2750
2843
2811
2939
2817
2827
0
0
0
0
0
0
0
0
0
0
0
0
1044
900
0
611
0
368
400
0
283
0
0
0
2849
2814
2817
2831
2811
2863
2817
2817
2826
2807
2863
2859
960
264
1180
1354
813
1587
605
1776
1861
1447
2081
1880
2435
2802
2858
2815
2815
2559
2828
2863
2818
2817
2839
2838
2821
2831
2816
2865
2814
2817
2832
2817
2863
2820
2815
2814
1328
1413
703
818
13
1309
1264
575
981
2640
2384
2293
0
0
0
0
0
0
0
0
0
0
0
0
176
0
0
0
0
0
0
0
159
0
0
0
2843
2814
2859
2814
2815
2833
2753
2854
2819
2816
2847
2841
0
0
0
0
0
0
0
0
0
0
0
0
843
611
0
587
221
707
770
0
316
0
0
240
2832
2817
2816
2845
2818
2830
2821
2811
2851
2819
2830
2826
2331
2324
1999
2415
1277
2257
2768
1771
2702
2847
2832
2814
2837
2822
2823
2887
2816
2741
2820
2814
2839
2821
2851
2864
1584
959
2818
2842
2832
2832
2669
2809
2842
2821
2814
2805
0
0
0
0
0
0
0
0
0
0
0
0
0
0
0
0
0
0
0
0
0
0
0
0
2816
2832
2823
2817
1266
1938
1568
691
350
0
0
0
2881
2873
2831
2817
2835
2869
2807
2843
2830
2821
2864
2861
0
0
0
0
0
0
0
0
0
0
735
821
2818
2806
2846
2835
2833
2822
2815
2864
2816
2826
2818
2821
2817
2832
2819
2859
2812
2815
2839
2819
2834
2831
2821
2816
1167
2081
623
715
0
0
437
0
784
448
943
679
0
0
0
0
1514
1342
2479
2512
1567
1959
681
164
2813
2855
2815
2813
2830
2813
2849
2814
2818
2841
2814
2818
0
0
0
0
0
0
0
0
0
0
0
0
2466
1023
1535
564
0
0
0
0
0
0
0
150
2816
2813
2838
2827
2863
2814
2814
1730
2014
992
1349
913
2857
2823
2813
2843
2815
2887
2821
2827
2841
2816
2850
2859
1224
874
1679
1950
1359
2014
1352
1595
1254
644
711
561
2849
2817
2832
2822
2816
2859
2811
2832
2817
2820
2839
2845
2815
2836
2815
2857
2811
2811
2836
2815
2839
2816
2816
2816
0
24
0
1072
1400
1501
2388
1971
2816
2835
2818
2811
0
0
0
0
0
0
0
0
0
0
0
0
1771
1460
1191
1281
0
802
634
447
621
0
803
854
2854
2816
2839
2825
2815
2723
2815
2826
2777
2816
2877
2855
47
0
0
46
0
0
0
0
0
0
23
55
1823
2000
854
1758
1514
1423
1608
295
1399
1300
1113
1022
2823
2830
2817
2860
2813
2825
2832
2814
2851
2762
2817
2818
2826
2819
2507
2831
2864
2823
2816
2764
2817
2881
2818
2819
0
0
0
0
0
0
0
75
0
0
0
0
2295
1491
2161
2288
1535
2179
1236
2087
2125
1397
1931
1897
0
582
0
379
496
0
0
8
720
863
0
0
0
0
0
0
0
0
0
0
0
0
0
0
1824
1872
1177
1733
742
1563
1624
967
1535
923
1496
1425
2848
2816
2813
2838
2817
2846
2819
2816
2842
2828
2855
2841
0
0
0
0
0
0
0
0
0
0
0
0
0
325
0
0
0
0
0
0
0
0
0
0
2815
2842
2814
2839
2819
2814
2853
2816
2829
2815
2828
2821
899
1103
0
1072
992
399
1002
0
907
976
608
540
0
0
0
0
0
0
0
164
0
70
279
36
2818
2842
2825
2816
2627
2823
2838
2855
2819
2447
2819
2817
0
0
0
0
74
0
0
464
1503
1993
815
1048
0
0
0
0
0
0
0
0
0
0
0
0
1909
2315
786
1819
1768
1464
1711
556
1579
1410
1243
1142
2842
2816
2819
2847
2871
2845
2820
2816
2845
2811
2834
2838
0
0
0
0
0
0
159
0
384
0
715
672
0
422
415
0
397
0
410
699
0
593
0
0
2814
2850
2817
2826
2836
2816
2857
2817
2825
2827
2814
2815
1731
2256
1073
1677
2355
1619
1907
933
2129
2348
1607
1745
864
535
798
0
698
913
145
822
0
938
891
835
2127
1958
1457
1962
771
1811
1888
1159
2068
757
1648
1915
2864
2816
2815
2796
2817
2864
2837
2823
2780
2819
2850
2859
1071
0
983
995
347
912
66
935
896
459
832
912
0
687
0
320
529
0
338
0
0
16
0
0
2815
2843
2819
2837
2816
2820
2838
2820
2839
2816
2815
2831
2527
2599
1733
2514
1472
2240
2256
1499
2192
1519
2215
2091
0
0
176
0
220
0
0
367
0
704
171
320
2818
2913
2815
2807
2847
2812
2833
2817
2779
2847
2822
2822
0
0
0
0
0
0
0
0
0
0
0
0
0
0
0
0
0
0
0
0
0
0
0
0
2638
2817
1725
2586
2456
2230
2417
1383
2246
2233
2086
2079
2835
2734
2819
2841
2704
2842
2826
2782
2847
2884
2847
2841
16
0
0
48
0
0
0
0
1
0
0
294
47
1171
928
586
752
0
465
552
0
271
0
0
2817
2835
2818
2857
2827
2822
2836
2817
2855
2816
2814
2817
963
1264
38
1552
1552
1485
1744
699
1361
1972
1501
1599
461
107
487
0
450
525
0
478
0
587
688
580
2819
2818
2494
2819
2864
2815
2819
2112
2730
1936
2443
2673
686
1813
1535
885
1657
1072
1679
1770
1159
1876
1040
2512
461
0
0
16
0
0
0
0
0
0
44
76
2211
2826
2848
2815
2816
1863
2559
2352
2299
2533
1392
1243
2825
2837
2817
2859
2818
2835
2842
2819
2858
2815
2741
2823
1583
1618
951
1406
225
1587
1452
763
1243
225
1258
1404
0
727
634
0
546
0
441
595
0
597
0
0
2818
2864
2822
2823
2831
2819
2871
2813
2816
2834
2823
2815
0
0
0
0
0
0
0
0
0
0
0
0
0
0
0
0
0
0
0
0
0
0
5
80
2679
2814
1999
2763
2224
2491
2595
1750
2414
1921
2591
2497
0
0
1617
430
1286
1292
2810
2821
2477
2857
2851
2869
583
30
623
567
0
531
202
560
555
0
434
544
1623
2672
1910
1966
2002
859
1744
1680
1535
1747
647
464
2828
2845
2816
2832
2817
2815
2843
2818
2839
2823
2816
2817
0
491
0
187
0
0
633
0
721
16
1098
880
113
0
154
0
0
0
0
164
0
51
111
389
2751
2832
2403
2634
1386
2414
2472
2267
2368
1399
2425
2308
688
1678
1353
1346
1509
426
1447
1532
1252
1535
511
309
511
0
575
0
0
432
0
355
0
0
438
331
2829
2827
2848
2821
2812
2736
2813
2601
2820
2831
2666
2554
2827
0
2815
2851
2805
2815
2827
2815
2863
2822
2832
2773
592
740
0
613
0
457
502
0
471
0
459
439
360
1446
1208
665
965
0
665
754
0
579
0
0
2813
2861
2818
2818
2839
2811
2864
2818
2819
2832
2818
2819
0
0
0
0
138
0
0
0
0
0
0
0
65
0
149
0
0
272
0
447
0
391
552
544
2815
2826
2843
2924
2862
2814
2815
2851
2817
2871
2845
2843
0
0
0
0
0
0
0
0
0
0
0
0
828
17
637
576
0
205
0
0
113
0
0
0
2827
2816
2858
2817
2816
2837
2821
2859
2815
2817
2829
2832
2825
2842
2848
2845
2821
2850
2835
2817
2853
2810
2821
2823
0
0
0
0
0
0
93
0
0
0
0
0
608
0
424
0
129
0
0
3
0
0
0
0
2819
2801
2822
2822
2857
2818
2832
2822
2819
2852
2810
2818
208
1170
952
1061
1604
415
1410
1488
1143
1734
626
667
823
0
773
348
611
694
0
751
336
647
871
840
2800
2810
2123
2609
2448
2725
2746
1966
2643
1890
2688
2559
1588
1699
1811
941
1727
2152
2143
2416
1299
2128
2832
2841
576
666
0
664
0
558
501
0
725
0
785
650
464
1456
1168
1180
1313
393
1346
1282
1074
1251
209
269
2810
2762
2769
2769
2803
2816
2850
2817
2818
2828
2814
2815
0
338
0
0
83
0
48
0
0
144
0
0
0
0
54
0
0
0
0
72
0
105
0
0
2822
2828
2830
2822
2865
2813
2819
2833
2819
2859
2818
2819
0
0
0
0
0
0
0
0
0
0
0
0
494
0
459
432
0
503
0
587
575
0
496
557
2841
2815
2864
2822
2817
2837
2818
2857
2821
2818
2832
2834
594
623
1153
1050
2781
2797
1994
2826
2850
2821
2798
2703
0
265
0
71
0
0
160
0
196
0
0
0
2856
2815
2735
1964
2738
1493
2287
2155
1478
1996
1053
787
2816
2853
2823
2827
2825
2816
2862
2821
2829
2831
2814
2814
0
394
27
0
800
343
1223
640
1386
1988
1135
1073
519
0
416
0
103
306
0
414
0
434
491
682
2819
2827
2070
2794
2224
2589
2711
1855
2668
2176
2544
2496
1190
1244
1431
240
1397
1156
1043
1243
128
0
1217
1318
412
448
0
579
0
394
432
0
327
0
48
0
2224
2822
2865
2736
2816
1971
2781
2832
2612
2819
1712
1853
2821
2863
2827
2843
2047
2819
2838
2821
2843
2815
2819
2807
0
55
0
0
0
0
28
0
0
0
0
0
1168
802
1056
0
826
604
0
528
0
352
304
281
2818
2822
2830
2811
2850
2820
2838
2828
2816
2861
2818
2822
0
0
0
0
0
0
0
0
0
0
0
0
221
0
316
265
0
384
0
489
590
0
675
580
2827
2827
2845
2819
2821
2830
2816
2864
2818
2819
2800
2669
0
0
0
0
0
0
0
0
0
0
984
940
624
528
0
576
0
485
556
0
624
0
532
567
1333
2405
2436
1926
2313
950
2107
2066
1571
1941
830
903
2823
2854
2818
2821
2830
2768
2863
2822
2832
2831
2815
2815
0
229
0
287
221
0
240
0
219
224
0
433
742
0
445
0
0
168
0
0
0
0
34
63
2817
2807
2832
2821
2857
2816
2815
2832
2818
2864
2817
2800
912
1710
1479
898
1793
1280
1808
1807
1154
1905
1268
1059
894
0
701
699
0
710
128
972
815
0
816
970
2830
2813
2863
2818
2815
2832
2819
2862
2818
2817
2838
2863
2675
2067
2436
2136
2671
2701
2132
2807
2866
2817
2815
2825
304
384
0
336
0
0
322
0
273
0
0
0
1428
2192
2063
1233
2011
1316
1825
1732
962
1589
980
721
2818
2851
2822
2815
2829
2800
2864
2819
2817
2832
2818
2809
0
0
0
0
0
0
0
0
0
0
0
0
0
0
0
0
0
0
0
0
0
0
0
0
2811
2816
2849
2820
2835
2818
2817
2850
2816
2838
2817
2827
0
0
0
0
0
0
0
0
0
0
0
0
566
129
611
507
0
583
282
553
752
0
624
791
2849
2821
2831
2826
2813
2851
2695
2875
2850
2823
2860
2855
0
251
1139
704
0
2813
1703
2714
1743
2823
2814
2817
0
90
0
0
0
0
31
0
0
50
0
0
1874
1664
1812
795
1823
1408
1415
1296
455
1250
1162
928
2851
2841
2817
2818
2847
2824
2837
2818
2822
2827
2822
2811
0
575
330
0
520
215
1023
988
833
1248
747
867
383
0
382
0
0
320
0
410
46
164
592
576
2814
2815
2852
2819
2896
2757
2819
2848
2816
2818
2681
2670
1740
1053
1795
723
1745
1771
1391
1792
445
1702
1823
1896
1497
1866
1361
1104
0
938
1056
722
1066
0
1010
1015
2862
2818
2815
2335
2821
2860
2814
2817
2181
2819
2856
2864
2815
2930
2818
2815
2826
2800
2855
2818
2828
2966
2832
2819
0
249
0
0
160
0
205
0
0
222
0
0
576
0
401
0
0
1
0
0
0
0
0
0
2813
2817
2854
2821
2864
2819
2817
2832
2827
2865
2818
2819
0
0
0
0
0
0
0
0
0
0
0
0
312
0
0
245
0
336
239
0
583
0
499
567
2829
2823
2859
2815
2819
2835
2816
2864
2827
2818
2842
2781
0
0
0
0
0
0
0
0
0
0
0
1312
0
123
0
71
0
0
102
0
0
0
0
0
2852
2820
2817
2837
2821
2859
2813
2849
2602
2814
2854
2859
2803
2894
2815
2816
2858
2803
2842
2819
2821
2846
2819
2816
0
0
0
0
0
0
0
0
0
0
0
0
851
0
570
252
0
452
0
313
233
0
326
240
2829
2819
2848
2819
2821
2820
2819
2849
2816
2820
2828
2822
2001
1584
1951
973
2286
2122
1754
2080
977
2071
2096
2114
823
472
594
771
0
763
832
656
887
0
864
868
2395
2816
2754
2514
2672
1714
2663
2528
2291
2559
1491
1559
1276
599
1386
1472
1070
2544
1455
2526
2410
2559
2815
2820
0
0
0
0
0
0
0
0
0
0
0
0
2326
1845
1968
1087
2156
2000
1571
2061
783
1933
1828
1584
2817
2810
2829
2815
2861
2819
2821
2832
2817
2864
2811
2822
0
0
0
0
0
0
0
0
0
0
0
0
1926
921
1607
1557
1059
1723
884
1891
1938
1234
2181
2038
2833
2815
2864
2814
2822
2838
2821
2875
2818
2817
2811
2832
0
0
0
0
0
0
0
0
0
0
0
0
1092
1307
997
1207
576
1488
1864
471
982
189
805
640
2851
2819
2818
2413
2816
2855
2821
2816
2415
2813
2851
2839
1324
714
1144
2807
1890
2544
2085
0
2817
2845
2815
2816
0
0
0
0
0
0
0
0
0
0
0
0
2081
555
1152
672
1017
906
0
822
475
558
449
314
2814
2818
2839
2813
2841
2815
2812
2846
2818
2841
2817
2825
976
831
996
303
1376
1296
1158
1440
0
1904
1894
1760
0
0
0
0
0
0
176
0
38
0
0
50
1991
2697
2088
2559
2685
1803
2321
2378
2403
2667
1607
1471
1407
647
0
471
1118
1326
187
946
962
1328
1281
1296
0
459
0
325
0
0
331
0
345
64
0
0
2185
1965
2228
1174
2273
2320
1755
2086
967
2009
2096
2082
2825
2839
2822
2819
2843
2814
2833
2819
2816
2852
2792
2817
0
0
0
0
0
0
0
0
0
0
0
0
1635
393
1190
850
588
827
0
473
403
0
449
429
2814
2821
2849
2816
2838
2820
2817
2850
2819
2833
2827
2822
0
0
0
0
0
0
0
0
0
0
0
0
0
51
0
104
0
0
168
0
293
0
0
0
2853
2817
2819
2829
2813
2858
2815
2821
2832
2816
2865
2856
0
0
0
0
0
0
0
991
1157
368
0
2825
307
998
157
1033
1082
351
940
237
973
1023
414
271
2815
2110
2800
2858
2717
2608
1943
2593
1875
2475
2499
2814
2819
2813
2838
2813
2859
2820
2820
2834
2814
2853
2819
2809
463
1179
1407
911
1296
475
1742
1739
1371
2770
2436
2328
1557
952
1138
1227
327
1107
586
870
1145
354
1187
1227
2835
2818
2864
2819
2815
2730
2816
2865
2811
2811
2555
2533
1346
594
1182
6
1281
1235
451
1134
365
1293
1316
1296
782
852
0
798
282
699
766
0
721
88
870
789
1116
1520
1488
801
1535
934
1533
1504
739
1602
972
1046
1379
800
1316
1392
1005
2773
2496
2630
2724
2023
0
2833
0
203
0
0
0
0
0
0
0
80
0
0
690
0
511
275
262
535
0
337
307
0
366
320
2816
2821
2841
2819
2834
2817
2818
2855
2818
2832
2821
2817
0
0
0
0
0
0
0
0
0
0
0
0
0
0
0
0
0
0
0
0
0
0
0
0
2848
2791
2843
2823
2815
2843
2818
2843
2833
2821
2854
2849
0
0
0
0
0
0
0
0
0
0
0
2
0
483
0
433
313
0
485
0
353
526
0
0
2837
2822
2822
2621
2817
2827
2709
2820
2443
2815
2825
2822
2106
1070
2768
2824
2864
2827
2828
2825
2816
2819
2820
2822
0
234
137
0
240
0
0
354
0
226
0
0
2471
1394
2180
2109
1466
1784
962
1633
1710
845
1477
1297
2830
2821
2863
2816
2819
2835
2821
2860
2817
2818
2827
2832
1716
1991
2423
1523
2634
2811
2829
2821
2857
2819
2816
2816
1591
1626
985
1615
848
1680
1929
1129
1831
1179
1892
1983
2858
2808
2817
2834
2817
2865
2816
2821
2832
2823
2843
2866
2113
1071
1979
1807
1170
2016
906
0
2099
1330
1903
1619
0
433
0
0
502
0
265
0
63
362
0
0
1774
1072
1504
880
1599
1707
983
1794
889
1591
1535
1447
2790
2832
2843
2713
2863
2740
2811
2880
2806
2848
2832
2822
0
0
0
0
0
0
0
0
0
0
0
0
465
251
0
261
0
189
170
0
177
0
0
0
2847
2818
2845
2813
2816
2848
2819
2836
2820
2821
2847
2852
0
0
0
0
0
0
0
0
0
0
0
0
0
432
0
294
171
0
311
0
403
186
0
411
2854
2818
2816
2211
2818
2846
2737
2814
2269
2823
2839
2837
0
0
24
0
422
1514
0
1167
2818
2031
0
2821
597
1382
1225
1421
1499
496
1469
1206
1449
1497
486
578
2818
1713
2655
2628
2004
2297
1315
2449
2448
2026
2251
2187
2827
2812
2846
2816
2822
2829
2815
2858
2816
2819
2835
2831
0
0
0
0
0
0
0
112
0
377
272
736
483
346
0
247
0
0
114
0
229
0
222
356
2859
2817
2831
2823
2821
2854
2816
2825
2819
2849
2856
2863
1919
1021
1968
1923
1636
1890
651
2021
2024
1833
2083
1564
0
43
0
0
82
0
0
0
0
96
0
0
2835
2827
2815
2848
2820
2835
2821
2815
2854
2822
2819
2832
2818
2787
2832
2803
2859
2817
2819
2823
2816
2862
2821
2807
1279
2330
2432
1591
2209
1425
2211
2196
1563
2240
1612
1888
2815
2846
2818
2829
2821
2814
2852
2810
2826
2459
2819
2604
2827
2815
2853
2823
2811
2826
2815
2849
2817
2815
2837
2821
0
0
0
0
0
0
0
0
0
0
0
0
0
0
0
0
0
0
0
0
0
0
0
0
2864
2832
2815
2839
2818
2852
2821
2817
2846
2818
2857
2842
0
0
0
0
0
0
0
0
0
0
0
0
0
44
0
0
0
0
45
0
0
244
0
0
2821
2127
2640
1555
2446
2475
1731
2282
1569
2320
2182
2119
2415
2498
1963
2331
2816
2816
2806
2835
2821
2856
2816
2814
0
0
0
0
0
0
0
0
0
0
0
0
1679
559
1430
1312
607
1023
75
915
918
209
897
816
2399
2826
2890
2796
2827
2071
2707
2656
2661
2743
1919
2038
493
0
741
94
1000
944
215
1265
656
1344
1465
1585
449
560
0
629
0
385
627
0
687
0
852
847
2849
2819
2813
2851
2819
2849
2814
2820
2727
2829
2843
2833
2194
2253
1963
2151
1211
0
2192
1806
2000
800
0
2817
191
1035
192
912
988
269
1010
336
1066
1051
0
0
1455
583
1175
544
1069
1124
365
1207
470
1151
1101
1104
2816
2802
2752
2821
2847
2795
2811
2846
2688
2835
2825
2819
104
563
848
0
1018
194
0
753
0
160
538
177
1466
968
1166
1163
0
986
816
755
979
0
989
1100
2845
2817
2854
2818
2815
2839
2819
2848
2793
2818
2846
2842
179
0
0
0
0
123
0
0
0
0
71
28
0
476
0
219
43
0
32
0
0
0
0
0
2850
2817
2818
2839
2829
2849
2815
2821
2847
2818
2835
2844
283
171
0
364
510
1535
1648
231
2819
2836
2818
2816
0
178
385
0
141
0
0
264
0
16
0
0
1568
573
1612
1392
1019
1366
163
1058
880
759
992
939
2821
2820
2846
2832
2835
2820
2816
2846
2818
2832
2829
2823
0
0
0
0
0
0
0
0
0
0
0
0
101
368
0
178
0
0
157
0
80
0
0
339
2863
2816
2823
2834
2817
2860
2818
2821
2858
2815
2864
2810
1963
800
2119
1920
1527
1977
863
2204
1884
1729
1898
528
0
543
0
511
500
0
471
0
403
423
0
0
2228
1743
2428
1265
2124
2209
1407
2026
1142
1904
2016
1975
2807
2792
2031
880
2859
2817
2854
2834
2823
2799
2821
2816
0
0
470
0
48
0
0
0
0
0
0
0
976
176
963
612
0
739
80
0
389
0
181
273
2835
2814
2855
2813
2823
2839
2819
2850
2821
2819
2845
2839
0
0
0
0
0
0
0
0
0
0
0
0
1427
1394
1039
1406
618
1739
1691
1209
1890
1159
1965
2027
2851
2822
2808
2825
2815
2851
2818
2831
2822
2769
2963
2827
0
0
0
0
0
0
0
0
0
0
212
0
2183
2805
2624
2817
2812
2483
2817
2864
2833
2826
2439
2631
2818
2832
2815
2839
2827
2831
2835
2820
2867
2821
2848
2812
2820
2817
2859
2818
2863
2899
2809
2829
2766
2832
2851
2816
0
0
0
0
0
0
0
995
351
851
388
131
2817
2858
2823
2820
2826
2818
2850
2816
2855
2823
2818
2811
2832
2819
2857
2821
2820
2834
2817
2855
2815
2815
2833
2839
0
0
0
0
0
0
0
0
0
1686
2816
2703
0
0
0
0
0
1333
2813
2849
2822
2859
2806
2821
0
0
0
0
0
481
1901
2739
2229
2830
2831
2844
0
0
0
0
0
0
0
0
0
0
0
0
0
0
0
0
0
0
0
0
0
0
0
0
2821
2851
2817
2837
2823
2799
2849
2812
2853
2837
2817
2819
2781
2814
2845
2815
2832
2817
2829
2829
2815
2818
2819
2827
0
0
0
0
0
0
0
0
0
0
0
0
0
0
0
0
0
0
0
0
0
0
0
0
2840
2816
2833
2816
2816
2818
2795
2852
2819
2825
2845
2845
0
0
0
0
0
0
0
0
0
0
0
0
0
0
0
0
0
0
0
0
0
0
0
0
2828
2821
2813
2845
2816
2906
2822
2791
2851
2814
2824
2823
0
0
0
0
0
1194
1411
625
0
2177
2484
2127
0
0
0
0
0
0
0
0
0
0
0
0
2820
2848
2846
2839
2819
2819
2847
2819
2833
2803
2819
2822
2824
2823
2825
2841
2834
2881
2817
2830
2817
2845
2736
2559
0
0
0
0
0
0
0
0
0
0
0
0
2823
2834
2832
2830
2863
2823
2831
2817
2818
2845
2817
2809
2852
2815
2781
2903
2807
2857
2826
2819
2431
2485
1143
995
0
0
0
0
0
0
0
0
0
0
0
0
2823
2818
2851
2811
2831
2819
2864
2850
2890
2832
2847
2880
2853
2816
2864
2843
2896
2813
2803
2819
2847
2821
2849
2845
1705
1569
0
0
2099
2718
2711
1655
2825
2862
2866
2820
2865
2815
2815
2838
2827
2862
2818
2817
2845
2809
2857
2858
2817
2357
2705
2558
2187
2336
949
1747
1648
978
1112
695
0
0
327
2719
2830
2829
2822
2850
2822
2826
2830
2831
2813
2797
2832
2896
2829
2817
2829
2865
2861
2815
2815
2822
0
0
0
0
0
0
0
0
0
0
0
0
1200
2815
2832
2837
2822
2862
2815
2818
2837
2814
2864
2866
0
0
0
0
0
0
0
0
0
0
0
2288
2816
2817
2853
2815
2832
2834
2821
16
0
0
0
0
2815
2841
2838
2848
2822
2817
2845
2817
2848
2816
2815
2816
0
1825
1311
0
2850
2818
2817
2847
2815
2848
2805
2832
0
0
0
0
0
0
0
567
919
2814
2850
2849
0
0
0
0
0
1595
2847
2822
2817
2839
2815
2797
0
151
0
0
571
401
1616
994
2821
2815
2832
2827
0
0
0
0
1488
2832
2834
2805
2848
2818
2820
2802
2822
2815
2859
2825
2832
1306
1019
0
464
804
1186
2531
2850
2818
2817
2839
2825
2842
2813
2818
2845
2817
2841
2834
2835
2846
2823
1937
1778
2767
2833
2848
2818
2848
2820
2773
2842
2815
2864
2815
2821
2839
2825
2841
2820
2827
2846
2845
968
193
1379
1360
1701
2141
1291
2531
2843
2823
2813
2775
2818
2831
2851
2819
2827
2676
2546
1252
2047
1512
1099
1119
808
369
768
0
490
544
0
37
0
0
0
0
2801
2836
2559
2815
2398
2819
2833
2760
2818
2850
2827
2816
883
2161
2498
2503
2818
2848
2819
2826
2827
2819
2853
2849
0
0
0
0
0
0
0
0
0
0
0
0
986
1211
87
1003
1056
343
863
0
317
292
0
0
2833
2827
2843
2859
2822
2821
2827
2825
2854
2816
2822
2830
0
0
0
0
0
911
936
0
1811
1215
2279
2829
1606
2448
2324
1663
2166
1280
1911
1983
1150
1871
941
1296
272
0
0
86
0
109
0
0
0
0
0
0
2855
2817
2864
2810
2816
2867
2826
2858
2821
2820
2837
2841
0
0
234
0
0
76
0
469
0
139
643
971
367
400
0
454
0
335
531
0
464
0
678
707
2863
2812
2817
2663
2817
2864
2852
2820
2653
2816
2864
2867
1308
180
1231
1535
1120
1943
1058
2330
2704
2247
2751
831
2835
2823
2864
2818
2816
2831
2791
2863
2817
1744
423
705
2815
2823
2817
2863
2816
2815
2837
2813
2864
2819
2830
2817
2704
2822
2834
2807
2864
2822
2816
2835
2832
2819
2839
2815
2859
2819
2815
2841
2818
2875
2811
2831
2647
2819
2859
2242
217
0
0
0
0
0
0
0
0
0
0
2743
2839
2833
1880
0
0
0
0
0
0
2703
2864
2848
0
0
0
0
0
0
0
0
0
0
0
0
2543
2813
2845
2816
2838
2130
1405
0
369
396
1477
2821
2839
2816
2813
2840
2823
2841
2819
2821
1811
2817
2843
2832
2290
2080
2429
2693
1599
2121
1840
1467
1469
291
1120
1617
0
0
0
0
12
0
0
0
0
232
0
809
2818
2838
2819
2897
2819
2814
2846
2822
2839
2768
2801
2852
1519
2819
2851
2814
2828
2850
2821
2859
2822
2815
2831
2849
0
0
0
0
0
0
0
0
0
0
0
0
1121
1232
1078
1299
296
1290
1266
1265
1606
709
1783
1942
2864
2820
2815
2834
2864
2863
2816
2819
2818
2818
2875
2864
1053
61
1453
1504
0
1573
255
1535
1189
1053
1636
1516
0
305
0
0
303
0
165
0
0
123
0
0
2817
2828
2817
2851
2817
2819
2845
2819
2861
2817
2816
2815
2064
2094
1595
2583
2821
2817
2823
2621
2815
2865
2820
2821
318
1219
1137
532
1168
560
1443
1264
639
1457
706
917
2822
2336
2640
2508
1859
2324
1184
2174
1995
1301
1795
1662
2835
2813
2864
2818
2819
2832
2818
2864
2816
2818
2837
2833
0
0
0
0
0
0
0
0
0
0
0
0
0
0
0
0
0
0
0
0
0
0
0
0
2862
2819
2789
2832
2820
2869
2818
2816
2838
2817
2862
2863
0
0
0
0
0
0
0
0
0
0
0
0
767
1384
928
866
634
0
434
0
0
0
0
0
1861
1107
1987
1976
1723
2162
939
2047
2272
1979
2832
2837
2099
2815
2842
2832
2855
2817
2817
2841
2822
2839
2846
2815
0
0
0
0
0
0
0
0
0
0
0
0
2821
2858
2819
2818
2671
2817
2848
2817
2820
2837
2816
2823
2841
2815
2833
2517
2823
1519
2343
2256
1759
2107
759
531
0
0
0
0
0
0
0
306
564
163
805
1800
0
0
0
0
0
0
0
0
0
404
0
0
2819
2829
2818
2846
2813
2819
2830
2835
2861
2818
2820
2819
1842
1876
1513
1843
85
1915
1968
1787
1870
1970
2626
2796
0
0
0
0
0
0
0
382
0
248
0
0
967
0
1089
944
455
872
0
722
627
0
816
785
2113
2822
2857
2817
2767
2832
2825
2864
2819
2817
2832
2840
0
0
0
0
0
0
0
0
0
0
0
0
1297
1184
471
723
0
582
553
0
730
0
391
0
2845
2815
2816
2847
2818
2839
2820
2814
2844
2815
2843
2845
0
0
0
0
0
0
0
0
0
0
0
0
0
304
64
0
641
0
605
340
430
780
0
0
2814
2630
2816
2847
2608
2773
2263
2821
2832
2823
2817
2817
0
0
0
0
0
0
0
0
0
0
655
619
0
0
0
0
848
1824
2640
2832
2849
2819
2834
2662
2818
2854
2820
2817
2839
2815
2843
2822
2302
931
1520
1725
2845
2823
2847
2818
2823
2834
2813
2837
2826
2815
2848
2842
1200
0
542
117
0
381
0
595
1052
937
1117
919
1459
944
0
0
42
0
843
395
1635
1680
1535
1583
2843
2818
2810
2851
2784
2835
2819
2817
2848
2800
2815
2829
2821
2815
1799
2109
768
1347
1147
287
579
0
1095
1570
0
0
0
0
174
0
0
0
0
0
0
0
1414
511
1899
1958
1616
2087
1165
2719
2823
2642
2820
2131
1231
2137
822
923
511
0
1071
7
795
1446
1678
1746
0
0
0
0
0
0
0
0
0
0
0
0
1468
1397
592
1181
710
746
880
0
749
520
570
494
2860
2821
2818
2832
2817
2866
2824
2812
2832
2819
2864
2861
0
0
0
0
0
0
0
0
0
0
0
0
0
110
0
0
102
0
74
0
0
195
0
0
2821
2559
2819
2856
2822
2822
2247
2817
2848
2822
2819
2813
0
0
0
0
0
0
0
0
0
0
0
0
272
0
324
0
295
292
0
299
0
349
105
208
2829
2862
2819
2818
2775
2816
2867
2819
2819
2360
2823
2814
1735
2220
2176
1767
2696
2851
2805
2815
2832
2767
2852
2853
153
0
80
0
0
199
0
120
0
0
160
287
2611
2819
2379
2806
2688
2259
2471
1317
2256
2256
1781
1807
2867
2815
2816
2835
2819
2862
2822
2814
2839
2809
2848
2851
417
722
863
413
0
0
1427
827
1217
373
1724
1743
0
284
456
0
464
0
459
416
0
506
0
0
2815
2430
2810
2842
2599
2816
1758
2615
2832
2358
2663
2506
1629
1906
795
2159
2093
1531
1968
938
2095
2126
1615
0
801
1066
1096
239
976
672
938
1055
215
1015
689
844
2245
2162
1795
2319
1014
2089
2102
1796
1955
861
2070
2015
2849
2833
2832
2815
2818
2798
2827
2837
2819
2818
2851
2852
356
0
0
183
0
169
0
0
235
0
256
223
687
1192
138
877
727
0
674
0
464
386
0
0
2816
2836
2823
2853
2818
2821
2836
2814
2859
2821
2815
2811
272
256
0
131
0
0
57
0
285
0
0
0
0
0
0
0
0
0
0
0
0
0
0
0
2821
2863
2817
2816
2902
2822
2852
2819
2818
2739
2820
2816
0
0
0
0
0
0
0
0
0
0
0
0
0
0
0
0
0
0
0
1123
827
1956
2035
1907
1241
2178
2175
2822
2855
2819
2814
2134
2818
2857
2823
2819
0
0
0
0
1210
2304
2785
2820
2843
2819
2843
2835
2819
2860
2818
2815
2834
2759
2863
2818
2821
2834
2820
2819
2844
2816
2849
2813
2815
2845
2814
1512
0
0
0
0
0
0
0
0
0
0
0
0
0
0
0
0
1789
2814
2850
2818
2829
2823
2816
2853
2823
2825
2831
2829
908
837
801
0
0
0
0
0
0
0
0
0
2117
2242
2188
2817
2853
2823
2822
2831
2813
2858
2817
2821
0
0
920
0
0
0
343
0
0
0
0
0
2818
2862
2822
2817
2838
2816
2859
2820
2559
1361
1285
878
2831
2817
2851
2816
2825
2830
2365
0
0
0
0
0
2829
2828
2817
2852
2818
2823
2827
2815
2848
2821
2432
1496
2823
2849
2816
2821
2848
2455
1488
368
285
0
0
0
2851
2831
2838
2825
2815
1005
256
0
0
0
0
0
2815
2863
2817
1442
0
0
0
0
1496
2511
2819
2822
0
2515
2853
2818
2837
2853
2881
2841
2844
2806
2827
612
0
0
0
0
0
0
1191
2817
2866
2826
2820
2826
1910
1147
0
0
0
0
258
1091
2813
2864
2818
2823
800
0
0
0
0
1080
2423
2805
2835
2823
2845
2827
0
0
0
0
415
2833
2834
2819
2819
2864
2822
2823
2848
2815
2838
2822
2813
2851
2817
2823
2818
1715
0
0
2817
2851
2822
2832
2091
2042
1019
2486
2826
2821
2816
2819
0
1956
2856
2795
2814
2828
2821
2865
2822
2822
2602
2032
1664
1270
1316
0
1007
681
586
688
0
496
320
244
2819
2838
2738
2257
784
1939
2292
2800
2817
2850
2816
2817
0
1840
2847
2814
2822
2844
2851
2837
2812
2816
1218
0
2806
2858
2821
2819
2832
2815
727
455
0
0
0
0
2832
2817
2857
2819
2817
2359
2347
719
1456
1312
735
897
2813
2890
2817
2854
2814
2819
2841
2823
2851
2826
2816
2817
0
0
0
0
0
0
1867
1895
2342
851
973
0
0
0
0
0
0
0
2039
2821
2841
2816
2861
2854
2820
2864
2818
2818
2627
2815
2862
2821
2816
2833
2821
2303
2832
2816
338
0
0
1904
2816
2865
2807
2819
2833
2827
2816
2796
2814
2864
2817
2815
2831
2815
2864
2817
2818
2185
2814
2819
2834
2814
2853
2840
2829
2829
2826
2871
2843
2842
0
0
1427
2850
2821
2858
2818
2820
2834
2815
2849
2842
2467
1585
1104
0
0
0
0
0
0
0
221
631
2850
2820
2841
2819
2819
2845
2839
2918
2867
2807
2812
2845
2819
2842
2816
2849
2816
2816
2845
2819
2839
2823
2818
2819
0
695
0
1237
1280
1239
1435
646
1517
1338
802
0
0
0
0
0
0
0
0
0
0
0
0
0
2817
2825
2775
2816
2848
2815
2827
2529
2812
1521
2633
2413
0
839
598
0
444
489
1479
2002
1983
2818
2877
2862
2011
1303
2559
2837
2807
2816
2411
2815
2830
2467
2817
2819
2819
2815
2855
2812
2829
2825
2825
2851
2813
2835
2834
2822
2809
2829
2819
2861
2813
2789
2832
2816
2859
2821
2813
2816
2139
2064
1535
1865
489
1449
1264
735
879
0
484
0
1525
2345
2107
1499
1737
369
1486
1037
0
532
0
0
2819
2860
2823
2780
2827
2803
2863
2819
2814
2835
2817
2825
0
560
0
92
0
0
0
0
0
0
0
0
400
0
37
0
0
0
0
0
0
0
0
0
2818
2819
2834
2814
2862
2822
2815
2839
2818
2855
2825
2822
0
0
0
0
0
0
0
0
0
0
0
0
0
0
0
0
0
0
0
0
0
0
192
416
2832
2813
2864
2816
2815
2832
2817
2854
2821
2818
2829
2830
2816
2830
2819
2859
2821
2819
2821
2931
2851
2827
2809
2818
0
0
0
0
0
0
0
0
0
0
0
0
1472
1872
1736
882
1367
914
1263
1329
470
1558
1264
1348
2817
2846
2813
2815
2855
2817
2853
2817
2817
2834
2829
2817
0
387
0
0
750
0
712
12
957
951
230
630
2154
1535
2608
2848
2707
2816
2849
2813
2834
2815
2815
2816
1745
2072
862
1917
1632
1356
1535
415
1360
1632
1329
1271
2220
411
2306
1074
1914
1604
1401
1613
271
1251
0
2432
0
296
0
498
0
511
607
0
595
0
698
740
0
809
369
1311
1473
871
1936
1482
2337
2449
1981
2239
2822
2844
2822
2850
2833
2827
2844
2822
2823
2821
2817
2821
0
686
0
357
250
0
16
0
0
0
0
0
144
0
0
0
0
0
0
0
0
0
0
0
2817
2835
2829
2819
2853
2813
2832
2826
2813
2843
2820
2814
0
181
344
0
412
0
199
288
0
291
0
0
585
0
507
608
0
410
0
549
368
0
624
582
2821
2818
2861
2783
2815
2829
2815
2864
2815
2816
2834
2840
359
0
145
0
1799
1740
1046
1851
1716
2815
2823
2816
0
0
0
53
0
0
263
0
240
0
0
0
751
2064
1930
1499
1806
467
1616
1570
1035
1478
579
387
2820
2847
2822
2859
2815
2819
2848
2816
2882
2799
2816
2815
315
461
0
918
960
0
656
23
933
893
247
959
1070
323
816
0
432
368
0
208
0
0
197
162
2463
2752
2202
2816
2850
2777
2807
2289
2801
2875
2820
2820
1186
607
1808
1255
1879
1116
2165
2323
1715
1936
2432
2841
1348
756
1233
1316
375
1124
540
880
928
303
1111
1319
2832
2818
2865
2821
2815
2721
2822
2876
2765
2817
2645
2832
2835
2841
2809
2813
2826
2818
2817
2740
2845
2810
2799
2815
0
487
0
432
0
0
250
0
183
61
0
0
1618
2018
1904
1191
1931
880
1534
1622
662
1279
640
768
2817
2851
2830
2729
2857
2893
2853
2786
2819
2832
2820
2815
0
0
0
0
0
0
0
0
0
0
0
0
0
0
0
13
0
68
0
91
144
0
160
0
2823
2820
2838
2814
2781
2819
2817
2819
2818
2841
2818
2825
0
0
0
0
0
0
0
0
0
0
0
0
0
0
0
0
0
0
0
0
0
0
0
0
1887
2640
2261
2335
2359
1517
2359
2130
2231
2288
1443
1430
2817
2851
2820
2896
2832
2814
2850
2781
2820
2830
2816
2803
0
151
0
0
100
0
0
0
0
51
0
0
1200
561
534
0
0
0
0
368
0
958
341
0
2821
2832
2818
2810
2901
2715
2768
2828
2818
2839
2811
2581
0
0
481
0
0
0
0
0
0
959
675
868
2462
177
897
834
977
2160
1307
1935
673
0
0
0
2832
2813
2864
2830
2821
2845
2832
2864
2823
2825
2834
2839
2817
2843
2818
2830
2825
2815
2839
2818
2805
2819
2823
2628
2816
2819
2831
2831
2864
2801
2819
2743
2826
2864
2821
2441
2866
2850
2816
2829
2818
2801
2815
2720
2835
2817
2859
2846
2655
2859
2817
2812
2839
2817
2844
2817
2818
2845
2821
2819
2832
2752
2859
2817
2815
2845
2810
1808
1606
1158
0
0
2832
2834
2817
2869
2826
2803
2832
2582
1156
938
378
0
2817
2863
2838
2827
2848
2814
2815
2840
2813
2848
2823
2810
2859
2803
2817
2835
2800
2859
2822
2817
2832
2819
2845
2084
2832
2849
2817
2787
2842
2824
2853
2818
2818
2832
2811
2838
2043
2828
2851
2832
2835
2427
2818
2849
2559
2749
1771
1927
368
0
228
22
587
1967
977
1855
930
1472
2821
2722
0
0
0
0
0
0
0
0
0
0
0
0
2188
1694
1941
699
1821
1765
1367
1758
399
1562
1584
1337
2835
2834
2826
2802
2880
2816
2835
2804
2819
2843
2818
2821
0
0
0
0
347
0
272
147
526
880
0
279
1181
33
1107
880
487
835
0
784
1013
641
1119
972
2610
2816
2840
2817
2817
2267
2725
1661
2705
2686
2155
1967
1490
1269
1305
100
1206
1340
732
1439
415
0
1519
1575
760
600
0
621
0
468
592
0
474
0
435
305
543
1456
1372
959
1402
287
1617
1776
1439
1901
647
695
2825
2875
2821
2818
2827
2821
2861
2819
2821
2818
2812
2811
0
624
0
457
377
0
161
0
0
0
0
0
753
0
540
73
0
209
0
119
0
0
26
16
2828
2819
2838
2837
2859
2819
2818
2835
2820
2864
2819
2816
0
0
212
0
255
0
0
80
0
215
0
0
323
0
16
396
0
594
0
354
384
0
365
387
2844
2806
2859
2818
2814
2836
2817
2851
2821
2817
2838
2832
240
0
190
0
243
144
0
426
0
452
0
2112
0
0
0
863
1008
0
0
0
0
0
0
0
2845
2818
2815
2846
2815
2834
1616
2201
2853
2821
2833
2822
2820
2846
2829
2817
2849
2820
2833
2819
2816
2847
2811
2817
0
811
166
0
0
0
0
0
0
0
0
0
0
0
0
0
0
0
0
0
0
0
0
0
2814
2827
2871
2816
2847
2818
2817
2845
2819
2838
2823
2821
2847
2827
2813
1360
1767
1200
627
717
0
176
296
183
2642
2836
2692
2815
2445
2822
2845
2791
2816
1879
2559
2328
0
0
0
0
0
0
0
0
0
0
0
0
704
0
0
1071
315
897
0
1367
2162
1480
1328
1407
422
707
0
0
308
502
1682
1301
2814
2822
2534
2225
2813
2832
2820
2867
2832
2781
2802
2772
2862
2819
2848
2818
2817
2841
2821
2822
2849
2817
2800
2843
2828
2862
2810
2813
0
768
505
0
315
0
0
84
0
0
0
0
716
0
565
368
0
313
0
247
256
0
207
91
1700
2373
1297
2071
2002
1347
1857
1015
1904
1899
1191
848
0
0
0
0
0
0
0
0
0
0
0
0
0
0
0
64
0
400
651
407
733
0
1203
1677
2861
2817
2816
2832
2815
2865
2816
2814
2835
2815
2851
2857
2422
1505
1627
2821
2606
2821
2858
2845
2819
2821
2823
2831
0
0
0
0
0
0
0
0
0
0
0
0
1416
535
1316
832
1002
1040
0
872
616
916
800
826
2815
2816
2832
2818
2862
2818
2818
2829
2811
2858
2813
2817
2845
2755
2818
2609
2817
2847
2819
2807
2843
2816
2838
2847
2638
1984
2469
2607
1808
2621
2284
2598
2803
1899
2677
2722
2850
2816
2841
2819
2818
2841
2819
2832
2818
2832
2842
2845
1424
743
1434
846
1419
1232
603
1168
816
1294
100
1397
0
0
0
0
0
0
0
0
0
0
0
0
1220
1571
1685
913
1559
1168
1392
1527
751
1626
1228
960
2817
2821
2818
2811
2894
2815
2833
2823
2818
2849
2831
2826
0
202
105
0
170
0
98
0
0
0
0
0
0
0
100
151
0
330
0
114
96
0
0
0
2817
2814
2845
2822
2843
2821
2816
2847
2818
2842
2816
2818
992
475
577
0
435
400
0
1080
0
43
304
213
1328
1274
799
1298
144
1042
1154
573
1040
0
1438
1632
2910
2839
2819
2827
2820
2861
2818
2818
2829
2815
2860
2857
0
0
0
0
0
0
69
0
0
0
0
1068
0
0
0
0
0
0
0
0
0
0
0
0
2819
2817
2816
2870
2820
2818
2835
2821
2864
2821
2821
2817
2821
2835
2878
2819
2898
2819
2838
2821
2819
2849
2817
2813
0
0
267
0
200
0
0
0
0
587
0
0
319
0
0
27
0
0
0
0
139
0
208
240
1790
2062
1039
2000
1880
1383
1885
593
1726
1715
1163
1237
1728
1211
1600
375
1452
1687
942
1667
391
1521
1466
1235
0
348
0
496
67
912
1243
751
1835
1609
2160
2422
2849
2821
2823
2710
2823
1475
2224
1883
1009
1232
256
82
2807
2896
2821
2813
2863
2815
2858
2818
2818
2845
2884
2823
0
0
0
0
0
0
0
102
1379
2454
2608
2849
258
0
0
0
0
0
0
0
0
0
0
0
2813
2849
2835
2823
2854
2814
2817
2839
2824
2859
2768
2819
0
0
0
0
0
0
0
0
0
583
436
720
671
0
0
0
0
0
0
0
0
0
0
0
2835
2872
2854
2820
2815
2837
2817
2848
2817
2815
2900
2847
