2837
2806
2840
2813
2781
2845
2813
2839
2813
2807
2835
2845
285
320
289
295
302
288
327
246
291
310
306
303
254
254
292
261
272
266
258
303
266
266
276
287
2819
2817
2815
2855
2736
211
241
189
256
228
234
208
437
478
471
464
493
469
466
480
477
508
464
467
2501
582
591
645
603
620
571
560
630
634
592
656
809
810
785
790
790
784
813
789
798
791
787
798
846
827
871
832
833
842
836
877
831
832
848
850
688
707
704
750
704
698
720
701
747
709
713
710
430
495
422
407
459
493
478
497
493
530
491
494
2855
2812
2816
2829
2814
2855
2814
2811
2832
2813
2864
2851
1162
1173
1301
1351
1429
1479
1507
1609
1653
1719
1757
1830
2834
2816
2852
2799
2772
2833
2815
2845
2814
2815
2839
2843
1074
1139
1152
1250
1348
1345
1426
1489
1503
1575
1623
1708
208
211
243
215
241
210
221
241
225
254
234
233
289
273
277
304
278
285
291
287
331
286
293
290
2814
2837
2814
2813
2847
2802
2832
2815
2814
2833
2814
2815
2039
2113
2178
2223
2238
2311
2346
2387
2437
2465
2494
2508
369
395
371
401
378
385
400
383
414
389
385
389
237
232
262
234
230
236
240
263
238
247
254
261
2823
2822
2815
2848
2861
2827
2820
2817
2838
2814
2826
2815
402
449
412
402
433
410
425
412
417
441
420
423
646
1170
1291
1356
816
1615
687
1745
1759
2155
2044
847
726
813
727
752
733
737
753
737
752
752
726
797
783
783
798
791
821
784
800
801
781
815
791
793
812
797
794
822
791
815
799
797
830
798
807
823
2818
2837
2813
2878
2838
2814
2832
2829
2817
2848
2811
2805
2668
2736
2775
2811
2815
2853
2810
2818
2819
2811
2847
2851
637
670
636
634
649
635
678
641
645
655
748
832
2822
2800
2835
2823
2826
2822
2803
2843
2806
2825
2815
2723
308
310
307
339
307
310
322
314
401
481
534
622
207
208
222
209
256
219
214
235
225
261
229
224
2863
2814
2817
2825
2817
2848
592
289
240
240
240
267
493
554
638
661
755
817
848
1010
1106
1182
1235
1302
579
571
613
576
576
591
576
616
576
585
597
592
486
498
464
528
539
493
510
496
528
496
511
493
863
254
303
271
347
302
305
282
281
324
270
337
2849
2828
2821
2833
2811
2847
2813
2815
2839
2810
2843
2832
434
432
432
434
452
352
479
449
431
449
434
436
655
638
669
636
636
655
640
762
643
638
661
662
750
768
739
778
747
748
771
755
765
752
751
752
771
768
801
774
816
784
785
801
786
819
786
785
752
777
777
791
774
812
775
781
798
784
799
826
2309
2293
2386
2415
2448
2104
2544
2582
2630
2417
2677
2724
2208
2274
2308
2365
2409
2416
2477
2528
2559
2618
2638
2699
629
657
635
652
642
639
667
641
645
645
679
645
2813
2807
2777
2811
2838
2811
2813
2844
2811
2826
2817
2815
256
241
250
278
254
263
265
249
292
267
303
259
145
159
159
146
189
160
164
167
165
204
175
173
2854
2816
2811
2829
2814
2845
2816
2812
2825
2807
2839
2861
472
493
472
496
464
477
503
477
495
481
490
487
527
528
549
529
549
533
534
554
530
561
541
542
581
573
569
619
564
592
575
571
605
580
593
599
2813
2833
2818
2823
2844
2813
2832
2815
2814
2842
2815
2812
2518
2587
2615
2670
2705
2723
2797
2834
2814
2811
2842
2833
523
551
525
503
528
529
560
534
550
539
539
537
704
699
733
710
707
711
707
738
713
705
722
719
806
786
795
816
789
802
791
789
826
794
801
810
829
795
816
795
842
801
795
810
802
827
800
792
2857
2822
2829
2826
2816
2862
2810
2815
2822
2815
2848
818
887
898
889
912
882
890
912
888
915
883
899
886
886
875
911
879
864
888
875
912
884
880
891
898
750
767
753
794
751
750
765
751
799
756
754
755
2807
2821
2818
2813
2842
2815
2816
2830
2815
2855
2815
2815
368
328
324
347
323
368
333
336
357
339
381
374
2805
2893
2449
656
219
133
161
205
161
210
146
204
2833
2818
2846
2817
2830
2816
2815
2854
2817
2818
2833
2838
1786
1147
1742
865
1626
1577
767
1283
366
1266
1258
1317
0
536
0
442
0
0
278
0
325
0
0
0
2878
2894
2823
2839
2863
2848
2827
2817
2832
2796
2866
2853
2815
2862
2812
2811
2822
2811
2849
2816
2815
2823
2811
2813
2835
2816
2862
2814
2810
2834
2817
2859
2814
2815
2770
2823
2814
2836
2815
2858
2817
2815
2833
2811
2855
2820
2815
2815
2811
2805
2832
2815
2845
2809
2817
2839
2811
2839
2815
2926
1068
1474
1567
882
1584
1104
1650
1821
1103
1923
1808
1812
0
0
0
0
0
0
0
0
0
0
0
0
2834
2815
2835
2809
2829
2843
2803
2845
2736
2816
2845
2842
2309
1357
2445
2552
2003
2444
1333
2522
2818
2411
2816
2814
1111
1201
0
881
842
0
480
0
163
112
0
0
2822
2849
2814
2839
2807
2813
2832
2812
2851
2812
2816
2817
2780
2819
2822
2814
2838
2817
2814
2823
2812
2865
2816
2821
0
0
0
0
0
0
0
0
0
0
0
0
2793
2859
2818
2819
2829
2816
2863
2813
2813
2825
2820
2795
0
1004
262
1192
1327
688
1055
330
1407
1654
0
1217
0
0
0
0
0
0
0
0
0
0
0
0
528
420
0
203
0
329
392
0
504
0
688
451
2841
2817
2815
2828
2810
2864
2814
2815
2828
2811
2863
2864
2347
1137
2189
2330
1799
2312
1492
2464
2656
2029
2352
2819
0
0
0
0
106
0
784
181
1552
1641
1271
1335
2821
2829
2811
2862
2814
2815
2829
2816
2862
2813
2815
2811
1995
2064
1907
2829
2864
2815
2812
2832
2809
2863
2815
2815
0
0
0
0
0
0
0
0
0
0
0
0
2815
2847
2818
2810
2839
2818
2846
2832
2849
2871
2814
2806
2834
2803
2831
2817
2813
2842
2818
2843
2816
2839
2842
2833
29
0
577
234
511
623
0
391
49
0
0
0
0
0
0
0
0
0
0
0
0
0
0
0
2832
2849
2831
2882
2826
2871
2845
2836
2858
2834
2825
860
2811
2834
2811
2815
2708
2818
2829
2817
2812
2843
2819
2815
2839
2810
2833
2823
2816
2832
2813
2841
2820
2811
2845
2844
2817
2853
2826
2818
2827
2816
2855
2818
2817
2825
2815
2816
2819
2815
2848
2819
2830
2815
2817
2848
2815
2831
2821
2822
0
0
0
0
0
0
0
0
0
0
0
0
0
0
0
0
0
0
0
0
0
0
0
0
2835
2818
2814
2832
2817
2861
2815
2823
2839
2823
2855
2855
0
0
0
0
0
0
0
0
0
0
0
0
0
0
0
0
0
0
0
0
0
0
0
0
2817
2832
2811
2839
2817
2814
2833
2816
2849
2814
2816
2812
2815
2815
2832
2813
2863
2816
2816
2832
2812
2844
2811
2815
2855
2815
2818
2833
2811
2850
2814
2814
2842
2815
2837
2853
2821
2845
2817
2818
2842
2820
2838
2801
2817
2850
2815
2816
2844
2819
2827
2821
2815
2845
2821
2827
2800
2817
2849
2853
2819
2837
2819
2846
2814
2821
2838
2816
2841
2817
2814
2816
2823
2818
2853
2821
2822
2829
2814
2858
2818
2826
2825
2831
2837
2818
2825
2848
2815
2848
2825
2797
2846
2819
2829
2830
1872
1802
1377
1835
662
1649
1856
1421
2077
971
1971
2010
2852
2818
2823
2419
2555
1173
2302
2353
2131
2307
1275
1158
2817
2862
2817
2817
2860
2818
2864
2909
2816
2827
2817
2821
1019
1522
391
1161
1353
779
1346
349
1472
1009
831
835
2496
2190
2535
1607
2641
2778
2292
2819
2848
2818
2813
2815
2821
2814
2845
2821
2849
2821
2816
2845
2816
2834
2816
2819
305
593
787
0
0
1353
1042
1928
0
2038
2864
2863
1232
654
1091
1333
339
1223
720
1203
1515
380
1391
1470
1091
1777
1304
1510
1535
656
1521
1216
1277
1599
336
131
2815
2844
2818
2837
2810
2825
2853
2863
2836
1168
542
0
0
0
0
0
0
0
0
0
0
0
0
0
0
0
0
0
0
0
0
0
0
0
0
0
2816
2845
2816
2821
2403
2811
2835
2829
2815
2687
2816
2819
0
0
0
0
0
0
0
0
0
0
0
0
0
0
0
0
0
0
0
0
0
0
0
0
2831
2814
2851
2816
2815
2823
2809
2855
2816
2818
2823
2831
2823
2829
2844
2852
2815
2824
2820
2822
2851
2821
2800
2816
2819
2775
2559
2826
2862
2815
2816
2613
2817
2870
2762
2821
2864
2816
2817
2832
2822
2870
2821
2815
2837
2819
2858
2859
2817
2864
2821
2816
2831
2821
2864
2817
2816
2832
2812
2821
690
1232
454
1123
1151
587
1069
0
1072
1066
439
711
276
0
218
0
0
371
0
445
192
755
867
1127
2832
2831
2829
2818
2855
2819
2850
2864
2818
2802
2818
2815
0
100
355
0
263
0
0
193
0
496
0
112
0
0
0
0
0
0
0
0
0
0
0
0
0
0
0
0
0
0
0
0
0
0
0
0
0
0
0
0
0
43
0
783
943
549
738
1408
0
0
0
0
0
0
0
0
0
0
0
0
1280
886
1057
0
463
323
0
435
0
441
532
489
2822
2832
2736
2815
2832
2814
2835
2753
2694
2844
2818
2814
0
0
0
0
0
0
0
0
0
0
0
0
0
0
0
0
0
0
0
0
0
0
0
0
781
1008
0
1127
1076
823
1064
194
1272
1289
943
944
0
0
0
0
0
1040
363
1126
0
2815
2826
2809
0
0
0
0
0
0
0
0
0
0
0
409
2853
2815
2817
2826
2794
2853
2816
2815
2885
2822
2862
2859
2816
2857
2803
2807
2828
2816
2847
2816
2815
2913
2807
2817
0
0
0
0
0
0
0
0
0
0
0
0
2819
2799
2813
2864
2817
2815
2832
2822
1625
1328
0
0
2819
2815
2827
2817
2864
2818
2813
2831
2828
2842
2815
2817
0
0
0
0
0
0
0
0
0
0
0
0
2256
1675
2235
2331
1754
2431
1968
2654
2811
2175
2813
2800
2845
2814
2835
2821
2815
2846
2814
2833
2820
2811
2870
2846
2813
2832
2807
2855
2816
2813
2842
2805
2832
2814
2817
2815
0
0
0
0
0
0
0
0
0
0
0
0
2816
2831
2819
2854
2816
2807
2814
2816
2832
2817
2830
2815
2818
2837
2818
2819
2843
2816
2833
2822
2801
2851
2813
2818
2843
2820
2827
2823
2817
2864
2830
2822
2813
2828
2843
2859
2818
2851
2816
2827
2820
2814
2848
2816
2829
2826
2818
2799
2832
2815
2854
2825
2813
2672
2803
2849
2821
2836
2831
2832
2815
2832
2809
2868
2822
2831
2843
2821
2874
2816
2822
2819
2818
2813
2397
2883
2870
2890
2815
2365
2802
2851
2819
2820
2859
2819
2815
2826
2838
2927
2819
2821
2817
2816
2863
2851
2809
2859
2810
2815
2817
2811
2869
2819
2834
2832
2811
2815
639
1162
176
1089
977
461
1079
66
1089
1172
496
511
254
0
0
0
0
0
0
0
0
0
0
0
1633
1648
909
1559
543
1633
1652
1007
1680
891
1806
1696
0
0
0
0
0
0
0
0
0
0
0
0
0
0
0
0
0
0
0
0
0
0
0
0
2833
2815
2846
2831
2839
2831
2813
2846
2811
2807
2838
2833
0
0
0
0
0
0
0
0
0
0
0
0
0
0
0
0
0
0
0
0
0
0
0
0
2845
2821
2819
2827
2705
2847
2817
2811
2832
2816
2849
2835
2821
2826
2837
2819
2863
2815
2810
2827
2822
2866
2813
2821
2851
2816
2828
2770
2811
2717
2817
2830
2597
2819
2841
2862
2815
2858
2821
2820
2811
2813
2857
2817
2826
2705
2812
2816
1375
1827
783
1871
1854
1070
1860
1288
1773
1763
1087
935
1856
1419
2011
945
1968
2144
1843
2197
1287
2259
2256
2376
912
912
511
1090
3
1171
1192
786
1233
114
1169
1275
2849
2819
2845
2823
2828
2864
2821
2832
2832
2817
2848
2843
1152
2097
2501
2679
1780
0
2864
2815
2821
1807
2821
2917
1395
1798
1243
1888
1908
1263
1925
1137
1915
1997
1333
1392
2780
2263
2733
2032
2704
2559
1808
2586
1691
2492
2398
2262
2818
2822
2834
2820
2855
2814
2816
2828
2804
2858
2819
2820
207
1119
1084
455
1151
55
895
1035
653
1243
136
400
463
0
0
151
0
0
0
0
0
0
144
353
2618
2826
2544
2827
2821
2273
2830
2224
2815
2845
2455
2627
0
0
0
0
0
0
0
0
0
0
0
0
0
0
0
0
0
0
0
0
0
0
0
0
718
1330
1262
439
1206
596
1223
1322
627
1409
609
944
0
1044
2063
2075
883
2815
2842
2809
2815
2803
2818
2818
0
0
0
0
0
0
0
0
0
0
0
0
2817
2129
2608
1948
1956
1949
703
1566
1093
915
869
877
1762
1865
880
1827
1706
1686
1771
743
1747
1752
1767
1808
732
817
847
172
943
716
1233
1302
415
375
1616
1744
1824
1792
1517
1878
647
1897
1856
1535
2034
857
1968
2127
2844
2821
2832
2800
2775
2833
2815
2830
2746
2818
2736
2800
2191
748
1441
2036
1863
2527
1495
2396
2330
1735
2832
2800
2028
2117
1047
2211
2178
1735
2123
1296
2178
2146
1856
2000
2815
2832
2818
2858
2817
2815
2832
2821
2863
2822
2815
2807
2928
2811
2829
2819
2847
2819
2821
2852
2819
2849
2813
2820
0
0
0
0
0
0
0
0
0
0
0
0
0
0
0
0
0
0
0
0
0
0
0
0
1711
2160
1055
1985
1979
1405
1911
784
1859
1840
1439
1583
0
0
0
0
0
0
0
0
0
0
0
0
0
0
0
0
0
0
0
0
0
0
0
0
2863
2817
2811
2832
2814
2859
2811
2814
2875
2813
2843
2854
0
0
0
0
0
0
1906
2130
2757
2240
2823
2803
2846
2815
2833
2815
2816
2847
2817
2829
2804
2815
2847
2843
2816
2843
2778
2823
2817
2813
2848
2817
2834
2821
2817
2815
2813
2819
2839
2815
2848
2820
2857
2838
2819
2893
2832
2819
0
0
0
0
0
0
0
0
0
0
0
0
0
0
0
0
0
0
0
0
0
0
0
0
307
1163
1366
677
1184
80
1124
1237
631
1067
357
363
0
0
0
0
0
0
0
0
0
0
0
0
2832
2819
2853
2811
2817
2826
2813
2850
2813
2815
2822
2828
2816
2822
2817
2855
2817
2816
2823
2821
2849
2816
2816
2913
2817
2824
1232
2832
2850
2819
2816
2818
2818
2861
2816
2813
0
0
0
0
0
0
0
0
0
0
0
0
2753
1866
2389
2114
1086
1514
704
1082
771
0
325
304
459
1011
183
1215
1375
702
1361
543
1440
1491
1005
907
0
0
0
0
0
0
0
0
0
0
0
0
0
0
0
0
0
0
0
0
0
0
0
0
2859
2819
2814
2832
2902
2843
2819
2798
2786
2813
2859
2851
0
0
0
0
0
0
0
0
0
0
0
0
2822
2806
2843
2814
2807
2845
2818
2846
2818
2861
2841
2850
2816
2832
2814
2863
2815
2814
2832
2811
2861
2823
2815
2819
2815
2814
2832
2823
2849
2813
2847
2820
2789
2848
2835
2819
0
0
0
0
0
0
0
0
0
0
0
0
2191
1812
1627
1510
688
1271
620
983
1136
171
1137
1423
2841
2819
2835
2811
2816
2847
2821
2833
2817
2813
2844
2842
2821
2853
2814
2821
2832
2811
2858
2817
2815
2832
2821
2819
2819
2815
2833
2820
2823
2821
2822
2849
2821
2832
2819
2821
2832
2817
2871
2844
2830
2843
2807
2819
2845
2814
2849
2831
0
0
0
0
0
0
140
136
2544
2849
2821
2818
209
886
664
0
593
0
1091
1088
928
1506
591
2900
2183
250
336
0
0
0
0
0
0
0
0
0
2821
2818
2855
2816
2816
2825
2812
2861
2816
2815
2448
2391
0
0
0
0
0
0
0
0
0
0
0
0
2881
2828
2187
2384
1159
2845
819
0
0
0
0
0
2854
2815
2815
2826
2815
2848
2816
2825
2829
2816
2854
2851
549
1264
643
0
0
0
0
0
0
0
0
0
0
410
5
1618
2303
2429
2823
2856
2814
2811
2826
2833
2805
2850
2820
2835
2811
2816
2837
2818
2845
2813
2771
2827
0
495
0
0
0
1466
1023
0
0
1824
1880
1661
1115
1795
1848
0
0
0
0
0
0
0
0
0
2821
2811
2906
2817
2843
2813
2844
2817
2811
2839
2819
2816
2839
2815
2839
2819
2820
2423
2815
2839
2819
2814
2844
2836
2820
2848
2818
2831
2817
2821
2845
2815
2826
2822
2815
2812
0
0
0
479
770
511
1463
527
1780
2002
1535
1647
2832
2817
2813
2848
2811
2843
2821
2815
2841
2814
2816
2838
0
0
0
0
0
0
0
0
0
0
0
0
1111
2314
2192
1831
2146
871
2078
2132
1887
2187
1069
1019
2814
2850
2818
2829
2817
2818
2851
2815
2813
2819
2817
2815
1855
2791
1347
2274
2814
2831
2816
2864
2811
2815
2832
2831
0
0
0
0
0
0
0
0
0
0
0
0
0
0
0
0
0
0
0
0
0
0
0
0
0
0
0
0
0
0
0
0
0
0
0
0
2800
2855
2805
2800
2755
2819
2848
2392
2199
1179
2087
2111
2862
2815
2862
2814
2815
2832
2817
2854
2817
2787
2211
1645
2800
2842
2817
2839
2816
2804
2844
2816
2854
2816
2807
2815
0
0
0
0
0
0
0
0
0
627
2832
2828
2869
2845
2819
2817
2817
2852
1186
0
0
0
0
1317
2820
2828
2534
2497
687
963
176
0
0
0
2175
2821
0
0
656
2821
2810
2851
2818
2828
2831
2816
2854
2852
2822
2864
2820
2815
2835
2818
2864
2807
2818
2832
2818
2826
0
0
0
0
0
0
0
0
0
0
0
0
2815
2826
2809
2853
2816
2815
2832
2819
1397
1940
1496
902
0
0
766
2778
2851
2822
2834
2812
2845
2874
2861
2832
2849
2819
2816
2832
2811
2858
2816
2819
2823
2814
2853
2858
2829
2843
2818
2817
2825
2817
2863
2821
2817
2830
2823
2815
2826
2800
1641
1740
1456
155
0
2858
2815
2823
2830
2834
2819
2838
2818
2870
2821
2815
1211
0
0
0
0
0
2218
2323
1239
2207
2192
1999
2354
1297
2291
2044
1430
1089
2484
2112
2186
831
1588
1296
1163
1392
423
1623
1654
1806
0
0
0
0
0
0
0
0
0
0
0
1001
0
0
23
0
0
0
0
0
0
0
0
0
1052
0
688
704
631
794
0
1267
1461
1517
2256
2817
0
0
0
0
0
0
0
0
0
450
894
1519
2410
2367
2849
2858
2815
2818
2350
2656
1313
1803
1344
1224
2822
2817
2830
2818
2859
2820
2819
1939
2096
912
2126
2208
2857
2821
1802
1163
1273
0
0
0
0
705
0
384
223
0
105
463
0
704
0
1039
1008
577
1158
1165
0
230
0
0
246
0
428
0
753
1037
507
528
2818
2828
2819
2861
2823
2819
2836
2823
2859
2832
2819
2817
2047
1996
1121
1992
1517
1935
1803
1191
1669
1208
1651
1505
249
565
529
0
336
0
0
386
0
563
0
184
2818
2849
2821
2821
2840
2812
2855
2818
2814
2837
2820
2822
0
0
0
0
0
0
0
0
0
0
0
126
2810
2760
2817
2860
2815
2818
2799
2896
2859
2815
2819
2813
2184
2150
1527
2133
1440
2085
2095
1314
1815
1139
1644
1585
2864
2816
2821
2835
2819
2848
2819
2819
2862
2821
2837
2835
0
0
0
0
0
0
0
0
0
0
0
0
0
0
0
0
0
0
0
0
0
0
0
0
2806
2852
2815
2823
2831
2822
2848
2818
2822
2823
2816
2816
2479
2821
2077
2637
2590
2084
2659
1795
2596
2663
1991
1824
1280
1047
1488
175
1441
1500
1146
1630
339
1609
1624
1674
2433
2432
1983
2233
1292
2243
2324
2047
2800
2852
2818
2815
0
0
0
0
0
0
0
0
631
1576
14
1296
1383
603
1445
1438
708
1111
0
583
482
0
0
0
0
0
0
0
0
0
0
0
0
0
0
0
2826
2799
2818
2901
2807
2843
899
603
0
0
0
0
0
0
0
0
0
0
0
0
0
0
0
0
2847
2815
2813
2838
2811
2835
2822
2816
2845
2816
2829
2831
2819
2842
2822
2820
2846
2815
2834
2824
2817
2850
2816
2815
0
0
0
0
0
0
0
0
0
0
0
0
2814
2849
2810
2832
2826
2816
2847
2815
2827
2832
2813
2815
757
1296
659
2000
2257
2111
2822
2851
2823
2832
2822
2823
1628
0
0
0
1044
2050
2173
2782
1239
1425
1488
1426
2815
2834
2815
2602
1255
2753
2837
2821
2819
2823
2811
2817
2267
2816
2832
2706
2815
2845
2818
2834
2816
2813
1599
2319
0
0
0
0
0
0
0
0
0
0
0
0
0
10
0
0
0
0
0
0
0
0
0
0
1136
1010
1634
559
1680
1732
1273
1755
999
2634
2612
2818
2817
2819
2835
2817
2864
2818
2817
2834
2814
2855
2811
2818
0
0
0
0
0
0
0
0
0
0
0
0
2816
2859
2819
2819
2832
2819
2865
2821
2819
2828
2816
2781
0
0
0
0
0
0
0
0
0
0
0
0
2739
2841
2800
2838
2815
2815
2843
2816
2832
2818
2817
2816
0
0
0
0
0
0
0
0
0
0
0
0
0
0
0
0
0
0
0
0
0
0
0
0
2815
2852
2815
2811
2838
2816
2816
2825
2817
2842
2813
2828
2842
2803
2849
2818
2816
2838
2821
2848
2819
2817
2832
2846
2823
2835
2818
2841
2821
2816
2843
2813
2846
2807
2816
2816
2819
2817
2837
2817
2847
2815
2815
2844
2815
2862
2817
2813
0
0
0
0
0
0
0
0
0
0
2288
2672
0
0
0
0
0
1873
2815
2827
2818
2854
1654
418
0
0
0
0
0
0
0
0
0
0
0
0
2814
2854
2814
2820
2821
2817
2851
2825
2849
2863
2781
2807
1450
1572
91
0
0
0
0
0
0
0
0
0
0
0
0
0
0
0
0
0
0
0
0
0
2819
2805
2825
2811
2863
2813
2815
2830
2813
2865
2817
2811
2833
2816
640
0
0
0
0
0
0
0
0
0
2819
2862
2818
2811
2832
2820
2864
2818
2817
2814
2818
2815
2833
2815
2855
2847
2820
2846
2817
2871
2833
2815
2832
2828
2817
2839
2807
2861
2818
2813
2859
2853
2849
2860
2819
2815
2815
2811
1971
2605
2148
2283
2401
1600
2559
2500
2559
2397
1888
2537
2518
1691
2288
1532
2116
2291
1226
2226
1272
1096
2810
2864
2819
2823
2835
2816
2859
2818
2819
2833
2791
2816
1339
1936
1136
1835
2554
1759
2358
1776
2819
2817
2038
2797
1169
289
1362
1348
1323
1842
999
2064
2060
2149
2429
2355
2815
2806
2841
2815
2832
2813
2809
2841
2818
2833
2809
2814
2843
2817
2817
2846
2815
2830
2801
2819
2839
2818
2848
2842
2554
2304
2346
2503
1447
2303
2098
2272
2448
1767
2506
2445
619
1489
1392
1200
1495
399
1310
1262
1042
1434
231
299
2815
2841
2832
2830
2825
2821
2839
2831
2821
2814
2829
2815
0
0
0
0
0
0
0
0
0
0
0
0
869
0
503
0
0
228
0
92
0
0
59
85
2773
2815
2827
2816
2861
2821
2821
2830
2819
2855
2822
2817
227
1137
832
0
234
0
0
0
0
0
0
0
1572
559
1939
2113
1952
2815
2853
2827
2819
2880
2817
2819
2834
2814
2863
2821
2817
2833
2815
2864
2813
2798
2836
2835
2817
2833
2821
2862
2819
2817
2831
2804
2853
2852
2817
2815
1995
2459
1703
2251
1535
2084
2142
1471
1648
161
0
0
2864
2821
2817
2835
2815
2858
2817
2818
2838
2807
2863
2512
2815
2864
2817
2817
2799
2820
2864
2811
2817
2851
2821
2819
0
879
502
591
639
0
624
112
480
731
480
757
0
0
0
0
0
0
0
0
0
0
208
406
2826
2807
2845
2816
2832
2827
2819
2851
2819
2830
2841
2791
2829
2831
2817
2853
2820
2836
2859
2853
2858
2800
2844
2866
2814
2834
2814
2795
1711
2342
2084
1453
1649
683
1403
1488
999
2239
2837
2847
2800
2559
2830
2827
2813
2832
2671
2022
1568
2355
2688
2482
1567
2816
2854
2822
2816
2814
2822
2821
0
290
0
0
84
0
0
0
0
0
0
0
0
0
0
0
0
0
0
0
0
0
0
0
2815
2807
2821
2843
2846
2782
2833
2830
2825
2849
2822
2817
0
872
1050
639
991
0
1072
1011
406
926
293
59
318
0
0
0
0
0
23
0
572
0
832
997
2831
2813
2863
2815
2819
2829
2815
2859
2817
2817
2826
2834
0
0
0
0
0
0
0
0
0
0
0
0
0
379
0
565
21
0
333
0
419
81
0
0
2384
2660
2529
1843
2320
1778
2115
2121
1263
2213
2022
2096
2848
3006
2833
2821
2839
2834
2838
2828
2811
2849
2817
2817
0
0
0
0
247
0
359
306
0
447
0
0
532
0
418
0
0
0
0
0
0
0
0
0
2832
2810
2845
2811
2878
2820
2817
2846
2817
2837
2821
2817
0
0
0
0
0
0
0
652
0
864
1570
1696
0
976
1631
2732
2860
2903
2860
2816
2816
2862
2819
2768
2849
2813
2835
2817
2734
2843
2827
2831
2822
2818
2855
2854
2817
2858
2818
2832
2793
2821
2851
2393
367
1119
797
158
0
1121
880
2692
2754
2439
2614
1083
849
0
0
0
708
0
0
0
240
996
1419
2633
2855
2816
2827
2823
2813
2832
2829
2815
2932
2800
2813
2830
2816
2864
2820
2817
995
2822
2800
2829
2815
2863
2288
837
0
0
0
0
0
0
0
0
0
1086
944
1730
1641
386
368
0
1638
1578
415
1370
1514
1290
2511
2865
2817
2815
2832
2832
66
0
60
0
0
0
0
0
0
0
162
1004
0
0
0
0
0
1277
1734
1447
2099
1004
833
0
1448
2160
1936
1074
1424
228
1104
2077
1279
2223
2024
1923
2792
2864
2825
2815
2559
2387
2083
2795
2727
2039
2821
2821
1054
1359
640
792
656
0
955
544
1101
1114
357
0
2805
2096
2816
2856
2811
2814
2363
2806
2847
2730
2643
2401
2826
2823
2859
2849
2874
2825
2837
2848
2818
2832
2842
2826
2844
2795
2814
1535
2255
1920
1840
1644
378
1034
778
1038
2107
1832
239
0
0
0
0
0
0
0
0
0
1750
2224
1848
2115
2219
1459
2480
2056
2559
2590
1743
1883
64
0
25
0
0
0
0
0
59
0
622
0
0
0
0
0
0
0
0
0
0
0
0
0
1028
1756
787
0
859
772
829
1020
0
1099
1092
904
2684
1154
2816
2800
2834
2760
2854
2818
2810
2834
2471
2831
0
0
0
0
0
0
19
0
0
144
0
0
656
0
551
560
0
464
0
0
288
0
177
0
2805
2804
2855
2817
2818
2822
2823
2858
2819
2817
2825
2832
0
0
0
0
0
0
0
0
0
0
0
0
0
0
0
0
0
0
0
0
0
0
0
0
2863
2815
2832
2768
2814
2834
2819
2832
2818
2807
2849
2845
0
0
0
0
0
0
0
0
0
0
0
416
0
0
0
0
0
0
0
0
0
0
0
0
2830
2544
2832
2592
2831
2818
2375
2737
1586
2691
2692
2690
2825
2813
2822
2815
2859
2817
2816
2818
2819
2851
2820
2826
0
996
1072
559
980
0
1217
1076
784
1136
0
35
962
0
691
498
0
364
0
0
245
0
303
240
2047
2667
1952
2724
2694
1840
2608
2024
2658
2767
1959
1839
1936
1484
2352
1571
2193
767
1665
2135
1755
2415
2526
2813
1728
1800
1335
1981
810
1874
1990
1535
1991
925
2085
2127
2863
2817
2817
2559
2817
2863
2817
2815
2332
2818
2848
2861
2498
1704
2383
2834
2882
2818
2893
2823
2815
2833
2815
2813
0
576
54
798
923
324
1071
633
1185
1362
383
511
386
0
189
80
0
207
0
170
0
0
116
100
2813
2815
2835
2814
2850
2819
2816
2841
2815
2855
2816
2795
0
0
0
0
0
0
0
68
0
0
0
96
873
304
2075
2278
1327
976
742
1461
2208
0
703
700
2852
2799
2832
2815
2827
2845
2819
2841
2817
2818
2845
2843
1163
125
885
560
618
611
0
375
113
0
8
0
11
617
0
594
608
0
640
0
577
756
593
297
2842
2832
2842
2861
2845
2862
2827
2382
1235
2192
2128
2081
2821
2848
2835
2821
2844
2817
2837
2823
2835
2843
2817
2818
0
735
544
0
397
0
412
199
0
561
0
0
1618
505
1390
1092
946
795
0
588
608
0
480
427
2819
2818
2855
2815
2835
2817
2813
2847
2819
2831
2826
2815
1264
1389
1521
383
0
2224
1594
1840
934
2066
2320
2112
0
0
0
0
0
0
0
0
0
0
0
0
2850
2815
2827
2814
2816
2843
2817
2821
2613
2818
2860
2856
1623
822
1466
1384
1039
1535
359
1521
1525
1111
1835
1747
0
0
0
0
0
0
0
0
0
0
0
0
2809
2757
2818
2850
2819
2813
2679
2816
2848
2809
2818
2817
2808
2839
2828
2817
2857
2817
2819
2826
2813
2853
2816
2817
0
0
0
0
0
0
0
0
0
0
0
0
22
0
0
0
0
0
0
0
0
0
0
0
2801
2815
2850
2826
2821
2653
2815
2848
2821
2824
2679
2487
0
0
0
0
0
0
0
0
0
0
0
0
1875
1936
1243
1895
1178
1958
2027
1501
2047
1313
2117
2112
385
1003
862
123
923
185
879
883
0
747
34
0
0
0
0
0
0
0
0
799
960
20
880
2089
0
845
0
659
823
0
829
0
868
784
0
332
321
0
171
0
0
0
0
73
0
0
0
0
2901
2819
2903
2815
2827
2821
2803
2832
2816
2836
2825
2819
528
908
1043
322
1578
1066
1402
1494
1143
1971
1579
1424
1247
816
810
911
0
861
805
692
960
0
956
1075
2502
2819
2832
2547
2825
2308
2721
2823
2339
2821
1820
1919
1835
1120
1757
1368
1608
1663
951
1744
1796
1485
1914
1963
0
359
0
396
349
0
449
0
494
592
0
100
2304
1987
2256
1206
1941
1840
1872
2388
1299
2614
2369
2161
2820
2814
2836
2813
2860
2228
1789
283
2029
1471
2818
2602
0
0
275
0
0
0
960
0
0
0
0
1509
2817
2849
2802
2833
2825
2815
2853
2817
2832
839
143
0
2819
2836
2847
2815
2821
2830
2811
2855
2823
2813
2835
2818
0
0
0
0
0
0
0
1479
957
1904
1522
1072
0
0
0
0
0
0
0
0
0
0
0
0
2859
2439
1144
711
1939
2858
2822
2821
2828
2819
2851
2858
0
0
320
1079
1279
2005
1091
2335
2179
1777
1279
604
2843
2811
2849
2826
1676
0
0
0
0
0
0
0
2814
2832
2828
2866
2814
1922
785
1404
557
1986
2445
2818
2819
2827
1232
2515
911
1417
688
1293
2499
2761
2821
2819
0
0
0
0
2347
2855
2821
2820
2836
2816
2752
304
2819
2841
2398
2311
667
1153
560
0
0
0
0
0
2843
2817
2855
2827
2819
2835
2817
2864
2817
2815
2842
2844
2629
2096
2819
2850
2698
2777
2311
2819
2862
2749
2741
2817
1103
742
208
895
121
704
781
0
880
386
784
1072
0
0
95
0
0
0
0
42
0
184
0
0
837
672
0
2388
1872
2606
2342
2654
2818
2341
2810
2729
655
1383
944
1260
1277
265
1243
760
1143
1202
275
369
2725
1817
2434
1904
2217
2289
1251
2110
1818
1975
1961
1840
2817
2820
2827
2814
2864
2821
2815
2832
2818
2864
2817
2822
0
528
399
0
293
0
0
466
0
572
0
0
0
0
0
0
0
0
0
0
0
0
0
0
2834
2821
2838
2769
2817
2826
2813
2848
2809
2817
2850
2848
11
0
0
243
0
0
0
654
808
144
976
933
0
442
0
400
292
0
507
0
536
443
0
0
2845
2818
2820
2853
2816
2898
2807
2830
2864
2804
2849
2834
2863
2187
2816
2817
2862
2803
2835
2819
2723
2831
2813
2823
1572
2511
2866
2832
2843
2868
2378
2827
2814
2157
849
782
2822
2858
2803
2822
2818
2815
2855
2814
2823
2776
2821
2823
2827
2819
2802
2819
2820
2835
2818
2864
2818
2831
2835
2814
479
0
470
0
551
464
0
641
20
687
784
958
0
247
0
371
0
534
671
0
824
117
783
1034
2861
2815
2823
2675
2817
2637
2877
2843
2627
2821
2535
2002
1281
0
1173
1328
779
1195
0
1111
504
779
1358
1177
0
64
0
0
0
0
0
0
0
0
0
0
2326
1744
2288
1375
2477
2496
2039
2714
1531
2639
2805
2819
2791
2830
2849
2813
2873
2819
2810
2829
2814
2863
2816
2818
0
0
0
0
0
0
0
0
0
0
0
0
2896
2857
2822
2821
2289
2807
2857
2806
2602
1599
2099
1563
2224
2821
2859
2816
2819
2291
2817
2864
2816
2815
2765
2847
1847
1151
1351
245
768
463
0
146
0
0
0
0
0
0
0
0
0
0
0
0
0
0
0
0
2841
2815
2817
2845
2791
2837
2822
2815
2845
2817
2833
2827
0
0
0
0
0
1007
474
0
255
1751
2459
1884
1648
2698
2847
2788
2779
2845
2817
2847
2821
2818
2843
2842
495
0
301
357
0
659
0
791
740
799
1012
915
2819
2820
2847
2819
2837
2800
2818
2847
2816
2837
2824
2822
0
0
0
0
0
0
0
0
0
0
0
53
0
0
0
0
0
0
0
0
320
0
842
1151
2845
2815
2817
2832
2818
2855
2822
2818
2829
2817
2862
2858
2820
2851
2777
2815
2830
2815
2858
2819
2816
2196
2559
2194
1104
1948
1221
2288
2559
2219
2818
2860
2806
2815
2415
2123
2816
2833
2816
2864
2822
2826
2834
2818
2855
2821
2817
2818
2813
2826
2825
2813
2848
2816
2822
2835
2815
2858
2814
2818
1616
2203
2342
1404
2119
1584
2313
2828
1839
2832
2878
2874
2813
2853
2821
2817
2118
2512
1744
1573
1420
111
963
463
2841
2817
2850
2821
2823
2835
2817
2861
2815
2818
2832
2847
0
0
0
0
0
0
0
177
0
489
829
947
1233
1111
290
1375
1572
1535
1715
560
1280
1236
1115
1199
0
0
0
0
0
0
0
0
0
0
0
0
0
70
0
0
0
0
0
0
0
0
0
0
1229
1995
2128
2256
2425
1514
2287
2072
2357
2698
2390
2538
2821
2841
2819
2845
2815
2817
2842
2821
2845
2818
2823
2816
2797
2813
2849
2817
2842
2828
2815
2849
2831
2837
2821
2826
0
0
0
0
0
0
0
0
0
0
0
0
1646
1510
906
1322
455
1107
1071
400
1142
446
1405
1070
0
0
0
0
0
0
0
0
0
0
0
0
0
0
351
528
0
904
0
987
0
1041
1535
1434
455
1093
60
1040
1323
590
1232
241
1200
1231
852
562
2822
1901
2671
1712
2464
2207
1678
2373
2021
2275
2544
2183
1460
1808
1155
1803
578
880
1807
1067
1921
976
2816
2816
527
1633
1606
1327
1703
523
1553
1764
1203
1743
880
605
123
0
0
240
0
334
0
0
0
0
211
111
2832
2817
2864
2832
2816
2838
2818
2863
2817
2821
2832
2832
997
0
624
30
545
688
0
775
315
889
1086
811
0
0
0
0
0
0
0
0
0
0
0
0
1128
1723
1711
1059
1585
633
1415
1535
853
1535
853
683
0
0
0
0
0
0
0
0
0
0
0
0
1111
2194
1932
1985
2288
1570
2493
2314
2277
2475
1567
1379
2818
2839
2827
2841
2821
2819
2850
2818
2822
2827
2819
2822
437
2285
1249
2291
2048
896
2822
2843
2815
2841
2830
2823
942
1311
1448
499
1290
738
976
1055
0
897
720
836
742
240
501
767
0
780
576
744
994
0
1056
750
2839
2816
2845
2820
2816
2847
2819
2877
2809
2816
2852
2858
128
0
111
384
739
1139
119
1526
1952
1951
2320
2361
1167
1472
367
1498
1664
1343
1675
719
1943
1906
1667
1644
2822
2826
2813
2854
2815
2819
2817
2815
2857
2814
2817
2814
2473
2282
2827
2839
2883
2802
2848
2832
2828
2778
2829
2838
1445
2221
1884
1727
1886
880
2095
2260
2384
2815
2871
2847
1495
381
1399
1202
739
823
0
698
792
847
1578
2224
1031
2829
2863
2818
2815
2304
2817
2864
2819
2817
2531
2815
0
0
0
0
0
0
0
0
0
0
0
0
0
0
0
0
0
0
0
0
0
0
0
0
2867
2812
2818
2649
2818
2867
2816
2823
2551
2815
2863
2859
0
0
0
0
0
0
0
0
0
0
0
0
0
0
0
0
0
0
0
0
0
0
0
0
2822
2838
2832
2854
2815
2812
2015
2743
2099
2355
2269
1805
2394
2175
1168
1850
1432
1235
1148
0
1124
640
354
399
2867
2818
2812
2183
2659
1571
2523
2224
1361
1879
1095
478
2816
2863
2763
2819
2820
2821
2864
2811
2827
2832
2822
2819
2835
2818
2844
2800
2816
2843
2813
2850
2816
2819
2842
2847
0
0
0
0
0
0
0
767
874
880
1469
2034
0
0
0
0
0
0
0
0
0
0
0
0
0
0
0
0
0
0
0
0
0
0
0
0
1440
1184
848
864
0
469
112
0
0
0
0
0
2861
2819
2829
2826
2827
2854
2823
2826
2710
2820
2467
1383
2817
2853
2823
2813
2823
2817
2859
2815
2813
2831
2829
2815
1987
550
2860
2811
2819
2800
2808
2853
2815
2879
2840
2826
1268
880
987
0
1014
1043
357
598
0
374
600
549
2816
2828
2764
2811
2847
2819
2612
1902
2093
770
1899
1367
2859
2822
2816
2832
2809
2862
2818
2815
2832
2811
2849
2867
475
0
507
463
0
751
752
1767
2287
1575
2660
2501
0
172
182
773
1078
255
1347
1504
2101
2530
1967
1771
2815
2403
2821
2830
2814
2800
2834
2821
2862
2823
2847
2818
0
0
0
0
0
0
0
0
0
0
0
0
0
0
0
0
0
0
0
0
0
0
0
0
0
0
334
982
0
387
0
0
64
0
976
1439
0
0
1768
2821
2814
2487
2829
2859
2822
2832
2773
2852
2828
1251
1879
2052
2199
1598
18
961
448
0
0
0
2816
2814
2873
2812
2841
2825
2821
2880
2736
1906
868
129
2830
2809
2848
2809
2848
2858
2820
2845
2833
2819
2881
2832
0
0
0
0
0
0
321
0
1190
531
1409
1694
0
0
0
0
0
0
0
0
0
0
0
0
2810
2867
2816
2815
2827
2814
2867
2815
2816
2833
2827
2810
2832
2810
2878
2824
2823
2834
2814
2864
2825
2816
2839
2853
1152
0
745
182
911
805
0
1019
354
1138
1153
1152
2819
2826
2098
2545
1792
2330
2351
1287
1903
1177
1523
1244
2864
2820
2815
2832
2830
2864
2818
2815
2839
2818
2864
2863
0
0
0
0
0
0
0
0
0
0
0
0
0
0
0
0
0
0
0
0
0
0
0
0
2816
2871
2815
2857
2822
2812
2845
2896
2828
2821
2800
2819
0
0
0
0
0
0
0
0
0
0
0
0
1313
1829
1744
714
1375
802
907
1164
269
795
470
352
2800
2842
2818
2815
2849
2819
2791
2881
2818
2850
2813
2829
0
0
0
0
992
676
1522
2200
2379
2818
2835
2864
2735
1598
2299
2220
2329
2267
1360
2512
2400
2333
2476
2654
2826
2817
2647
2494
2181
1617
1908
240
1375
1136
342
0
2814
2823
2815
2857
2821
2804
2821
2833
2864
2817
2814
2814
0
0
0
0
0
0
0
0
0
0
0
0
0
0
0
0
0
0
0
0
0
0
0
0
2816
2855
2815
1248
0
0
0
0
0
0
0
1043
755
1695
723
1707
1300
135
0
0
0
0
0
0
2817
2831
2818
2862
2809
2816
2787
2816
2868
2816
2811
2743
2818
2813
2831
2813
1423
1843
1697
1623
2816
2857
2818
2819
2851
2595
2826
2819
2816
2823
2759
2814
2853
2709
2855
2852
0
0
0
0
0
0
352
1632
785
438
1741
1011
0
124
0
192
275
0
0
0
0
0
0
0
2815
2838
2850
2880
2810
2832
2866
2823
2832
2821
2822
2832
0
0
0
0
0
0
0
0
0
0
0
0
0
500
439
0
90
0
0
0
0
0
0
0
2818
2869
2820
2818
2834
2818
2861
2814
2816
2835
2817
2847
0
1155
848
0
0
255
0
1133
1103
2800
2123
2837
2817
2847
2820
2843
2819
2816
2815
2817
2842
2817
2818
2821
2817
2796
2842
2810
2871
2815
2798
2833
2816
2859
2867
2821
2846
2819
2822
2843
2779
2851
2836
2804
2848
2820
2841
2882
0
0
0
0
0
0
0
0
0
0
0
0
0
0
0
0
0
0
0
0
0
0
0
0
2625
1558
2427
2010
2146
2415
1424
2426
2036
2192
2316
2439
0
128
0
605
624
0
752
0
849
880
405
407
1181
956
1335
145
1392
1448
1063
1427
463
1630
1986
1864
2811
2767
2786
2823
2897
2816
2817
2829
2815
2864
2826
2829
1614
0
2737
1876
2818
2845
2818
2817
2918
2823
2861
2866
1011
0
939
882
551
932
0
729
816
780
775
841
2147
2619
1387
2450
2496
1927
2255
1088
2177
2147
1407
1079
2002
1457
1955
639
1552
1866
1375
1639
455
1651
1694
1511
0
0
0
0
0
0
0
0
0
0
0
0
0
0
0
0
0
0
0
0
0
0
0
0
2828
2875
2845
2822
2845
2816
2839
2826
2818
2844
2821
2811
0
1389
1026
859
983
235
1122
1196
745
680
0
0
2866
2735
2803
2835
2785
2816
2749
2818
2857
2816
2817
2802
2825
2832
2928
2807
2887
2806
2814
2831
2801
2860
2816
2816
2854
2820
2814
2846
2821
2790
2811
2818
2848
2806
2834
2853
0
0
0
0
0
0
0
0
0
0
0
0
0
0
0
0
0
0
0
0
0
0
0
0
2816
2861
2817
2817
2829
2814
2875
2832
2845
2842
2829
2810
0
0
0
795
970
335
1655
931
2188
2260
1879
2411
0
0
0
0
0
224
0
536
0
793
1002
1089
2843
2811
2833
2823
2859
2819
2815
2832
2815
2861
2822
2828
0
142
432
0
264
0
0
817
0
1201
1726
327
2835
2874
2800
2848
2810
2810
2850
2819
2823
2823
2815
2818
2864
2815
2871
2853
2819
2858
2839
2894
2814
2806
2836
2836
2819
2831
2813
2915
2818
2819
2835
2815
2857
2816
2817
2815
0
0
0
0
0
0
0
0
0
0
0
0
0
0
0
0
0
0
0
0
0
0
0
0
2817
2861
2798
2810
2836
2822
2861
2815
2825
2832
2815
2817
0
0
0
0
0
0
0
0
0
0
0
0
263
0
412
135
545
893
0
1223
1004
1274
1513
1569
2819
2866
2835
2818
2850
2816
2814
2841
2811
2853
2821
2810
1716
2103
0
2426
2816
2845
2821
2822
2838
2732
2849
2846
0
0
0
0
0
0
0
0
0
0
0
0
199
998
1040
672
916
0
798
872
437
735
0
0
2815
2843
2817
2837
2823
2875
2938
2815
2851
2818
2825
2704
0
0
0
0
0
0
0
0
0
343
0
0
0
0
0
0
0
0
0
0
0
0
0
0
2817
2843
2822
2815
2848
2823
2847
2819
2817
2848
2805
2818
1315
2163
2210
1486
2022
1151
1999
2032
1783
2182
909
1464
1968
786
2087
2214
1423
2032
1105
2255
2403
1615
2345
2256
2832
2806
2862
2821
2815
2835
2818
2864
2819
2817
2812
2836
2545
1996
2813
2860
2815
2815
2832
2818
2864
2825
2816
2813
0
0
0
0
0
0
0
0
0
0
0
0
0
560
620
0
384
0
0
174
0
192
0
0
2818
2857
2821
2819
2832
2816
2867
2822
2817
2823
2814
2819
0
0
0
0
0
0
0
0
0
0
0
0
0
0
0
0
0
0
0
0
0
0
433
495
2811
2816
2839
2826
2832
2818
2801
2839
2818
2839
2818
2817
230
762
737
0
835
161
624
1131
208
818
832
1512
1292
1096
1095
1299
391
1173
944
1154
1228
467
1342
1269
379
1049
1248
2015
2495
1475
1712
593
627
1463
0
614
2825
2431
2815
1791
2816
2814
2842
2817
2845
2815
2785
2819
815
918
0
642
304
0
308
0
0
0
0
0
269
0
0
0
0
0
0
0
0
0
0
0
2843
2910
2849
2811
2878
2845
2859
2852
2810
2850
2817
2815
1171
2304
2464
2013
2388
1310
2496
2559
2015
2618
1965
1649
1314
0
1195
1023
423
1123
0
1202
1195
771
1456
1414
2826
2817
2866
2809
2813
2829
2818
2858
2817
2818
2826
2829
2815
2431
2665
2868
2818
2821
2765
2815
2812
2815
2832
2817
414
285
0
293
0
0
287
0
381
0
0
0
0
0
0
0
0
0
0
0
0
0
0
0
2020
870
2027
1710
1779
1970
815
1920
2114
1619
2161
2069
0
0
0
0
0
0
0
0
0
0
0
0
0
0
0
0
0
0
0
0
0
0
55
123
2815
2818
2829
2823
2862
2814
2809
2833
2815
2864
2816
2816
0
419
0
0
447
0
0
612
0
487
0
0
0
0
0
48
0
63
0
0
232
0
203
313
2832
2821
2864
2816
2774
2830
2819
2857
2818
2815
2834
2834
0
2487
2815
2846
127
2817
2809
2821
2801
2797
2820
2816
0
0
0
0
0
0
0
0
0
0
0
0
1692
1632
1697
767
1360
1168
1170
1158
0
940
593
597
2818
2845
2830
2823
2821
2819
2839
2849
2814
2838
2821
2815
0
583
464
0
610
0
594
685
349
659
0
0
0
0
0
0
0
0
0
0
0
0
192
465
2800
2799
2847
2825
2845
2817
2823
2848
2816
2844
2818
2815
1632
1776
1904
1103
1836
1998
1919
2256
1631
2512
2835
2839
964
832
715
871
0
944
934
656
957
0
1116
981
2845
2816
2839
2815
2815
2843
2817
2845
2815
2821
2860
2869
2815
2847
2817
2800
2821
2823
2846
2896
2832
2823
2819
2812
979
1325
327
1493
1561
1194
1499
336
1302
1382
703
593
0
0
0
0
0
0
0
0
0
0
0
0
2817
2849
2829
2819
2855
2832
2811
2864
2817
2861
2812
2839
149
1188
1116
511
1171
0
1124
1122
511
1251
115
0
0
32
0
0
0
0
0
0
0
0
0
0
2837
2818
2858
2823
2814
2835
2815
2860
2820
2815
2843
2817
810
0
639
58
0
421
0
4
227
0
380
487
0
0
0
0
0
0
0
0
0
0
0
0
2875
2814
2831
2874
2797
2850
2815
2815
2832
2819
2848
2859
2818
2857
2823
2818
2838
2813
2860
2815
2813
2822
2815
2832
0
0
0
0
0
0
365
0
0
510
286
171
1443
688
1084
640
901
864
0
839
473
622
802
851
2829
2815
2835
2813
2849
2821
2811
2894
2816
2838
2819
2817
1577
2489
2559
0
2618
1808
2487
2277
1824
2404
1900
1809
326
215
0
304
0
433
347
0
575
0
389
630
2528
2815
2812
2356
2698
1599
2733
2808
2139
2718
1563
1419
943
1103
2822
2821
2821
2811
2849
2815
2832
2802
2825
2812
447
848
0
725
652
166
659
0
699
776
383
0
1632
1260
1439
188
1276
1148
583
912
0
912
585
560
2818
2827
2822
2807
2848
2826
2823
2832
2798
2853
2821
2817
0
0
187
0
16
0
0
0
0
133
0
0
480
0
559
549
0
700
0
845
1094
384
1286
1197
2839
2827
2849
2816
2819
2837
2816
2855
2820
2813
2839
2833
0
0
0
0
0
0
0
0
0
0
132
140
1035
1079
240
1011
243
1041
1058
367
1059
314
1241
1088
2833
2814
2819
2832
2815
2865
2823
2816
2837
2827
2864
2818
2827
2844
2811
2800
2841
2818
2805
2815
2816
2834
2816
2802
0
414
44
0
585
0
701
308
809
1047
3
47
0
0
0
0
0
0
0
0
0
0
0
0
2823
2816
2832
2806
2860
2814
2842
2823
2848
2894
2821
2842
1064
1837
2143
1378
2320
2648
2743
2814
2601
2817
2834
2822
445
501
2135
2816
2768
2096
1501
2137
2128
511
1766
799
2847
2818
2843
2800
2815
2845
2828
2832
2817
2815
2842
2841
2764
1179
2815
2826
2821
2811
2859
2819
2812
2095
2611
2608
699
1387
365
1727
1848
1261
1601
269
1040
906
543
0
1744
859
1892
1200
793
1185
823
267
0
0
0
0
2818
2819
2831
2815
2855
2818
2819
2819
2821
2507
2813
2818
0
0
0
0
0
0
0
0
0
0
0
0
2478
2857
2821
2819
783
0
0
0
0
907
2821
2817
2832
2821
2864
2820
2818
2833
2816
2857
2822
2816
2901
2834
50
0
0
0
0
0
0
113
0
0
0
0
944
1199
495
1370
896
1180
1173
439
1264
549
1310
1629
2862
2807
2817
2832
2813
2864
2822
2815
2834
2820
2871
2863
0
0
0
0
0
0
0
704
446
0
0
204
0
0
0
0
0
0
0
0
0
0
0
0
2817
2840
2816
2854
2820
2822
2839
2820
2859
2817
2820
2811
1238
1122
0
357
978
1587
2806
2845
2597
1712
751
895
0
0
0
0
0
0
0
0
0
0
0
0
173
0
0
0
0
0
0
0
0
0
0
0
2855
2815
2825
2825
2815
2838
2823
2820
2829
2815
2861
2855
2210
1619
2829
2827
2721
2818
2849
2815
2826
2821
2815
2866
0
0
0
0
0
0
0
0
0
0
0
0
2826
2829
2818
2853
2821
2824
2829
2817
2850
2811
2818
2816
2821
2831
2810
2812
2855
2817
2784
2821
2821
2854
2797
2818
0
0
0
0
0
0
0
0
0
0
0
0
2819
2859
2818
2819
2834
2818
2861
2825
2827
2838
2816
2811
2831
2824
2855
2816
2815
2832
2823
2863
2870
2818
2835
2832
2354
1474
2023
1354
1694
1568
606
1279
864
945
897
784
0
0
0
0
0
0
0
0
1227
720
81
91
2834
2829
2816
2851
2815
2834
2825
2818
2861
2820
2828
2813
0
0
0
0
0
0
384
0
403
0
1188
1093
635
1473
1232
675
890
0
448
306
0
0
0
0
2815
2869
2805
2851
2823
2837
2837
2827
2837
2809
2832
2844
2823
2811
2943
2813
2815
2835
2762
2817
2834
2799
2909
2829
1000
827
1120
0
812
860
0
786
0
802
1231
1193
2267
1968
1136
1207
0
735
394
0
142
0
0
0
2853
2809
2819
2838
2832
2864
2768
2815
2833
2815
2864
2864
733
0
440
256
0
0
0
0
0
0
0
0
0
734
0
821
986
747
1109
307
1508
1572
1297
1458
2870
2362
2647
1389
2128
1868
1151
1560
533
1084
1013
780
0
667
0
1702
1578
1838
2559
2846
2823
2845
2816
2817
0
627
482
0
466
0
432
500
0
655
231
107
2026
1331
1874
1957
1071
1745
1428
1727
1674
1125
1636
1723
2847
2823
2848
2823
2819
2842
2816
2848
2817
2801
2844
2841
654
0
511
115
490
511
0
544
240
272
838
734
0
230
0
84
19
0
206
0
274
344
0
0
2838
2821
2816
2459
2818
2841
2811
2815
2739
2821
2842
2829
0
0
0
0
0
0
0
0
0
0
0
0
0
0
0
0
0
0
0
0
0
0
0
0
2815
2848
2814
2836
2822
2787
2831
2821
2839
2832
2815
2814
1807
2259
1456
2206
2508
2822
2823
2849
2823
2837
2829
2818
380
0
37
0
0
0
0
0
0
0
0
130
2439
2526
2513
2819
2403
2816
2822
2812
2822
2851
2815
2824
1343
2803
2833
2919
2818
2775
2807
2832
2826
2813
2851
2853
2832
2673
2816
2831
2829
2819
2851
2816
2817
2827
2821
2818
2203
2816
2857
2818
2818
2837
2813
2855
2822
2817
2842
2843
2816
2835
2815
2864
2815
2815
815
266
0
0
0
0
2084
1623
144
609
0
176
738
400
1063
160
0
1183
0
0
0
0
0
0
0
0
0
496
0
0
2816
2843
2818
2815
2850
2818
2835
2819
2815
2847
2819
2816
2859
2819
2849
2817
2811
2853
2818
2837
2821
2817
2842
2851
0
0
0
0
0
0
0
0
0
0
261
368
1692
1587
780
1245
712
960
953
0
468
49
0
0
2859
2832
2822
2834
2814
2864
2816
2822
2831
2819
2851
2866
423
256
0
321
0
286
0
0
114
0
0
0
0
0
0
0
0
0
0
0
0
0
0
0
2818
2071
2842
2851
2816
2816
2151
2818
2848
2599
2633
2817
0
84
0
0
0
0
0
0
786
1868
1479
111
0
0
0
0
0
0
0
0
0
0
0
0
2822
2845
2818
2818
2845
2821
2835
2821
2815
2843
2819
2818
2845
2820
2839
2819
2806
2848
2821
2837
2821
2815
2848
2845
384
0
476
79
0
0
31
1073
1074
816
1408
1665
683
835
0
711
557
0
677
249
957
1168
497
575
2821
2710
2819
2852
2816
2819
2830
2821
2847
2817
2829
2813
1859
1443
1489
1824
729
1837
1928
1740
2386
1215
2436
2352
0
0
0
0
240
0
1665
2753
2830
2817
2855
2874
2824
2864
2818
2817
2706
2811
1323
1766
1527
442
917
1057
2855
2811
2864
2828
2795
2832
2809
2866
2822
2815
2835
2851
2005
1478
1859
783
1528
1173
265
911
309
1206
1582
2349
2819
2818
2794
2817
2864
2820
2812
2832
2890
2913
2819
2818
2862
2815
2813
2835
2819
2864
2818
2830
1983
2736
2016
2468
0
0
0
0
0
0
0
0
0
0
0
0
0
0
0
0
16
0
194
30
0
425
0
0
2818
2843
2816
2848
2820
2815
2849
2835
2907
2850
2823
2812
0
0
0
0
0
0
0
0
0
0
0
0
0
0
0
0
0
0
0
0
0
0
0
0
2833
2849
2785
2818
2845
2813
2850
2692
2827
2800
2815
2818
1460
2791
2842
2819
2822
2847
2816
2845
2815
2816
2841
2850
400
0
133
322
0
132
0
0
176
0
224
736
2027
2128
761
2032
1960
1283
1706
378
1572
1680
1040
1063
2816
2894
2826
2859
2818
2785
2839
2802
2850
2810
2814
2810
791
657
464
1104
75
341
1445
943
1500
536
1435
1631
0
431
499
0
550
0
682
788
0
642
0
0
2064
767
2167
1896
1387
1776
751
1724
1682
1351
1703
1901
1392
1575
679
1503
1327
1231
1527
613
1232
2744
2323
2390
988
0
832
165
685
768
0
854
359
919
783
1103
1955
2054
1415
1975
1131
1767
1823
1170
1807
933
1597
1666
2864
2833
2789
2826
2823
2853
2818
2815
2838
2817
2857
2849
1530
903
2192
849
0
686
0
443
621
0
550
339
1879
2527
1776
2384
2469
1691
2384
2049
2290
2411
1535
1403
2805
2836
2816
2845
2815
2815
2847
2814
2853
2825
2815
2781
0
0
0
0
0
0
0
0
0
0
0
0
0
0
0
0
0
0
0
0
0
0
0
0
2814
2844
2822
2816
2941
2800
2842
2805
2817
1735
2267
2155
2853
2823
2832
2915
2806
2950
2799
2825
2822
2817
2841
2850
1412
547
2107
2225
2127
2817
2864
2823
2816
2833
2816
2818
1392
1482
208
1153
1320
991
1075
93
1042
824
723
880
962
691
1467
419
1776
1956
1715
2250
1273
2453
2548
2631
0
0
0
0
0
0
0
0
0
0
0
0
2835
2805
2820
2826
2818
2855
2818
2822
2827
2821
1463
803
2821
2843
2781
2761
2847
2814
2850
2821
2838
2828
2819
2820
1670
2359
1593
2319
2342
767
2409
1792
2263
2359
1747
1794
0
0
0
0
0
0
0
0
0
0
0
0
2814
2864
2849
2861
2859
2814
2818
2835
2819
2859
2813
2832
2885
2819
2821
2850
2810
2830
2817
2801
2845
2803
2879
2834
0
0
0
279
0
787
929
813
1411
255
1527
1699
0
0
0
0
0
0
0
0
0
0
0
0
2817
2897
2820
2850
2817
2811
2811
2818
2841
2816
2819
2821
0
0
0
0
0
0
0
0
0
0
0
0
0
0
0
0
0
0
0
0
0
0
0
0
2807
2835
2837
2827
2838
2894
2844
2817
2818
2849
2822
2791
0
0
0
0
0
0
0
1650
1380
1641
1287
2112
2303
1531
2542
2616
2455
2821
2235
2881
2837
2814
2822
2800
2821
2815
2857
2814
2821
2827
2818
2853
2816
2825
2823
2834
2832
2827
2807
2842
2821
2834
2825
2818
2845
2818
2829
2877
1453
1284
863
1136
435
1232
1494
1167
1723
720
1798
1793
0
0
0
0
0
0
0
0
0
0
0
0
1255
464
1232
1184
669
1241
448
1515
1607
918
1424
1483
731
1431
621
1749
1451
1130
1688
1000
1696
1804
1377
1135
416
0
92
0
0
0
0
0
0
0
0
0
0
0
0
0
0
0
0
0
0
0
0
0
2853
2881
2816
2831
2815
2857
2817
2823
2835
2818
2819
2851
0
0
0
0
0
0
0
0
0
0
0
0
0
944
21
778
310
0
0
0
0
0
0
0
2818
2848
2818
2864
2818
2824
2837
2832
2857
2817
2805
2795
0
0
0
0
0
0
0
0
0
0
0
0
0
0
0
0
0
0
0
19
0
26
0
0
2807
2800
2818
2815
2853
2821
2835
2817
2812
2852
2818
2816
0
902
880
575
780
0
320
188
0
117
0
0
112
0
0
0
0
0
0
287
0
642
642
686
2832
2819
2859
2817
2817
2830
2818
2854
2806
2819
2832
2822
2768
2503
2841
2855
2811
2815
2829
2769
2864
2823
2818
2879
0
0
0
0
0
0
0
0
0
0
0
0
2848
2818
2825
2798
2819
2720
2627
2394
1743
1870
679
438
2784
2863
2816
2813
2832
2811
2862
2816
2815
2830
2820
2829
2375
2816
2862
2812
2818
2832
2817
2866
2819
2823
2832
2837
2511
1461
2272
1436
1666
1531
703
1398
1252
1435
1478
1594
2818
2819
1927
2498
2058
2322
2391
1424
2167
1840
2157
2096
0
800
1207
478
1299
413
1585
2314
1732
2288
2846
2865
927
0
843
900
209
941
0
984
928
262
958
1046
1642
2186
1448
2026
2039
1319
2035
1600
1880
2043
1166
1296
2816
2838
2785
2854
2822
2781
2837
2825
2858
2818
2820
2815
0
0
0
0
0
0
0
0
0
0
0
0
0
0
0
0
0
0
0
0
0
0
0
0
2815
2863
2815
2821
2832
2815
2851
2818
2797
2841
2826
2819
0
0
187
0
112
0
73
0
0
304
0
0
1183
107
1069
848
925
1115
335
1275
1025
1032
1366
1291
2123
2486
1350
2369
2424
1997
2320
1069
2224
2290
1767
1791
899
0
2063
897
2197
2192
0
2819
2867
2822
2811
2817
987
1035
539
980
18
942
1085
245
980
157
860
1091
787
1827
1770
1023
1490
398
1424
1355
978
1380
311
351
2819
2959
2784
2768
2841
2818
2877
2832
2805
2837
2825
2815
821
1699
272
1402
2020
1531
1773
568
2287
2277
1732
1850
438
0
302
0
0
433
0
507
0
182
272
304
2820
2818
2842
2825
2855
2817
2819
2843
2830
2842
2817
2822
1211
2099
2119
1379
2144
785
1871
1910
1077
1686
865
870
427
0
0
321
0
371
0
0
432
0
508
627
2832
2815
2855
2815
2816
2835
2819
2854
2818
2826
2841
2838
2819
2833
2869
2860
2810
2819
2834
2816
2864
2815
2819
2817
1665
1627
880
1680
1156
1648
1715
822
1777
1298
1489
1584
2164
1867
1808
643
1458
998
948
912
0
848
744
737
2816
2842
2818
2825
2843
2821
2848
2818
2817
2847
2816
2820
0
0
0
0
0
0
0
0
0
0
0
0
0
0
0
0
0
0
0
0
0
0
0
0
2151
2395
1358
2199
2138
1953
2207
1009
2047
2080
1895
1840
0
0
0
0
0
0
0
0
0
0
0
239
0
0
0
0
0
0
0
0
0
0
0
0
2854
2816
2834
2818
2823
2849
2821
2839
2819
2817
2853
2849
2822
2867
2811
2815
2806
2818
2816
2815
2891
2817
2813
2816
621
839
0
975
1184
911
1481
1133
2399
2512
1941
2471
488
0
173
0
0
10
0
112
0
0
332
492
2819
2783
2832
2823
2871
2827
2814
2835
2849
2889
2811
2810
355
1813
2083
1419
1681
83
635
96
0
0
0
0
0
0
0
0
0
1906
2644
2828
2815
2846
2825
2783
2157
2821
2849
2817
2820
2303
2822
2376
2069
1792
579
561
2835
2845
2785
2863
2835
2864
2825
2834
2851
2817
2807
2809
2821
2819
2836
2819
2851
2819
2819
1713
560
0
0
0
2861
2817
2815
1586
1748
960
1501
1986
1515
2724
2838
2863
2815
2859
2818
2814
2830
2817
2837
2818
2817
2838
2814
2816
0
0
0
0
1019
475
1923
1810
1719
1571
0
0
0
0
0
0
0
0
0
0
0
0
0
0
2528
2816
1990
2660
2816
2388
2815
2848
2801
2817
2832
2831
996
0
0
0
0
0
0
0
0
0
0
0
144
0
0
352
0
498
292
140
666
0
536
803
2867
2821
2818
2831
2819
2846
2815
2818
2831
2819
2850
2864
2815
2853
2818
2821
2843
2817
2864
2817
2861
2832
2818
2818
1185
1907
1195
1842
1935
1093
1722
901
1802
1743
935
976
2128
1011
1744
1120
1152
1104
293
725
237
177
220
166
2637
2804
1909
2552
1595
2340
2209
1525
2000
1180
1917
1931
0
0
0
0
13
0
0
369
0
493
209
158
0
0
0
0
0
0
0
0
0
0
0
0
1975
2512
1912
2163
1989
1058
1732
1248
1477
1177
0
0
0
0
0
0
0
0
0
720
716
1187
1250
2609
1072
1254
314
1199
753
928
1203
227
1193
869
1346
1280
2832
2683
2832
2856
2822
2815
2593
2815
2850
2819
2847
2823
2821
2855
2819
2816
2845
2896
2833
2818
2800
2843
2815
2822
1055
2160
2058
1303
2036
838
1904
2097
1381
1904
816
865
144
0
0
0
0
0
0
0
0
0
0
0
2831
2810
2848
2830
2830
2826
2818
2852
2818
2826
2831
2834
0
0
0
0
0
0
0
0
0
0
0
0
656
493
0
264
0
0
462
0
791
74
1130
1436
2858
2705
2818
2834
2819
2863
2813
2832
2477
2526
1363
1184
0
0
0
91
0
0
0
0
12
0
93
1121
0
0
0
0
0
0
0
0
0
0
0
0
1807
1088
896
877
1595
1278
302
1499
2133
1263
1380
1370
2819
2817
2831
2823
2871
2819
2819
2832
2831
2861
2822
2816
0
0
0
0
768
468
763
706
0
1365
1360
1338
0
0
0
543
773
2694
2846
2817
2799
1904
1104
0
2846
2823
2875
2815
2827
2836
2818
2854
2821
2623
1839
2183
823
607
1786
1904
527
1739
887
2399
2592
2252
2823
2816
502
569
0
539
129
0
296
0
496
592
341
552
2843
2654
2816
1815
2746
2533
2399
2652
1781
2655
2820
2636
2739
2836
2827
2815
2915
2825
2832
2827
2845
2842
2818
2820
1358
2089
1634
1831
1853
877
1903
1456
1766
1877
951
979
773
0
498
511
0
209
0
0
0
0
0
0
2822
2821
2851
2816
2826
2814
2815
2855
2818
2822
2822
2829
0
0
0
0
0
0
0
0
0
0
0
0
0
0
0
0
0
0
32
0
97
0
0
0
2855
2827
2815
2842
2813
2843
2816
2815
2841
2822
2850
2847
0
0
0
0
0
0
0
0
0
0
366
324
0
332
0
0
333
0
335
207
0
469
0
0
1930
887
1158
472
846
704
0
647
77
0
458
687
1983
2769
2027
2848
2919
2822
2858
2847
2821
2841
2822
2809
112
0
225
0
266
0
0
127
0
971
1641
2160
1339
644
1277
1042
0
433
0
0
208
0
453
568
2844
2815
2832
2827
2821
2859
2817
2826
2819
2813
2841
2849
1410
275
1535
1482
1726
2399
1375
2262
1888
1578
1759
2151
0
0
0
0
0
0
0
0
0
378
0
0
2370
1845
1751
339
1556
1761
1425
1712
575
1635
1760
2212
0
2822
2411
2821
1487
2816
2805
2832
2859
2793
2823
2843
1271
2138
2186
1791
2159
1183
2523
2384
2203
2473
1435
1755
2865
2555
2736
2859
2711
2832
2847
2812
2828
2832
2559
2841
2821
2814
2859
2815
2816
2832
2815
2861
2816
2819
2831
2827
184
0
38
0
0
45
0
0
0
0
0
0
0
0
0
0
0
0
368
183
704
0
0
0
2862
2819
2821
2827
2821
2859
2819
2825
2819
2819
2864
2864
0
0
0
0
0
0
0
0
0
0
0
0
0
0
0
0
0
0
0
0
0
0
0
0
2815
2827
2815
2864
2822
2816
2833
2820
2863
2820
2823
2814
1023
1143
144
1296
1280
2045
1918
0
0
1621
2547
2611
117
1146
880
387
688
0
1023
1483
1239
1826
991
881
848
206
180
402
0
176
87
0
158
0
32
0
1443
2271
1778
2275
2478
1635
2528
2272
2305
2208
1422
1361
1747
423
436
0
0
0
0
0
0
603
1413
1823
0
51
0
0
0
0
0
0
183
0
269
830
2839
2816
2818
2847
2811
2833
2800
2814
2846
2826
2832
2826
1101
1802
2335
2817
2839
2828
2832
2733
2800
2144
2331
1419
0
720
464
0
211
0
170
368
0
751
70
335
2822
2127
2817
2834
2801
2817
2848
2815
2835
2819
2801
2816
2822
2815
2857
2813
2821
2832
2813
2852
2822
2801
2821
2832
0
0
0
0
0
0
0
0
0
0
256
192
502
432
0
437
0
501
714
0
693
0
912
987
2933
2825
2811
2837
2831
2862
2821
2829
2157
2743
2004
2866
0
0
0
67
0
0
0
0
0
0
0
0
0
688
180
679
778
0
1079
692
1313
1695
1173
1490
2815
2845
2815
2835
2816
2827
2844
2814
2838
2819
2820
2820
0
0
0
624
256
698
1079
1727
2236
1648
2219
2599
0
0
0
0
66
0
0
568
0
693
352
581
1691
750
1459
1456
635
1242
624
1214
1136
307
912
971
2821
2815
2864
2819
2816
2841
2818
2859
2817
2819
2585
2511
0
0
0
0
0
0
0
0
0
0
0
0
0
296
0
368
433
0
544
5
720
704
497
437
2832
2821
2819
2848
2822
2834
2823
2822
2852
2816
2827
2801
1696
1832
1691
1776
739
1727
1828
1558
1771
645
1647
1626
0
0
0
0
0
0
0
0
0
0
0
0
2819
2855
2829
2831
2829
2815
2849
2825
2817
2825
2820
2816
1050
2083
983
2040
1863
2311
2822
1889
2799
2819
2825
2819
0
0
0
0
0
0
0
0
0
0
0
0
1147
1023
400
976
0
675
699
0
537
0
0
0
2864
2813
2821
2831
2819
2852
2818
2821
2825
2821
2864
2863
32
0
0
16
0
114
0
0
16
0
0
9
0
667
238
463
720
0
784
684
834
1021
203
0
2814
2603
2819
2864
2822
2817
2527
2818
2853
2826
2823
2819
0
0
0
0
0
0
0
0
0
0
0
0
896
1331
1331
558
1379
768
1124
1328
464
1333
1068
1156
2818
2860
2818
2815
2832
2807
2851
2823
2824
2832
2819
2815
2832
2813
2811
2823
2814
2849
2817
2842
2815
2816
2849
2846
526
0
463
0
223
353
0
463
0
529
752
755
940
912
0
499
8
0
269
0
234
0
0
0
2057
2170
2122
1325
2105
1808
2047
2249
1135
2011
1600
1772
943
1348
1190
1195
251
976
1210
909
1168
241
1161
1477
0
824
640
511
922
0
893
880
752
976
0
0
2817
2860
2817
2827
2833
2815
2768
2821
2806
2828
2816
2819
631
1905
699
1923
1856
1903
2818
2484
2818
2832
1092
2832
188
0
82
0
0
5
0
53
0
0
100
148
1820
1830
1247
1598
599
1498
1516
749
1231
336
1287
1201
2855
2812
2810
2832
2817
2855
2799
2822
2823
2824
2861
2857
0
0
0
0
0
0
0
0
0
0
0
103
0
0
0
0
0
0
0
0
0
23
0
0
2816
2830
2821
2864
2816
2818
2825
2832
2798
2810
2822
2821
0
0
0
0
0
0
0
0
0
0
0
0
0
0
0
0
0
0
0
0
0
77
0
0
2821
2861
2815
2818
2727
2816
2865
2828
2816
2480
2818
2815
219
415
0
2415
2470
1335
59
2829
2811
2815
2851
2853
718
0
635
187
0
547
0
536
448
145
658
622
2425
2833
918
1617
1908
1344
1303
671
1895
320
66
0
2830
2816
2817
2846
2818
2837
2814
2817
2849
2817
2846
2843
1306
900
976
1305
247
1105
700
1249
1653
419
1754
2137
0
501
588
657
882
0
981
1136
795
1204
116
75
2819
2851
2817
2836
2819
2818
2849
2854
2836
2819
2826
2821
2827
2811
2752
2818
2822
1879
2787
2828
2829
2819
2479
2483
970
615
887
0
859
884
591
899
0
1048
960
992
1896
1880
1407
1744
749
1535
1635
1117
1619
455
1687
1499
2843
2833
2809
2827
2818
2862
2806
2823
2832
2815
2858
2853
114
0
0
0
0
0
0
0
0
0
0
0
0
391
0
0
0
0
0
0
0
0
0
0
2824
2470
2817
2848
2736
2816
2208
2662
1775
2746
2766
2704
0
0
0
0
0
0
0
0
0
0
0
0
0
0
283
0
410
0
511
672
0
679
0
0
2794
2863
2818
2811
2599
2719
2870
2835
2823
2401
2817
2815
0
0
0
564
626
0
971
1839
2080
2238
1744
2833
1035
176
851
421
915
897
0
871
328
790
982
896
2345
2395
1516
2279
2249
1943
2131
1022
2135
2053
1615
1588
2851
2815
2825
2877
2898
2843
2802
2823
2842
2831
2839
2855
19
51
0
228
0
91
45
0
927
0
914
1128
0
0
0
0
0
0
0
0
0
0
0
0
2816
2851
2820
2814
2831
2826
2857
2822
2800
2829
2816
2816
1903
2211
1028
2021
2252
1807
2162
1114
2158
2299
1757
1791
572
0
630
0
547
548
0
669
183
912
1040
1095
2818
2826
2825
2826
2832
2779
2817
2821
2816
2855
2815
2822
2535
2825
2821
2821
2816
2849
2819
2819
2833
2818
2864
2861
0
0
0
0
0
14
0
0
83
0
23
48
1951
2615
1097
2118
1862
1659
2352
775
1374
1776
1760
1383
2818
2825
2774
2855
2819
2819
2832
2817
2853
2817
2819
2818
0
0
0
0
0
0
0
0
0
0
0
0
0
0
0
0
0
0
0
0
0
54
0
0
2822
2866
2819
2827
2832
2815
2854
2821
2832
2747
2814
2816
0
0
0
0
0
0
0
0
0
0
0
0
784
0
664
0
720
751
0
676
73
859
781
919
1994
1900
996
1787
1027
1535
1642
900
1456
912
1307
1507
2210
2429
2443
1733
2825
2843
2816
2822
2857
2827
2805
2851
0
0
0
0
0
0
0
0
0
0
0
0
369
1045
448
730
672
0
602
101
0
404
0
0
2826
2850
2817
2835
2830
2817
2849
2818
2832
2822
2814
2823
1870
2355
1137
2185
2176
2223
2470
1534
2451
2660
2448
2327
86
0
586
0
529
546
0
636
0
624
570
706
2826
2842
2826
2799
2445
2869
2845
2810
2818
2351
2818
2818
855
2127
1860
1677
1712
0
2239
2336
2165
935
2799
2853
630
0
586
205
146
509
0
543
309
0
450
625
500
714
0
592
596
0
483
0
576
460
0
0
2832
2806
2813
2845
2817
2842
2825
2816
2846
2819
2829
2831
354
453
0
252
0
368
224
0
281
0
186
0
639
1360
1402
759
1390
449
1322
1488
882
1435
497
773
2818
2849
2817
2821
2830
2816
2866
2817
2782
2831
2818
2818
400
832
0
554
748
0
591
0
754
744
0
0
697
115
675
0
822
799
0
925
0
808
855
890
2832
2818
2832
2782
2854
2816
2821
2835
2811
2855
2817
2815
0
0
1629
655
1503
1028
1535
2677
2112
2755
2260
1008
0
0
0
0
0
0
0
0
0
0
0
0
658
1584
1280
1164
1248
373
1035
1588
1166
1630
567
591
2813
2837
2817
2861
2822
2817
2839
2821
2823
2824
2816
2811
0
252
0
833
742
479
392
391
1215
1040
1007
1394
0
0
33
0
0
0
0
194
0
458
380
578
2799
2851
2815
2815
2559
2806
2848
2822
2815
2543
2816
2815
343
1287
1384
847
1229
0
1166
1148
845
1160
157
324
0
0
0
0
0
0
0
0
29
0
0
7
1535
1904
624
1894
1776
1345
1704
503
1607
1588
1251
1179
2818
2830
2819
2864
2819
2819
2832
2826
2800
2822
2818
2818
0
138
0
0
0
0
7
0
2
0
0
0
0
863
632
0
275
0
0
0
0
0
0
0
2817
2864
2818
2815
2831
2817
2871
2822
2817
2833
2821
2815
0
0
0
0
0
0
0
0
0
0
0
0
0
0
0
0
0
48
0
113
0
0
368
403
2819
2826
2649
2817
2846
2823
2823
2539
2823
2841
2825
2824
0
0
0
0
0
1012
1113
0
1759
2822
2939
2846
1098
816
1054
1104
91
896
874
869
1042
233
1054
1059
2818
2819
2847
2816
2816
2416
2817
2835
2772
2815
1807
1710
2822
2841
2817
2865
2815
2817
2842
2818
2847
2819
2815
2815
2818
2821
2847
2831
2922
1988
2809
2864
2820
2843
2822
2823
2832
2372
2503
1311
2326
2256
2031
2467
1297
2449
2496
2440
2816
2830
2735
2825
2439
2817
2814
2559
2731
1479
2655
2590
0
479
340
0
350
0
0
496
0
832
0
0
0
0
0
0
0
0
0
0
0
0
0
0
1119
1600
557
1584
1471
1086
1483
511
1360
1456
774
788
1010
432
939
392
2371
2137
1473
2210
1092
2779
2820
2821
0
0
0
0
0
0
0
0
0
0
0
0
2864
2816
2823
2833
2813
2865
2822
2819
2832
2820
2859
2861
2814
2860
2815
2819
2832
2819
2867
2824
2815
2832
2823
2814
727
1178
581
1211
1325
400
1162
416
1170
1533
711
640
1261
493
1243
656
1381
1456
819
1808
1108
1806
2064
2115
2821
2816
2839
2813
2853
2819
2815
2838
2817
2846
2825
2816
0
0
0
0
0
0
0
0
0
0
0
0
982
884
2116
1937
348
1715
1772
1168
1259
799
2360
2033
641
1820
1776
1375
1621
245
1297
1372
953
1157
0
0
2822
2842
2825
2832
2833
2883
2901
2822
2843
2844
2821
2717
711
1191
0
988
1004
459
928
0
1107
1088
449
369
2832
2822
2816
2829
2813
2847
2285
2272
1035
1808
1888
1904
2827
2821
2759
2823
2861
2817
2825
2366
2818
2858
2827
2791
0
0
0
0
0
0
0
205
0
325
0
0
0
0
0
0
0
0
0
0
0
0
0
0
2707
2817
2859
2768
2817
2653
2910
2865
2821
2713
2559
2525
1728
1293
2064
965
0
2622
1591
2476
1364
2822
2818
2896
721
707
0
543
187
786
684
0
679
628
551
390
2032
1808
2024
1014
1926
1712
1585
1839
837
1799
1698
1576
2896
2865
2825
2814
2829
2815
2851
2783
2816
2831
2814
2809
658
1094
660
1023
1143
0
1042
778
1079
1156
114
0
0
0
0
0
0
0
0
0
0
0
0
0
2827
2815
2861
2817
2830
2827
2828
2853
2829
2822
2826
2832
0
0
0
0
0
0
0
0
0
0
0
0
0
0
0
0
0
0
0
0
0
0
0
0
2863
2817
2832
2825
2817
2858
2818
2828
2825
2814
2859
2852
569
0
464
835
1646
839
2850
2821
2832
2247
2816
2817
381
609
0
587
556
0
456
0
521
560
0
0
1960
1415
1579
397
1355
1330
867
1063
0
862
596
664
2599
2596
2007
2463
1199
2239
2352
1777
2207
867
2134
2088
0
0
0
0
0
0
0
0
0
384
0
0
774
0
695
880
271
807
0
908
990
383
1014
1115
1361
1628
603
1662
1480
1170
1583
466
1555
1664
1233
959
1258
723
1263
391
0
1241
581
1264
660
1285
1477
1559
1151
1117
121
1184
601
1023
885
0
896
744
1185
792
1624
1874
1963
823
1840
1488
1709
1839
1015
1763
1304
1496
2813
2837
2240
2800
2849
2817
2839
2827
2820
2848
2839
2820
0
624
193
483
712
0
589
0
427
782
0
0
2813
2842
2817
2831
2822
2820
2855
2818
2835
2771
2825
2586
2809
2817
2844
2818
2845
2869
2815
2838
2815
2832
2821
2820
1572
2359
2632
511
1611
1816
1335
1515
823
1131
1252
1100
1475
1376
1472
1737
773
1757
1568
1808
1915
977
2047
2047
2847
2817
2823
2822
2816
2853
2821
2846
2814
2817
2855
2850
0
0
0
0
0
0
0
0
0
925
1440
2115
0
0
0
0
0
0
0
0
0
0
0
0
2088
1807
1876
711
1799
1737
1419
1586
501
1360
1408
1330
2845
2821
2829
2815
2853
2821
2822
2832
2822
2849
2827
2823
0
0
0
0
0
0
0
0
0
0
0
0
0
0
0
0
0
0
0
0
0
0
0
0
2831
2810
2864
2818
2815
2836
2816
2869
2819
2821
2855
2827
2820
2832
2818
2867
2781
2817
2835
2817
2864
2875
2818
2828
684
511
0
622
0
470
589
0
627
165
838
639
2864
2816
2816
2495
2816
2861
2833
2816
2327
2832
2855
2864
1376
705
1335
0
1329
831
1566
0
2820
2836
2817
2819
0
0
0
0
0
0
0
0
0
0
0
0
2814
2149
2674
2584
2330
2383
1194
2119
1956
1662
1641
1535
2869
2816
2839
2815
2853
2815
2817
2839
2817
2841
2816
2815
1616
1335
1597
383
1346
1563
962
1363
111
1329
1401
1363
0
0
0
0
0
0
0
0
0
0
0
0
655
1645
1640
1087
1484
327
1456
1456
1091
1571
334
447
0
0
0
0
0
0
0
0
0
0
0
0
923
1289
230
1287
1298
1051
1459
389
1565
1634
1255
1449
2823
2493
2815
2850
2745
2823
2298
2640
1599
2633
2626
2556
2818
2784
2817
2823
2854
2976
2817
2823
2817
2848
2827
2848
0
0
2
0
0
0
0
0
0
0
0
0
2809
2859
2817
2794
2831
2815
2859
2818
2822
2805
2819
2748
2831
2815
2853
2818
2816
2831
2832
2858
2817
2814
2833
2831
224
0
561
0
0
672
223
950
624
890
1193
1328
0
0
0
0
0
0
0
0
0
0
0
0
2865
2821
2819
2271
2815
2862
2797
2816
2133
2820
2852
1965
1279
304
1200
1209
563
1191
783
1362
1279
631
1809
2646
0
115
0
0
325
0
149
0
0
223
0
0
2018
1099
1872
1280
1903
1808
873
1665
1284
1520
1703
1578
2839
2815
2837
2825
2858
2818
2825
2833
2819
2853
2815
2818
0
0
0
0
0
0
0
0
0
0
0
0
144
48
0
0
0
0
0
0
0
0
0
0
2851
2819
2838
2817
2819
2850
2816
2833
2822
2819
2904
2855
0
0
0
0
0
0
0
0
0
0
0
0
887
1141
0
1064
1101
711
1112
95
1177
1304
911
862
2835
2822
2815
2848
2817
2822
2779
2817
2848
2814
2826
2829
0
0
0
0
0
0
701
0
0
856
1943
2017
0
0
0
0
0
0
0
0
0
0
0
0
2443
1307
2401
2372
1821
2000
850
1936
1857
1402
1587
1468
2829
2816
2861
2821
2823
2832
2819
2861
2823
2815
2838
2834
1275
443
1455
1104
1589
1570
1318
2249
1535
2059
2286
2735
2555
2497
1902
2500
1600
2559
2611
1847
2589
1927
2752
2789
2859
2823
2818
2831
2816
2883
2817
2821
2832
2817
2863
2863
1959
834
1814
1832
1203
1226
853
1661
1696
1207
1679
1798
0
593
0
475
414
0
355
0
465
609
0
0
1929
1291
1885
735
1778
1861
1239
1716
693
1749
1599
1757
2823
2821
2323
2816
2864
2817
2823
2835
2818
2863
1989
2826
0
0
0
0
0
0
0
0
0
0
0
0
482
0
0
183
0
0
0
0
0
0
0
0
2845
2819
2838
2828
2817
2799
2819
2836
2559
2819
1440
1350
2816
2479
2750
2616
2481
2294
1153
2000
1416
1511
1873
1179
0
0
0
0
0
0
0
0
0
0
0
0
2845
2815
2815
2838
2821
2842
2828
2809
2832
2815
2843
2861
0
0
0
0
0
0
0
0
0
0
0
0
2841
2814
2832
2818
2821
2847
2823
2841
2819
2819
2850
2851
78
0
0
0
0
0
0
0
0
0
0
0
2820
2817
2896
2816
2826
2826
2783
2860
2816
2820
2816
2826
2817
2829
2819
2852
2786
2352
1452
1744
794
1126
906
342
0
0
0
0
0
0
0
0
0
0
0
0
2850
2814
2815
2826
2818
2860
2818
2816
2835
2822
2864
2821
2816
2852
2845
2817
2373
2822
1976
2238
1967
829
1440
978
0
0
0
0
0
0
0
0
0
0
0
0
2800
2832
2816
2864
2816
2815
2832
2810
2853
2866
2811
2818
0
0
0
0
0
0
0
0
0
0
0
1085
2847
2819
2816
2854
2817
2839
2821
2413
0
0
0
0
0
0
0
0
0
0
0
0
0
0
0
0
2595
2375
1266
1415
1014
0
221
0
0
0
0
439
0
0
0
0
0
0
0
0
0
0
0
714
0
0
0
0
0
0
0
0
0
0
0
0
2839
2789
2815
2848
2825
2831
2821
2820
2848
2821
2826
2832
0
0
0
0
0
0
0
0
0
0
0
0
947
2349
2432
2331
2818
2843
2809
2825
2819
2819
2850
2847
2816
2855
2817
2819
2831
2815
2863
2825
2816
2399
2704
2542
1415
1743
672
2795
2832
2371
2817
2853
2817
2831
2834
2833
774
0
858
688
1201
1353
619
1584
1413
1751
1808
1808
2636
2360
1825
2381
1223
2328
2075
1330
1584
333
1169
1079
2860
2809
2829
2835
2835
2868
2823
2829
2835
2818
2863
2864
1616
792
1465
1246
915
1783
1370
2024
2440
1739
2639
2815
151
1087
262
1111
1074
624
1567
864
1535
1688
947
1191
1675
1159
1817
927
1905
1736
1011
1659
1174
1718
1534
1627
2611
2810
1663
2602
2624
2605
2825
2427
1503
2849
2819
2821
0
0
0
0
0
0
0
0
0
0
0
0
2752
2859
2831
2793
2407
2818
2862
2822
2813
2463
2823
2885
2835
2818
2851
2820
2822
2835
2816
2849
2815
2805
2768
2835
261
0
527
0
0
0
0
197
0
454
552
429
2817
2819
2851
2825
2842
2590
2399
2131
2832
1792
2202
1365
2931
2826
2882
2803
2817
2848
2821
2815
2845
2819
2858
2846
191
0
0
0
0
0
0
0
0
0
0
0
0
0
0
0
0
0
0
0
0
0
0
0
2837
2864
2816
2838
2818
2821
2838
2816
2480
2037
1968
1568
1321
613
0
0
0
0
0
0
0
0
0
0
2832
2822
2811
2848
2816
2839
1481
720
0
0
0
0
2816
2821
2821
2814
2852
2821
2820
2831
2832
2847
2821
2821
2864
2822
2818
2835
2818
2857
2817
2723
2843
2797
2856
2845
0
0
0
0
0
0
0
0
0
0
0
0
0
247
0
0
0
0
0
0
0
0
0
0
0
0
0
0
0
0
0
0
0
0
291
465
2823
2822
2836
2817
2867
2431
1783
446
296
0
0
0
2852
2815
2817
2837
2817
2850
2883
2709
2847
2800
2833
2837
112
1062
2603
2823
2839
2803
2853
2826
2821
2842
2819
2827
0
295
96
0
464
1113
2402
2855
2821
2832
2839
2839
0
0
0
0
0
0
0
0
0
0
0
0
2064
2389
1227
2166
2112
1486
1299
0
211
0
0
0
2860
2819
2815
2855
2811
2832
2821
2819
2853
2823
2830
2849
0
0
0
0
0
0
56
0
882
117
1584
2013
0
0
0
0
0
0
0
0
0
0
0
0
2816
2595
2751
2820
2411
2817
1583
2815
2817
2431
2815
2818
0
0
0
0
0
0
0
0
0
0
0
0
0
0
0
0
0
0
0
0
0
0
0
0
1471
912
0
0
0
0
0
0
0
0
0
0
759
2648
2818
2832
2831
2859
2822
2820
2838
2815
2871
2860
2827
2864
2814
2821
2834
2819
2864
2827
2816
2838
2816
2819
2815
2816
2864
2719
2819
2862
2811
2846
2828
2811
2838
1765
2817
2842
2879
2834
2819
2829
2832
2848
2838
1660
1127
118
0
0
0
0
0
0
0
0
0
0
0
0
0
0
0
0
0
0
0
229
227
2031
2845
2853
2822
2857
2819
2816
2832
2820
2842
2820
2823
2847
2818
2819
2854
2821
2832
2829
2821
2918
2817
2803
2826
2815
2878
2864
0
0
0
0
0
0
0
0
0
0
0
0
2829
2771
2870
2819
2790
2813
2820
2864
2816
2816
2827
2832
2834
2826
2800
2855
2796
2822
2810
2823
2826
2819
2825
2839
0
0
0
0
0
0
0
0
0
0
0
0
2864
2823
2821
2832
2819
2863
2822
2815
2832
2815
2863
2863
2815
2851
2895
2822
2831
2819
2859
2825
2817
2037
1741
538
0
0
0
0
0
0
0
0
0
0
0
0
2823
2832
2817
2839
2813
2815
2829
2823
2854
2813
2815
2820
2817
2846
2832
2807
2858
2818
2815
1587
1334
0
0
0
0
0
0
0
0
0
0
0
0
1607
2848
2853
2871
2847
2818
2823
2864
2815
2838
2819
2820
2852
2819
2817
2810
2903
2870
2818
2807
2896
2816
2847
2820
2819
2839
2800
2817
2836
2842
2847
2822
2809
1799
1915
904
491
0
0
0
0
0
0
0
0
0
0
0
0
0
0
0
0
0
0
0
0
0
0
0
0
0
0
2827
2912
2819
2823
1535
1904
920
0
0
0
0
0
2846
2825
2838
2820
2818
2854
2813
2832
2823
2821
2128
880
2896
2848
2827
2810
2829
2815
2859
2818
2859
2832
2765
2819
0
0
0
0
0
0
355
0
1467
2160
2095
2768
0
0
0
0
0
0
0
0
0
0
0
0
2817
2790
2848
2822
2834
2818
2800
2846
2819
2842
2817
2830
0
0
0
0
0
0
0
0
0
0
0
0
2817
2858
2811
2823
2843
2807
2849
2819
2816
2843
2814
2800
0
0
0
0
0
0
0
0
0
0
0
0
483
0
0
0
0
0
0
1105
2088
2819
2816
2888
2823
2818
2841
2816
2841
2815
2811
2843
2832
2822
2819
2212
0
101
511
0
0
0
1475
2755
2855
691
2813
2811
0
0
0
1264
817
2480
2818
2327
2814
2863
2815
2815
2857
2816
2816
2831
2822
2849
2822
2819
1935
2431
1363
1535
2816
2856
2821
2835
2829
2817
2857
2819
2827
2827
2819
2815
0
543
213
1250
1525
1535
2764
2856
2816
2818
2860
2839
2817
2845
2817
2864
2819
2819
2837
2822
1734
1535
1094
460
0
0
0
0
0
0
0
0
0
0
0
352
1216
1408
1428
861
1936
1904
2114
2535
1451
2819
2846
2839
2818
2838
2817
2819
2843
2817
2847
2814
2817
2845
2817
2815
0
0
0
0
0
0
0
0
0
0
0
0
2816
2843
2832
2848
2822
2798
2813
2832
2847
2832
2791
2816
2813
2814
2845
2823
2833
2815
2813
2845
2815
2827
2821
2819
0
0
0
0
0
0
0
0
0
0
0
0
2818
2819
2832
2817
2855
2821
2819
2830
2779
2858
2820
2821
2861
2815
2835
2820
2823
2739
2757
2821
2832
2827
2855
2850
0
0
0
0
0
0
0
0
0
0
0
0
2841
2819
2865
2815
2821
2832
2817
2864
2817
2823
2841
2848
2819
2834
2818
2863
2850
2777
2789
2818
2865
2832
2809
2819
0
0
0
0
0
0
0
0
0
0
0
0
0
0
0
0
0
0
0
602
0
1113
792
1100
2815
2864
2817
2817
2821
2817
2858
2815
2821
2832
2816
2818
2845
2837
2858
2821
2815
2160
2490
1840
1978
2060
831
529
0
0
0
0
0
0
0
0
0
0
0
0
1861
2258
1450
2803
2839
2816
2816
2849
2815
2839
2824
2822
2288
2517
2441
1631
2815
2854
2807
2823
2843
2810
2837
2839
2859
2836
2855
2814
2876
2820
2827
2831
2816
2818
2818
2821
2851
2813
2820
2838
2811
2860
2818
2833
2832
2768
1863
1463
0
0
0
0
0
0
0
0
0
0
0
0
2395
2823
2863
2817
2818
2826
2819
2855
2818
2816
2849
2832
2819
2833
2819
2864
2813
2807
2839
2815
2858
2817
2810
2821
1679
1505
597
1120
336
636
435
0
0
0
0
0
0
0
0
0
0
0
0
0
0
0
0
0
0
0
721
590
0
1995
2400
2738
2815
2832
2837
2782
2838
2812
2855
2815
2818
2831
2817
2855
2821
2817
880
0
0
0
976
568
1699
1856
1099
1360
108
0
0
0
0
151
0
528
0
272
7
0
0
0
0
0
2861
2814
2815
2822
2831
2861
2817
2815
2839
2816
2853
2806
2277
1456
1400
2817
1840
0
2662
2403
1894
0
1590
1343
1535
2502
2855
2822
2831
2849
2819
2867
2821
2461
1351
647
0
0
0
0
0
0
0
0
0
0
0
0
2817
2816
2847
2811
2775
2819
2794
2843
2816
2831
2821
2822
0
0
0
0
0
0
0
0
0
0
0
166
1535
1360
959
1261
0
962
800
641
770
0
662
322
0
0
0
0
490
0
1083
1408
1069
1358
143
361
2814
2853
2815
2819
2830
2831
2853
2815
2820
2821
2793
2816
0
0
0
0
0
0
0
0
0
0
0
0
372
0
65
0
0
0
0
0
0
0
0
0
2831
2838
2820
2810
2849
2832
2817
2837
2815
2832
2826
2803
2864
2770
2819
2838
2819
1142
0
0
0
0
0
0
2805
1552
1949
1596
469
1035
584
1354
1840
1324
2347
2549
2839
2821
2862
2815
2822
2821
2817
2864
2817
2817
2832
2836
2811
2832
2782
2861
2820
2817
2845
2830
2849
2817
2818
2814
0
0
0
0
0
0
0
0
0
0
0
0
2843
2818
2815
2443
2597
1504
1680
1686
620
1701
1576
1680
0
0
0
0
0
0
0
0
935
198
1420
2071
2835
2832
2854
2815
2878
2844
2822
2853
2823
2829
2853
2851
71
0
1566
2096
2447
2815
2686
2819
2836
2819
2817
2815
2827
2819
2850
2820
2826
2823
2819
2849
2824
2815
2831
2830
576
636
1263
423
2020
2432
2693
2815
2853
2818
2831
2849
2817
2813
2847
2833
2869
2832
2831
2837
2813
2851
2832
2837
0
0
0
0
0
0
0
0
0
0
0
0
1023
0
1079
1040
383
735
0
63
682
0
400
198
0
864
33
1299
1700
1692
2553
2848
2818
2815
2835
2841
2804
2846
2816
2851
2801
2819
2835
2810
2853
2816
2768
2811
2832
2821
2911
2822
2854
2819
2819
2864
2817
2849
2837
2827
0
0
0
0
0
0
0
0
0
0
0
0
0
0
0
0
0
357
384
1664
1680
1442
2595
2814
2850
2773
2837
2817
2814
2850
2822
2836
2821
2820
2866
2854
1406
368
1095
928
1085
1456
275
1191
1440
1109
1632
1831
2819
2814
2835
2818
2845
2820
2821
2843
2821
2847
2820
2817
115
0
0
0
0
0
0
0
0
0
0
0
0
0
0
0
0
0
0
0
256
0
831
1312
1137
2183
2420
1972
2179
1231
2116
2096
1727
2262
886
1017
2825
2854
2820
2802
2833
2822
2858
2818
2816
2838
2815
2818
2515
2339
1258
2604
1990
0
999
0
1630
804
0
0
0
0
0
0
0
0
0
0
0
0
0
0
2819
2826
2831
2816
2859
2817
2820
2831
2827
2855
2819
2819
2878
2817
2828
2803
2815
2861
2821
2811
2838
2821
2865
2864
0
0
0
0
0
0
0
0
0
0
0
0
2877
2817
2864
2816
2819
2836
2819
2856
2815
2820
2846
2842
2815
2838
2815
2851
2810
2819
2834
2810
2860
2815
2817
2822
0
0
0
0
0
0
0
0
0
0
1392
2819
2855
2822
2821
2832
2817
2853
2814
2818
2864
2816
2849
2849
2809
2853
2819
2816
2838
2817
2846
2817
2815
2853
2818
2817
592
1781
1710
2431
2700
2247
2811
2851
2818
2822
2834
2839
2834
2843
2821
2839
2823
2817
2849
2818
2842
2817
2821
2818
0
0
0
0
0
0
0
0
0
0
0
0
2836
2816
2803
2847
2815
2832
2819
2822
2847
2817
2825
2832
0
0
0
0
0
0
0
0
0
0
0
0
2865
2818
2827
2827
2813
2851
2814
2829
2827
2817
2852
2847
0
0
0
769
827
576
0
0
680
1757
2817
2815
2832
2816
2854
2819
2815
2833
2801
2865
2821
2821
2832
2832
651
813
1766
337
1738
2407
2184
2245
1456
2288
1844
1634
2817
2540
1277
1399
0
0
0
0
0
0
0
0
2864
2814
2818
2834
2822
2861
2820
2893
2833
2815
2846
2853
0
0
0
0
0
0
0
0
0
0
0
0
2843
2815
2834
2817
2823
2121
2207
1062
0
0
0
0
2816
2843
2818
2829
2819
2817
2843
2819
2835
2818
2817
2815
0
0
0
0
0
0
1164
1042
2198
2832
2819
2823
2832
2822
2816
2473
2258
1476
79
0
0
0
0
0
2863
2825
2821
2815
2857
2818
2823
2829
2814
2859
2823
2810
2858
2821
2811
2831
2818
2843
2815
2832
2822
2819
2849
2851
0
0
0
0
0
0
0
0
0
0
0
0
2818
2807
2848
2821
2787
2800
2829
2850
2862
2827
2914
2821
2817
2832
2819
2896
2816
2815
2829
2818
2859
2815
2787
2816
0
0
0
0
0
0
0
0
0
0
0
0
2862
2813
2815
2833
2813
2861
2821
2823
2832
2818
2862
2851
2809
2867
2816
2798
2834
2818
2864
2820
2821
2842
2817
2814
0
0
0
0
0
0
0
0
0
0
0
0
2815
1575
1462
154
0
0
0
0
0
0
0
0
2819
2861
2832
2817
2852
2814
2815
2832
2815
2858
2819
2818
2835
2807
2809
2833
2823
2850
2818
2815
2857
2816
2839
2838
0
0
0
0
338
2379
2813
2813
2871
2833
2822
2817
0
0
0
0
0
0
0
0
0
1870
1862
2849
0
0
0
0
0
0
0
1155
2072
2811
2817
2816
0
0
0
0
0
0
0
0
1795
2855
2811
2829
0
0
0
0
531
1412
2399
2820
2864
2817
2832
2827
0
0
0
1944
2330
2816
2823
2826
2816
2858
2819
2819
0
0
0
2215
2817
2864
2846
2789
2832
2802
2857
2851
0
0
0
0
0
610
962
2838
2834
2845
2831
2815
0
0
0
0
148
1255
2819
2862
2818
2818
2849
2832
771
896
2013
2853
2835
2820
2850
2839
2848
2825
2816
2815
0
0
0
0
0
0
0
0
0
499
957
1647
0
0
0
0
0
0
0
0
0
0
0
0
2818
2839
2822
2815
2852
2820
2833
2823
2826
2847
2819
2818
2835
2819
2855
2779
2823
2846
2825
2896
2818
2814
1907
1521
2821
2841
2816
2838
2823
2817
2851
2819
2832
2820
2801
2817
0
0
0
0
0
0
360
0
1136
1568
1759
2082
511
0
1035
0
480
872
0
482
0
232
495
564
2816
2815
2099
2619
1393
2253
2083
1295
1768
880
1764
1424
0
0
0
0
0
0
0
0
0
0
0
0
2821
2865
2819
2816
1366
1510
144
0
0
0
0
0
2545
2816
2858
2816
2817
2832
2821
2862
2810
2817
2839
2839
0
0
0
0
0
0
0
0
0
0
0
0
2815
2827
2837
2815
2836
2818
2820
2830
2818
2842
2779
2823
0
0
0
0
0
0
0
0
38
0
0
22
2816
2832
2822
2818
2851
2816
2819
2815
2815
2851
2823
2819
0
658
172
0
0
0
0
0
0
0
0
0
2823
2877
2822
2815
2833
2816
2842
2800
2815
2816
2818
2801
2831
2818
2864
2817
2816
2827
2827
2865
2826
2815
2845
2846
1232
0
537
0
0
0
0
0
0
0
0
0
2821
2819
2434
2829
2858
2821
2819
2182
2814
2848
2823
2791
0
0
0
0
0
0
0
0
0
0
0
0
773
0
841
1599
1283
1632
96
0
0
0
0
0
2768
2815
2881
2818
2815
2833
2817
2850
2813
2820
2851
2825
2947
2846
2816
2859
2819
2825
2832
2805
2865
2813
2815
2810
0
0
0
0
0
0
626
0
1535
2112
2823
2834
0
0
0
0
0
0
0
44
0
684
0
0
2820
2851
2826
2821
2867
2919
2858
1890
374
0
1535
2255
0
0
0
0
0
0
1308
1124
0
625
0
0
0
6
1417
1900
1535
1649
455
1918
2551
2686
2819
2809
2819
2817
2853
2819
2823
2819
2813
2858
2820
2826
2831
2831
2831
2833
1636
0
0
0
0
0
0
784
1488
2829
757
0
0
0
0
790
1474
1631
2655
2819
2818
2818
2855
2817
2823
2830
2818
2864
2817
2817
2833
2821
2861
2848
2818
2869
2819
2816
2829
2817
2864
2813
2823
2833
2814
2801
0
0
0
0
0
0
0
0
0
0
0
0
0
0
0
0
0
0
0
0
0
0
0
0
2815
2816
2832
2902
2832
2943
2815
2832
2815
2864
2814
2815
0
2243
2827
2829
2816
2859
2821
2815
2742
2369
51
0
0
0
0
0
0
0
6
749
1275
659
1687
1583
2853
2820
2842
2821
2819
2851
2819
2832
2822
2814
2857
2851
99
0
0
0
0
0
0
0
0
712
1261
1748
2817
2831
2844
2796
2839
2829
2815
2870
2815
2828
2819
2786
2861
2825
2816
2834
2814
2855
2815
2818
2842
2837
2842
2034
0
0
0
0
0
464
189
1266
1411
1059
2205
2696
0
0
0
0
0
0
0
0
0
0
0
0
1154
179
591
0
0
267
0
750
932
1371
1957
2608
2817
2810
2829
2830
2853
2829
2814
2838
2817
2848
2818
2827
0
0
0
0
0
0
0
0
0
0
0
0
0
0
0
0
0
0
0
0
0
0
0
0
2851
2817
2819
2685
2823
2841
2823
2817
2833
2821
2863
2860
2380
1523
2764
2823
2741
2918
2864
2896
2839
2851
2813
2821
2826
2819
2851
2820
2831
2821
2819
2993
2895
2846
2823
2825
0
0
0
0
0
0
0
0
0
0
0
0
2818
2815
2831
2815
2882
2821
2782
2833
2805
2861
2823
2818
309
941
1136
311
758
223
0
0
0
240
260
133
0
0
0
0
0
163
0
583
706
496
1555
2320
2839
2813
2863
2815
2815
2832
2811
2862
2818
2820
2833
2838
0
0
0
0
0
0
0
0
0
0
0
0
0
0
0
0
0
0
288
0
714
240
752
750
2880
2821
2818
2850
2825
2861
2834
2827
2843
2832
2842
2852
2816
2855
2815
2811
2791
2820
2860
2819
2827
2834
2827
2821
2847
2827
2849
2873
2819
2842
2817
2832
2429
1744
0
0
0
0
0
0
0
0
0
0
0
0
0
0
2817
2823
2832
2833
2854
2817
2816
2835
2817
2861
2821
2822
2829
2822
2819
2855
2827
2821
2805
2821
2019
2543
2390
711
0
0
203
1155
527
1715
1938
2508
2820
2848
2817
2821
2847
2827
2822
2809
2817
2855
2815
2819
2830
2816
2859
2864
0
0
0
0
0
0
0
0
0
0
0
0
0
0
0
0
0
0
0
0
0
138
0
625
2826
2831
2820
2887
2818
2819
2831
2815
2843
2784
2559
1779
2821
2463
2927
2821
2843
2832
2817
2828
2814
2850
2830
2818
2863
2823
2820
2817
2813
2855
2813
2830
2832
2815
2862
2863
0
0
0
0
0
0
0
0
0
0
0
0
2183
2454
699
1463
1189
483
774
0
769
1068
733
1119
0
0
0
0
0
0
0
321
0
1200
1462
1840
0
0
0
0
0
0
0
0
0
0
0
0
2837
2834
2819
2825
2835
2861
2813
2815
2834
2815
2864
2841
2858
2806
2818
2559
2835
2722
1853
1594
1424
1413
2155
1655
0
0
0
0
0
0
0
0
0
0
0
0
1352
663
1339
738
1344
1441
785
1535
1314
1493
1755
1761
2815
2832
2852
2825
2831
2825
2817
2848
2819
2827
2661
2407
1535
2483
2813
2843
2818
2862
2811
2819
2837
2816
2862
2844
2822
2767
2879
2816
2851
2816
2816
2829
2815
1347
2221
1457
0
0
0
0
0
0
0
0
0
785
282
281
2646
1777
2830
2819
2825
2819
2863
2817
2821
2832
2807
2835
2778
2832
2832
2821
2677
2030
2192
593
1632
1337
499
0
2819
2846
2814
2864
2821
2845
2829
2816
2878
2814
2826
2815
2817
2823
2836
2814
2864
2720
2818
2834
2816
2869
2825
2821
1072
1560
1322
285
452
0
0
0
0
0
0
0
0
0
0
0
0
0
0
0
0
0
0
0
2832
2797
2859
2816
2815
2832
2821
2862
2818
2822
2832
2829
2815
2661
2816
2860
2823
2821
2607
2821
2849
2822
2821
2821
1296
1012
233
724
0
39
129
0
0
0
0
0
2865
2819
2850
2832
2816
2864
2817
2816
2752
2819
2867
2865
716
1080
1472
1380
0
1861
2032
2224
2624
2091
2821
2819
492
1216
261
1216
1185
459
1019
39
901
947
287
0
2817
2451
2817
2858
2819
2820
2103
2737
2204
2512
2495
2550
1568
1573
563
561
818
576
378
0
33
0
0
0
1312
1244
1228
391
1135
720
1155
1327
166
671
437
1013
1452
1240
887
1282
173
1357
1408
1105
1519
447
1400
1251
0
304
227
0
299
0
548
692
471
1037
31
315
1628
506
1687
1535
1419
1582
302
1432
1210
1327
1456
1192
1373
1515
511
1413
1168
670
481
0
0
80
0
0
2704
2320
2603
1535
2826
2832
2740
2817
2825
2817
2826
2847
1884
2257
2165
2520
1335
2384
0
2832
2817
2863
2818
2815
0
624
629
0
471
0
496
590
0
548
0
0
2498
1562
2327
2243
1501
2155
1456
1943
1878
1233
1856
1761
2830
2819
2867
2815
2815
2832
2864
2907
2810
2828
2836
2834
0
0
0
0
0
0
0
0
0
0
0
0
2032
2747
2299
2113
251
1355
2127
2677
2817
2864
2819
2641
1045
2072
1950
1605
2533
1491
2283
2278
1796
2441
2848
2858
0
0
0
0
0
0
0
0
0
0
0
0
2835
2799
2861
2816
2817
2861
2818
2869
2814
2822
2835
2832
0
0
0
0
0
19
0
1723
2000
2821
2821
2817
2823
2823
2867
2816
2839
2822
2821
2849
2821
2833
2815
2820
0
0
0
0
0
0
0
0
0
0
0
0
2816
2829
2831
2821
2854
2811
2823
2823
2817
2859
2819
2819
2860
2819
2816
2192
2277
757
1648
1392
658
1075
0
0
0
0
0
0
0
0
0
0
84
0
499
880
983
1253
208
1535
1584
1431
1710
906
2006
2181
1891
2097
2823
2826
2825
2854
2816
2832
2685
2821
2325
2823
2823
2831
2832
2805
2151
2821
2862
2826
2785
2449
2818
2864
2817
2818
3
929
1111
479
977
71
711
844
0
816
141
240
2513
1351
2590
2615
1989
2411
1151
2243
2294
1874
2322
2219
2830
2821
2867
2854
2817
2835
2828
2863
2823
2821
2832
2833
598
0
474
0
276
438
0
171
0
0
311
328
1142
1183
433
1279
820
1259
1357
295
1182
692
943
1060
2865
2799
2817
2829
2814
2861
2817
2758
2832
2789
2858
2861
35
0
818
1200
699
1105
400
0
0
0
0
0
0
372
0
501
503
0
428
0
699
547
0
0
2822
1951
2701
1891
2443
2395
1535
2231
1504
2160
2368
2246
0
551
0
1391
2352
2065
1480
2859
2804
2831
2832
2830
0
0
0
0
0
112
0
446
0
499
520
624
2821
2847
2544
2559
1507
2207
1928
1744
1846
789
1670
1573
2857
2819
2806
2829
2819
2849
2804
2825
2832
2817
2853
2858
0
0
0
0
0
0
0
0
304
0
341
398
1616
1796
1063
1838
1936
1662
2139
794
2107
2187
1669
1978
2832
2294
2495
1279
2337
2186
1615
2112
827
1988
1983
1905
1898
1918
1357
1998
895
1964
2026
1583
1937
1067
2153
2004
0
0
0
0
0
0
0
0
0
0
0
0
1367
457
1316
1195
655
1165
544
1185
1218
483
1207
1263
2662
1831
2863
2719
2817
2821
2815
2865
2832
2819
2859
2831
580
0
490
0
335
575
0
480
0
413
499
412
1733
1889
914
1486
996
860
768
0
363
302
0
0
2855
2817
2768
2849
2817
2850
2818
2825
2859
2832
2865
2854
0
0
0
0
0
0
0
0
0
0
0
0
2848
2819
2838
2814
2814
2846
2816
2841
2823
2817
2847
2850
2113
1371
2315
1984
1456
1910
1023
2503
2829
2583
2551
1914
0
0
0
0
0
0
0
0
1456
1920
1455
638
1988
1263
723
0
0
0
0
0
0
0
0
0
0
0
0
0
0
0
0
0
0
0
0
0
2843
2843
2812
2754
2826
2861
2823
2817
2830
2816
2864
2861
2814
2869
2807
2815
2838
2819
2859
2823
2815
2834
2816
2815
2819
2831
2863
2818
2864
1675
1786
703
1757
1346
247
0
0
0
0
0
0
0
0
0
0
0
0
0
979
1572
1066
1456
48
812
336
0
0
0
0
0
872
900
1015
242
1513
1488
1777
2203
1494
2822
2839
2832
2838
2853
2836
2825
2839
2796
2832
2811
2809
2838
2818
2818
1560
2185
1319
951
0
943
1579
1040
1344
2818
1745
1213
0
0
0
0
0
0
0
0
0
0
0
0
0
0
0
0
0
0
0
0
0
0
0
0
2821
2823
2814
2851
2829
2820
2827
2822
2853
2802
2822
2817
1355
1256
720
1342
199
1335
1408
1023
1381
431
1923
1967
2855
2819
2846
2828
2815
2859
2819
2832
2830
2817
2857
2852
2814
2855
2807
2813
2829
2809
2862
2816
2818
2832
2815
2819
0
0
0
0
0
0
0
0
0
0
0
0
0
0
0
0
0
0
0
0
0
0
0
0
2821
2813
2829
2817
2862
2818
2819
2832
2818
2867
2807
2817
2855
2815
2809
2839
2818
2845
2822
2814
2846
2816
2849
2855
0
0
0
0
0
0
0
0
0
0
0
0
683
1157
320
1007
996
177
869
320
784
904
0
0
2821
2841
2832
2848
2818
2818
2858
2820
2881
2822
2821
2818
2533
2825
1795
2830
2826
2590
2869
2439
2813
2829
2880
2822
896
663
931
0
917
1024
599
1152
0
908
1856
1253
2818
2833
2823
2815
2851
2815
2829
2830
2815
2849
2819
2816
429
1351
1354
979
1324
265
1238
1085
818
1321
147
61
225
0
360
117
0
419
0
606
888
909
1328
1556
2819
2816
2842
2832
2862
2816
2832
2858
2834
2859
2174
1935
2827
2825
2821
2851
2813
2823
2797
2818
2853
2807
2815
2815
2823
2818
2832
2819
2859
2815
2828
2834
2821
2864
2818
2816
0
0
0
0
0
0
0
0
0
663
31
135
2704
1335
2384
2501
2274
2819
2857
2818
2825
2832
2817
2819
2800
2816
2850
2819
2829
2825
2817
2856
2818
2827
2822
2827
0
0
0
0
0
0
0
0
0
0
0
749
0
0
0
0
0
0
0
0
0
0
0
946
0
0
0
0
0
0
918
2139
1973
2819
2839
2842
2826
2828
2825
2811
95
0
0
0
0
0
0
0
0
1151
1303
887
1398
83
822
540
0
0
0
0
2821
2855
2820
2831
2819
2818
2852
2821
2831
2817
2832
2821
2100
2749
2151
2831
2845
2818
2821
2839
2847
2850
2818
2819
1073
0
0
0
0
0
0
0
0
0
0
0
2821
2823
2776
1936
113
404
159
0
1306
877
2785
2818
2852
2817
2827
2383
2266
759
1363
934
0
377
0
0
2822
2859
2800
2823
2832
2826
2864
2818
2823
2832
2817
2815
2834
2817
2863
2820
2817
2491
1901
174
178
0
0
0
1791
1679
0
2863
2818
2823
1632
2811
2864
2826
431
2823
0
119
0
669
0
811
500
0
0
0
0
0
2864
2819
2817
2832
2821
2858
2817
2815
2845
2813
2839
2833
2815
2837
2817
2803
2756
2815
2848
2903
2815
2834
2815
2838
0
0
0
0
0
0
0
0
0
0
0
0
0
0
0
85
463
930
272
1407
1293
1387
1584
1563
2821
2832
2843
2821
2847
2815
2829
2843
2825
2847
2819
2823
2834
2821
2819
2843
2818
2846
2800
2803
2851
2815
2845
2842
0
0
0
55
0
944
800
705
710
0
394
192
0
0
0
0
0
0
0
0
0
11
0
0
2819
2849
2809
2828
2825
2819
2854
2820
2817
2819
2825
2819
0
0
0
0
0
0
0
0
0
680
805
1731
2813
2823
2823
2853
2819
2830
2832
2819
2845
2819
2831
2832
2822
2822
2559
2559
847
1728
1994
1879
2799
2850
2823
2818
0
0
0
0
0
0
0
0
0
0
0
0
2252
1041
2085
2088
1827
2177
1049
2135
2058
1463
1705
1392
2834
2817
2819
2818
2818
1799
2129
1428
1699
1580
798
235
1188
437
1471
2858
2816
2817
2831
2815
2858
2823
2817
2786
2815
2821
2832
2814
2855
2821
2822
2731
2701
1535
2701
2733
1585
2817
2817
2832
2833
2858
2536
2123
951
1182
345
0
2067
1748
2007
2508
2115
2823
2842
2813
2819
2843
2823
2823
301
541
0
0
0
0
0
0
0
0
0
0
0
0
0
0
0
0
0
0
0
0
0
0
2820
2819
2842
2823
2861
2819
2819
2886
2815
2820
2795
2816
2815
2821
2821
2846
2819
2224
1187
174
0
0
0
0
0
0
0
0
0
0
0
0
0
0
0
0
1703
2768
2826
2416
2823
2544
2704
2818
2205
2818
2850
2856
2816
2850
2812
2822
2830
2841
2853
2832
2821
2829
2818
2813
1151
1249
315
1467
1588
1519
2039
1439
2816
2832
2825
2818
2815
2826
2817
2846
2812
2815
2774
2817
2861
2822
2814
2831
0
0
0
0
0
0
0
0
200
0
695
965
0
0
218
0
0
0
260
371
0
397
0
0
1331
144
1395
1328
788
1216
85
1253
1146
816
1061
912
2832
2819
2865
2826
2816
2837
2819
2862
2817
2823
2835
2835
0
0
0
0
0
0
0
0
0
0
79
737
0
0
0
0
0
0
0
0
0
0
0
0
2867
2822
2819
2730
2816
2863
2822
2819
2837
2819
2862
2864
2821
2979
2825
2819
2836
2814
2848
2816
2823
2842
2832
2817
0
0
0
0
0
0
0
0
0
0
0
0
0
0
0
0
0
0
0
151
171
0
450
527
2825
2824
2850
2822
2843
2821
2820
2841
2821
2817
2823
2797
300
0
389
0
785
1088
908
1439
604
1875
2144
2667
2823
2827
2823
2815
2855
2816
2816
2832
2822
2853
2818
2822
0
0
0
0
0
0
0
0
0
0
0
0
0
0
0
0
0
750
0
947
2832
2541
2818
2818
1599
1842
955
1828
1744
1456
1719
748
1535
1648
1424
1639
2816
2827
2817
2864
2800
2811
2832
2817
2863
2815
2823
2817
2815
2813
2832
2820
2866
2818
2817
2831
2822
2861
2834
2817
0
0
0
0
0
0
0
0
0
0
0
0
2761
2860
2817
2791
2372
2701
2857
2823
2817
2335
2823
2819
2832
2821
2867
2817
2818
2834
2817
2854
2819
2817
2833
2832
2788
2839
2800
2864
2826
2816
2841
2819
2845
2823
2804
2803
1332
646
0
0
0
0
0
0
0
0
0
0
0
0
0
0
523
413
869
1291
740
1867
1796
2122
0
2845
2816
2823
2619
2818
2843
2819
2817
2883
2814
2815
2850
2819
2837
2823
2820
2849
2819
2822
2827
2806
2848
2869
2820
2846
2817
2833
2816
2819
2846
2816
2837
2825
2823
2814
967
960
0
0
0
0
0
0
0
0
0
0
0
0
0
0
0
0
0
0
0
0
0
0
2182
2395
1647
2419
1450
2445
2431
1651
2333
1301
2018
1902
1099
1911
1905
1435
1947
947
1497
1585
908
1521
1056
1608
1214
1568
2099
2610
1899
2814
2864
2822
2816
2834
2816
2772
2839
2815
2863
2815
2819
2767
2818
2853
2699
2201
988
339
1887
1007
1607
656
938
656
0
227
0
0
215
102
2398
2201
1086
2512
1937
2802
1956
2127
2816
2860
2201
2671
208
1168
1213
379
1003
520
1003
1136
335
1281
1136
1254
2316
1280
1301
945
0
131
0
0
0
0
0
0
2861
2830
2838
2818
2818
2859
2775
2834
2742
2815
2847
2856
1280
220
1023
658
584
438
0
0
0
0
0
0
1396
1854
1303
2151
2184
2613
2814
1931
2865
2865
2847
2818
2832
2818
2831
2190
2822
2836
2357
2679
1655
2680
2816
2552
752
776
763
1045
131
780
0
2379
2702
1403
2815
2821
699
1839
1772
1379
1819
599
1564
1612
1246
1687
498
451
2815
2846
2816
2821
2826
2818
2857
2815
2813
2830
2813
2815
2837
2818
2864
2818
2817
2823
2815
2865
2817
2817
2832
2834
1383
633
1463
629
1231
1263
549
1258
800
1243
1172
1056
0
0
0
0
0
0
0
0
0
0
0
0
2848
2819
2821
2371
2803
2416
2815
2814
2441
2817
2848
2755
0
0
0
0
0
0
0
0
0
0
0
0
0
0
0
0
0
0
0
0
0
0
0
0
2817
2845
2815
2839
2813
2817
2846
2817
2839
2826
2816
2817
1788
1435
1207
1292
289
1080
2361
1249
1166
0
160
2126
0
0
0
0
0
0
0
0
0
0
0
0
1078
0
0
0
0
0
0
0
1171
574
1809
2278
2857
2822
2823
2825
2819
2852
2816
2815
2127
2207
815
1149
0
0
0
0
0
0
0
0
332
0
511
0
1279
1696
1101
2033
2231
1442
1840
758
1007
528
0
0
2827
2793
2817
2851
2752
2803
2829
2831
2850
2813
2816
2814
1622
1990
1971
2186
702
945
92
0
0
0
0
0
0
0
0
0
0
0
0
0
0
0
0
0
0
0
0
0
0
0
0
0
0
0
0
304
2849
2815
2862
2818
2815
2832
2832
2855
2821
2817
2834
2838
1903
615
943
0
752
418
0
0
0
0
0
0
0
0
0
0
0
0
0
0
0
0
0
0
2836
2814
2809
2938
2822
2843
2822
2824
2845
2818
2837
2779
2800
2826
2739
2815
2848
2826
2822
2819
2810
2855
2815
2803
0
0
0
0
0
0
0
0
0
0
0
0
843
0
593
848
923
1517
627
1693
1392
1157
1123
1638
2869
2800
2900
2817
2855
2800
2806
2858
2823
2826
2830
2822
2823
2852
2818
2849
2817
2827
2826
2815
2857
2821
2815
2835
