894
844
841
815
848
827
816
858
821
851
887
885
943
978
949
953
955
959
1050
1159
1110
1175
1356
1438
953
945
981
933
944
960
947
990
951
953
960
964
2815
2827
2814
2858
2815
2817
2829
2807
2860
2815
2816
2817
682
671
694
685
720
671
819
704
692
730
968
704
621
577
571
630
563
611
582
579
595
542
620
624
457
555
482
555
547
545
560
531
530
557
533
539
2391
2447
743
2595
2624
2634
2650
2728
2794
2815
2834
2832
716
729
717
753
720
712
739
720
752
723
719
735
721
730
651
720
767
733
731
752
731
779
734
734
806
764
767
778
770
810
773
759
797
775
816
814
976
902
868
884
848
880
911
885
885
903
882
867
945
914
954
927
918
946
919
960
928
874
949
915
2257
2247
2404
2324
2382
2466
2448
2460
2493
2543
2559
2585
972
976
981
979
1040
980
976
994
978
1013
980
976
932
900
903
922
901
902
902
911
927
909
933
921
861
880
839
851
873
857
877
864
859
894
865
867
2831
2816
2837
2816
2811
2837
2810
2832
2821
2831
2846
2845
901
950
917
912
922
917
933
916
939
927
926
933
901
907
934
909
931
913
912
941
912
930
918
919
2827
2843
2787
2838
2807
2842
2814
2754
2839
2816
2883
2843
656
691
658
657
688
658
681
673
656
693
672
716
545
528
555
532
531
551
537
563
544
535
560
565
2810
2843
2815
2833
2815
2815
2842
2801
2813
439
418
423
734
835
739
1005
1152
1409
1436
1324
1611
1835
1862
1906
672
659
659
677
670
695
673
671
720
673
687
687
662
673
668
663
688
662
672
688
667
693
671
662
2850
2826
655
637
705
658
683
621
720
657
723
674
811
853
825
840
829
826
855
832
849
833
831
837
868
878
889
782
843
842
861
898
781
785
848
871
2823
2832
2819
2843
2819
2830
2825
2813
2854
2816
2821
2834
2798
2812
2832
2814
2864
2815
2858
2830
2812
2857
2810
2756
0
0
0
0
0
0
0
0
0
0
0
0
2247
0
0
0
0
0
0
0
0
0
0
0
2832
2821
2842
2800
2832
2817
2813
2851
2817
2820
2832
2820
2710
1968
2598
2048
2805
2814
2379
2815
2928
2821
2819
2815
1442
1455
571
1188
729
1143
1171
225
1292
1130
1249
1332
2887
2819
2816
2833
2815
2864
2823
2818
2836
2812
2861
2853
1617
861
1581
1731
1109
1563
789
1898
2043
1235
2015
2347
0
0
0
0
0
0
0
0
0
0
0
0
2846
2837
2815
2842
2816
2817
2844
2814
2827
2823
2815
2817
2832
2814
2835
2808
2843
2819
2815
2737
2827
2844
2814
2817
1535
1834
1928
1087
1978
1612
2005
2095
1347
2361
2112
2120
0
0
0
0
0
0
0
0
0
0
0
0
2847
2823
2827
2819
2785
2849
2815
2831
2829
2814
2853
2854
0
0
0
0
0
0
0
0
0
0
0
0
2821
2807
2854
2827
2819
2827
2809
2849
2816
2827
2829
2821
2815
2832
2811
2863
2814
2816
2830
2813
2864
2816
2815
2813
2816
2810
2832
2814
2854
2825
2829
2832
2814
2864
2811
2815
0
0
0
0
0
0
0
0
0
0
0
0
2817
2853
2818
2815
2832
2815
2861
2815
2815
2835
2817
2814
2868
2815
2862
2815
2817
2876
2831
2851
2820
2817
2831
2836
1847
1357
2005
1588
2434
2439
1905
2817
2850
2814
2811
2818
0
0
0
0
0
0
0
0
0
0
0
0
2859
2818
2815
2834
2815
2835
2815
2811
2839
2817
2852
2845
0
0
0
0
0
0
0
0
0
0
0
0
2847
2818
2839
2815
2822
2870
2855
2874
2843
2850
947
0
2810
2864
2815
2832
2815
2819
2843
2818
2832
2818
2813
2815
1112
1841
543
1387
672
1159
1176
0
0
832
453
0
0
0
0
0
0
0
0
0
0
0
0
0
2830
2800
2843
2805
2860
2797
2464
0
0
0
0
0
2846
2790
2822
2814
2816
2853
2818
2833
2813
2801
2853
2848
0
0
0
0
0
0
0
0
0
0
0
0
2831
2816
2859
2814
2813
2827
2815
2855
2815
2815
2832
2831
2817
2832
2818
2863
2820
2805
2834
2817
2864
2819
2785
2819
2815
2843
2839
2817
2846
2813
2818
2834
2810
2843
2814
2810
0
0
0
0
0
0
0
0
0
0
0
0
2817
2851
2874
2837
2839
2814
2834
2815
2816
2854
2822
2816
966
2779
2805
2811
2812
2850
2814
2832
2819
2818
2882
2837
0
0
0
0
0
0
0
0
0
0
0
0
0
0
0
0
0
0
0
0
0
0
0
0
2822
2828
2821
2864
2890
2817
2910
2816
2848
2818
2817
2827
2819
2833
2815
2819
2857
2817
2831
2817
2815
2846
2814
2823
2846
2819
2819
2823
2817
2854
2821
2815
2821
2817
2855
2849
2817
2857
2819
2817
2832
2815
2859
2819
2819
2832
2817
2817
2830
2823
2863
2815
2895
2833
2798
2864
2816
2814
2832
2836
2826
2819
2816
2850
2818
2818
2831
2816
2863
2817
2816
2817
2821
2815
2849
2818
2838
2816
2815
2849
2817
2832
2823
2826
2835
2764
2818
2853
2817
2832
2823
2817
2844
2816
2797
2821
2821
2864
2815
2820
2375
2820
2861
2821
2815
2480
2819
2817
2849
2819
2827
2819
2814
2845
2817
2832
2822
2814
2608
1809
2818
2844
2815
2844
2818
2809
2838
2821
2837
2819
2817
2842
1339
2687
1807
2591
2344
2845
2819
2382
2823
2843
2816
2833
1696
1514
1683
625
1808
2000
1725
2274
1135
2365
2389
2592
2822
2825
2829
2818
2861
2821
2814
2857
2821
2862
2816
2819
1570
2446
2448
2015
2339
1287
2337
1804
1971
2519
1299
1255
0
0
0
0
0
0
0
0
0
0
0
0
1681
2042
2015
1734
0
0
0
0
0
0
0
0
2822
2841
2817
2867
2818
2803
2832
2817
2864
2845
2811
2857
1767
0
0
0
0
0
0
0
0
0
0
0
1088
1588
1239
368
802
80
665
863
0
508
22
0
2818
2852
2819
2817
2837
2811
2850
2819
2815
2837
2816
2819
0
0
0
0
0
0
0
0
0
0
0
0
0
0
0
0
0
0
0
0
0
0
0
0
2819
2830
2839
2818
2845
2820
2816
2839
2815
2849
2815
2815
0
0
0
0
0
0
0
0
0
0
0
0
0
0
0
0
0
0
0
0
0
0
0
0
2838
2816
2832
2821
2815
2862
2822
2832
2825
2815
2848
2846
2808
2847
2819
2832
2825
2814
2847
2819
2821
2822
2818
2810
0
0
0
0
0
0
0
0
0
0
0
0
1808
1267
1501
311
1359
1420
919
1507
211
1629
1683
1872
2815
2815
2829
2800
2857
2816
2815
2832
2816
2864
2811
2805
0
0
0
0
0
0
0
0
0
0
0
0
2465
1606
2454
2368
1831
2611
1475
2488
2663
1995
2765
2784
2830
2816
2859
2817
2815
2825
2816
2859
2815
2823
2828
2826
2819
2838
2812
2851
2815
2821
2842
2822
2853
2817
2818
2818
2498
2527
1703
2469
1910
2423
2477
1741
2545
2113
2709
2454
2866
2815
2817
2830
2813
2866
2817
2816
2534
2819
2853
2788
2813
2859
2818
2815
2838
2816
2861
2823
2815
2845
2818
2823
0
719
317
592
633
0
446
242
0
827
0
0
151
0
0
0
0
0
0
333
45
0
586
746
2826
2819
2846
2818
2832
2827
2821
2852
2829
2832
2823
2832
0
0
0
0
0
0
0
0
0
0
0
0
0
0
0
0
0
0
0
0
0
0
0
0
2839
2820
2831
2817
2828
2844
2813
2834
2820
2818
2847
2849
2816
2849
2811
2813
2829
2810
2847
2813
2817
2827
2822
2818
2691
2819
2256
2817
2824
1140
434
0
0
0
0
0
2837
2246
2209
1067
1660
1360
1137
1232
0
986
928
822
2816
2826
2823
2830
2851
2821
2806
2830
2820
2853
2818
2817
606
1425
583
1463
1970
1072
1791
2272
2015
2484
2000
2280
20
0
0
20
0
416
0
496
584
0
754
608
2315
2735
1445
2544
2559
2122
2698
1519
2643
2512
2039
1995
2016
1578
1183
883
1854
1836
1207
2192
939
938
2827
2826
1152
1176
615
1273
318
1199
1333
706
1253
586
1560
1260
1107
1928
2058
1415
1915
906
1866
1894
1343
1830
1036
747
2805
2832
2825
2657
2836
2817
2835
2816
2831
2842
2802
2816
0
304
0
0
217
0
208
0
0
194
0
0
267
0
0
0
0
0
0
0
0
0
0
0
2821
2821
2847
2826
2845
2816
2819
2849
2832
2842
2816
2823
0
0
103
0
0
0
0
93
0
0
0
0
0
0
0
0
0
0
0
0
0
0
0
0
2833
2819
2868
2820
2815
2842
2816
2853
2821
2816
2844
2843
1217
0
1239
1292
862
1344
472
2826
2833
2537
2448
2818
748
1069
0
894
802
432
864
0
929
864
749
559
2832
2448
2499
1287
2393
2404
1869
2079
880
1867
1936
1712
2818
2848
2823
2817
2850
2818
2835
2821
2801
2843
2736
2822
0
0
0
0
0
0
0
0
0
0
0
0
0
0
0
0
0
0
0
0
0
0
0
0
1339
1651
511
1596
1601
1197
1504
401
1604
1616
1385
1302
0
0
0
0
0
0
0
0
0
0
0
0
1677
1920
1351
1813
715
1931
2013
1572
2002
914
2325
2159
2851
2818
2803
2821
2813
2853
2817
2816
2813
2814
2865
2856
2801
2864
2815
2815
2833
2819
2859
2822
2816
2833
2816
2816
927
1535
263
1490
1472
1018
1394
395
1392
1510
880
701
2368
1714
1982
767
1707
1599
816
1271
292
947
980
742
2811
2821
2823
2818
2863
2818
2817
2835
2817
2862
2815
2809
0
0
0
0
0
0
0
0
0
0
0
0
0
0
0
0
0
0
0
0
309
0
761
427
2841
2815
2853
2806
2818
2656
2823
2864
2823
2816
2842
2835
0
0
0
0
0
0
0
0
0
0
1150
1136
961
1045
178
784
61
959
994
439
1072
158
1226
1063
2864
2806
2818
1957
2607
1843
2549
2559
1967
2480
2148
1841
2882
2865
2815
2817
2835
2823
2865
2829
2821
2843
2818
2817
0
247
0
0
44
0
0
0
0
64
47
0
1300
122
935
976
359
560
0
336
288
0
323
25
2818
2811
2845
2814
2847
2820
2816
2846
2818
2833
2818
2820
1488
1631
1845
1273
2039
2026
2042
2370
1520
2559
2546
2409
315
278
0
305
0
479
592
0
847
0
893
728
2851
2817
2825
2819
2815
2861
2821
2823
2838
2823
2864
2859
0
0
0
0
0
0
0
0
0
0
1688
1088
2820
2819
2478
2824
2854
2816
2827
2487
2820
2857
2819
2817
2813
2802
2822
2843
2800
2831
2807
2814
2847
2821
2827
2694
2821
2819
2815
2815
2857
2819
2823
2823
2818
2855
2836
2815
0
0
0
0
0
0
0
0
0
0
0
0
0
0
0
0
0
0
0
0
0
0
0
0
0
0
0
0
0
0
0
0
0
0
0
0
0
0
0
0
0
0
0
0
0
0
0
0
0
270
0
322
0
363
528
0
650
0
677
603
2854
2818
2821
2789
2816
2848
2819
2787
2637
2821
2864
2848
0
0
0
2049
2033
2810
2878
2813
2817
2702
2814
2818
2899
2828
2856
2825
2819
2626
2817
2862
2816
2817
2657
2719
2822
2826
2817
2852
2815
2829
2263
2460
1139
2059
2115
1639
2814
2853
2845
2819
2859
2822
2813
2837
2816
2862
2818
2813
0
0
0
0
0
0
0
0
0
0
0
0
0
0
0
82
0
213
256
0
757
0
1022
1042
2211
2819
1974
2736
2672
2000
2539
1963
2476
2432
1937
1887
2372
1478
2167
1888
2858
1387
0
0
0
0
0
0
2819
2815
2323
2815
2858
2818
2817
2295
2767
2864
2775
2819
2859
2821
2864
2155
2807
2839
2826
2819
2624
2821
2842
2843
2815
2167
2813
2815
2858
2800
2832
2822
2832
2847
2805
2818
0
0
0
0
0
0
0
0
0
0
0
0
799
0
304
0
0
0
0
0
0
0
0
0
2268
2165
501
0
0
0
0
0
0
0
0
0
0
0
0
0
0
0
0
0
0
0
0
0
0
0
0
0
0
0
0
0
0
0
0
0
2855
2811
2821
2828
2813
2862
2817
2822
2826
2817
2858
2858
0
0
0
0
0
0
0
0
0
0
0
0
2832
2815
2848
2811
2828
2821
2815
2847
2816
2823
2845
2819
2810
2832
2813
2859
2768
2815
2834
2817
2861
2819
2818
2815
2834
2821
2818
2815
2847
2816
2819
2832
2818
2854
2814
2823
0
0
0
0
0
0
0
0
0
0
0
0
0
0
1261
1920
2006
2816
2854
2814
2817
2832
2819
2815
0
0
0
0
0
0
0
0
0
0
0
0
0
0
0
0
0
0
0
0
0
0
0
0
1791
1940
1391
1891
112
0
0
0
0
0
0
0
2859
2812
2785
2832
2818
2865
2816
2813
2825
2811
2863
2858
2692
2887
2819
2811
2837
2817
2829
2864
2783
2834
2829
2815
2837
2819
2857
2815
2817
2837
2721
2867
2822
2817
2833
2839
2816
2433
2823
2857
2818
2811
2096
2766
2842
2549
2436
2265
2818
2817
2843
2816
2837
2822
2862
2854
2818
2832
2825
2823
0
0
0
0
0
0
0
0
0
0
0
0
0
0
0
0
0
0
0
0
0
0
0
0
2826
2815
2813
2830
2815
2906
2811
2826
2829
2803
2834
2868
0
0
0
0
0
0
0
0
0
0
0
0
2819
2817
2847
2815
2834
2831
2803
2897
2817
2821
2827
2832
2831
2817
2818
2847
2825
2852
2833
2705
2847
2815
2830
2833
2815
2819
2828
2816
2931
2802
2815
2823
2928
2867
2817
2816
2848
2815
2817
2815
2811
1874
561
0
0
0
0
0
1339
31
690
486
0
0
0
0
0
0
0
0
2826
2815
2862
2816
2814
2815
2819
2863
2817
2820
2831
2851
2831
2880
2789
2857
2813
2809
2843
2817
2864
2823
2806
2822
0
0
0
0
0
0
0
0
0
0
0
0
2861
2818
2831
1999
2160
1295
1857
1681
1071
1761
1232
1387
2823
2861
2857
2824
2826
2818
2862
2886
1824
0
0
0
1605
1234
0
0
0
0
0
0
0
0
0
0
0
0
0
0
0
2103
2829
2817
2874
2823
2832
2817
2821
2823
2847
2818
2836
2827
2821
2837
2811
2831
2825
2823
0
0
0
0
0
0
0
0
0
0
0
0
0
0
0
0
0
0
0
0
0
0
0
0
0
0
0
0
0
0
0
0
0
0
0
0
0
0
0
32
0
0
0
0
0
0
1568
2818
0
930
703
2618
2820
2822
2815
2855
2818
2821
2825
2841
2830
2821
2815
2860
2816
2815
2832
2883
2861
2817
2821
2817
2817
2817
2839
2818
2853
2817
2799
1249
493
0
220
1591
912
1623
1613
1043
1920
1362
2044
2000
1127
1535
864
1264
2815
2918
2800
2768
2608
2815
2863
2816
2815
2527
2813
2736
847
2159
2848
2814
2818
2839
2811
2853
2823
2816
2841
2838
0
0
0
0
0
0
0
0
0
0
0
0
0
0
0
0
0
0
0
0
0
0
0
0
0
0
359
555
2078
2856
2818
2813
2832
2817
2861
2876
2830
2882
2817
2832
1876
2588
1920
2625
2807
2782
2822
2819
1290
1688
576
1185
1230
727
1823
1435
2605
2819
2835
2834
2636
1911
2817
2832
2812
2818
2842
2817
2851
2818
2813
2788
2816
2828
2838
2822
2849
2817
2821
2842
2815
2847
2822
2818
0
0
0
0
0
0
0
0
0
0
0
0
2822
2826
2816
2815
2848
2606
1840
799
368
0
0
0
2851
2817
2833
2825
2816
2850
2819
2832
2819
2822
2851
2853
802
0
822
511
657
839
0
813
644
687
859
856
1703
2211
954
2244
2229
2115
2449
1319
2602
2624
2134
2155
2832
2832
2812
2845
2825
2831
2815
2823
2869
2818
2821
2736
432
432
0
324
0
0
0
0
150
0
0
0
0
560
669
0
587
0
592
841
0
608
0
0
2830
2851
2802
2813
2832
2823
2864
2820
2815
2832
2718
2806
2831
2810
2846
2817
2822
2829
2819
2852
2819
2822
2830
2852
436
0
463
0
0
387
0
284
0
0
287
327
1949
1352
838
1093
0
899
804
451
719
0
711
698
2864
2817
2815
2832
2821
2864
2820
2819
2831
2810
2865
2860
1438
345
1310
1377
1045
1523
478
1830
1903
1361
1984
2033
187
893
408
935
1075
274
1189
610
1104
1235
471
636
2835
2831
2818
2835
2817
2815
2848
2816
2852
2821
2813
2817
0
0
0
0
0
0
0
919
2338
2843
2805
2827
0
0
0
0
0
0
0
0
0
0
0
0
0
0
0
0
0
0
0
0
0
0
0
0
528
2013
2336
2156
2823
2846
2814
2832
2818
2817
2847
2850
675
0
0
280
0
529
0
0
0
0
0
0
0
642
0
528
370
0
0
0
0
0
0
0
2822
2818
2817
2851
2817
2824
2198
1947
473
2064
2823
2835
2821
2817
2831
2819
2856
1312
1159
1888
2834
2865
2821
2819
2847
2816
2817
2829
2811
2851
2817
2821
2822
2815
2864
2861
2819
2864
2819
2819
2835
2818
2865
2817
2816
2832
2870
2814
2832
2819
2854
2896
2819
2842
2820
2875
2830
2816
2842
2832
0
0
0
0
0
0
0
0
0
0
0
0
0
0
0
0
0
0
0
0
0
0
0
0
2843
2817
2815
2847
2818
2839
2813
2825
2849
2817
2874
2742
0
0
0
0
0
0
0
0
0
0
0
0
0
0
0
0
0
0
0
0
0
0
0
0
2812
2842
2817
2855
2816
2816
2837
2814
2849
2818
2814
2811
2819
2803
2831
2857
2848
2536
2245
716
0
0
0
0
0
0
0
0
0
0
0
0
0
0
0
0
2854
2800
2818
2283
103
1149
662
0
0
0
0
0
2837
2772
2810
2823
2813
2844
2816
2827
2822
2827
2846
2850
0
0
0
0
0
0
0
0
0
0
0
0
0
0
0
0
0
0
0
0
0
0
0
0
951
0
0
0
0
0
0
0
0
0
0
0
0
0
0
0
0
0
0
0
0
0
299
1213
1099
1744
1559
1088
2036
1619
2813
2812
2830
2815
2861
2873
2813
2848
2814
2869
2838
2817
2852
2818
2816
2845
2812
2815
2848
2814
2815
2801
2726
2869
2815
2832
2737
2816
2832
2851
2818
2830
2814
2869
2816
2816
2836
2814
2861
2811
2806
2814
2819
2821
2831
2817
2862
2816
2817
2835
2817
2858
2818
2818
2870
2831
2819
2839
2832
2844
2824
2816
2848
2817
2848
2849
2814
2832
2727
2837
2848
2809
2817
2822
2814
2888
2540
2231
169
1008
704
606
696
0
678
880
470
779
0
0
2816
2847
2815
2826
2821
2819
2854
2818
2829
2822
2816
2817
2818
2816
2848
2820
2846
2817
2814
2843
2819
2833
2832
2820
2838
2825
2816
2846
2818
2829
2821
2814
2848
2816
2829
2814
2807
2847
2831
2774
2864
2810
2803
2823
2819
2853
2819
2819
1118
2128
0
2833
2817
2864
2727
2816
2832
2818
2865
2861
584
0
0
0
0
0
0
0
0
0
64
371
783
1368
505
1105
1035
304
939
180
812
707
0
0
2782
2758
2727
2854
2816
2826
2831
2817
2860
2821
2818
2815
0
303
0
216
0
0
91
0
97
0
0
0
0
0
0
0
0
0
0
0
0
317
0
0
2817
2858
2819
2820
2833
2817
2858
2817
2818
2839
2817
2819
547
1311
656
823
1281
567
1241
912
1173
1408
487
383
0
0
0
0
0
0
0
0
0
0
0
0
2818
2815
2846
2818
2878
2847
2831
2834
2849
2870
2864
2834
288
0
0
1071
1808
1578
1151
2818
2601
2813
2842
2801
1572
896
1314
1329
207
920
422
0
240
0
0
0
543
1431
1248
1007
1244
199
1100
1136
894
1261
47
3
2847
2842
2865
2876
2519
2814
1575
1900
1682
1076
967
940
0
758
0
1415
2144
2610
2817
2846
2826
2827
2814
2823
2863
2826
2832
2843
2794
2832
2814
2815
1615
2548
2559
2528
2807
2819
2832
2813
2856
2816
2815
2832
2823
2848
2457
2058
623
981
456
0
0
0
0
0
0
0
0
0
503
0
487
0
0
0
0
0
0
0
0
0
0
527
0
1064
1296
578
990
0
785
574
0
0
2819
2829
2820
2861
2817
2831
2827
2816
2864
2805
2816
2809
1887
2012
1424
1915
377
1353
1250
435
781
0
0
0
0
688
656
0
301
0
0
159
0
397
0
0
2813
2859
2819
2815
2817
2817
2861
2811
2817
2063
2359
1856
1535
2178
959
1789
1570
491
929
0
0
147
0
0
0
0
0
0
0
0
0
0
0
0
303
592
2822
2819
2838
2817
2845
2819
2819
2847
2815
2881
2818
2862
240
175
782
0
1045
984
0
2436
1489
2342
0
2813
807
364
662
644
0
595
445
391
601
0
559
615
2061
2637
2048
2410
2355
1491
2112
1952
1883
1824
827
831
2687
2847
2956
2827
2825
2819
2842
2822
2815
2815
2816
2816
0
128
0
0
39
0
80
0
0
984
710
711
529
0
226
0
0
292
0
336
0
395
344
401
2819
2827
2910
2825
2896
2819
2819
2831
2821
2850
2821
2813
1314
2433
2248
2289
2474
1407
2421
2448
1959
2493
1341
1095
567
0
627
480
426
805
0
826
688
607
932
836
2186
2431
1159
2163
2304
1791
1968
879
2002
2096
1751
1643
2491
1079
2417
1597
2695
2827
2837
2811
2855
718
2761
2821
144
48
0
35
0
0
91
0
198
0
132
321
943
1681
1560
789
1427
688
1234
1407
464
975
476
710
2819
2861
2822
2808
2833
2821
2839
2818
2817
2834
2821
2815
0
0
0
0
51
0
610
0
917
1108
679
1039
0
0
0
0
1177
2080
2167
2685
1286
1826
1240
344
2815
2818
2832
2820
2859
2817
2821
2845
2814
2867
2815
1744
0
0
0
0
0
0
0
342
0
904
271
598
1104
543
2559
2817
2778
2819
2864
2815
2817
2832
2296
50
2852
2864
2857
2131
0
0
0
0
0
0
0
203
2818
2837
2821
2852
2817
2813
2893
2819
2837
2336
1776
1714
0
0
0
279
993
1752
2035
1087
1926
1280
898
0
1756
1535
1163
0
1009
996
2016
2818
2839
2812
2843
2835
2821
2864
2817
2815
2832
2818
2852
2818
2809
2467
2814
2817
1607
2820
2855
2819
2819
2834
2810
2860
2818
2630
906
0
935
0
197
0
0
0
0
0
0
0
951
1262
2800
2817
2580
2821
2843
2791
2821
2763
2820
2768
2827
2827
2844
2831
2815
2864
2829
2791
2826
2822
1250
2247
848
0
0
0
0
0
0
0
0
0
0
0
659
983
0
297
140
0
341
0
671
872
371
601
0
0
2812
2832
2814
2832
2822
2816
2854
2818
2829
2828
2816
2815
563
690
0
458
368
0
528
0
421
496
0
0
246
0
0
0
0
0
0
0
0
0
0
0
2818
2821
2835
2819
2864
2822
2821
2861
2823
2857
2817
2819
0
0
0
0
0
0
0
0
0
0
0
0
0
0
0
0
0
0
0
0
0
0
0
0
2832
2816
2862
2816
2816
2555
2816
2848
2819
2823
2259
2295
0
0
0
0
0
576
1332
2123
987
1790
2559
2819
539
377
0
237
0
0
560
0
557
0
511
420
2868
2815
2817
2175
2667
1611
2495
2416
1715
2443
1393
975
2821
2863
2832
2815
2833
2815
2854
2818
2818
2832
2817
2814
0
0
0
164
724
0
1175
978
1831
1696
1102
1589
1121
439
1034
279
1520
1440
879
2185
2128
1458
1447
1263
2817
2816
2832
2819
2851
2821
2815
2842
2820
2815
2816
2823
2846
2814
2811
2067
2770
2064
2448
2378
1310
1881
1704
1574
227
54
0
288
0
433
302
0
471
0
351
305
2841
2819
2840
2817
2817
2671
2818
2832
2821
2817
2843
2838
2821
2855
2818
2815
2819
2950
2815
2826
2826
2801
2817
2819
0
696
0
576
608
0
616
0
564
526
0
0
1176
875
938
0
656
373
0
448
0
0
144
0
2813
2834
2827
2815
2846
2819
2826
2825
2819
2845
2817
2815
0
0
21
0
0
0
0
0
0
0
0
0
0
0
0
0
0
0
0
0
0
0
0
0
2820
2825
2851
2818
2823
2845
2821
2853
2821
2818
2832
2832
0
0
0
0
0
0
0
0
0
0
186
0
0
408
0
339
0
0
354
0
354
0
0
64
2855
2799
2794
1761
2620
2105
2368
2528
1495
2485
1988
2081
2815
2861
2813
2814
2832
2728
2945
2838
2816
2800
2820
2815
731
1357
342
1153
1215
686
1210
447
1267
1407
571
755
1221
315
934
400
780
867
0
694
46
506
640
579
2819
2818
2838
2814
2867
2806
2820
2833
2807
2863
2816
2814
856
1779
1952
986
1786
1128
1407
1904
1151
1904
1600
1730
763
506
621
667
0
741
544
790
891
0
880
1075
2848
2818
2832
2768
2823
2776
2817
2831
2477
2819
2342
2487
1456
198
1226
1619
1456
2448
1351
2378
2829
2831
2819
2827
0
0
0
0
0
0
13
0
0
80
0
0
2594
2416
2550
1407
2368
2358
1891
2205
1063
2102
1896
1936
2817
2821
2830
2800
2849
2816
2816
2832
2819
2864
2817
2791
0
0
0
0
0
0
0
0
0
0
0
0
695
0
525
624
0
656
0
862
916
587
883
1190
2826
2822
2854
2870
2832
2823
2822
2859
2816
2811
2832
2833
0
0
0
0
0
0
0
0
0
0
0
0
0
251
0
192
0
0
223
0
320
0
0
161
2851
2823
2815
2127
2820
2851
2698
2820
1711
2624
2557
2432
2821
2829
2823
2818
2819
2819
2863
2828
2820
2833
2978
2757
1605
2544
2180
2217
2343
1389
2242
1984
1872
2178
1250
1307
1834
607
1680
1558
1109
1442
202
1110
1096
882
961
1006
2733
2803
2850
2813
2874
2819
2822
2793
2818
2859
2815
2819
0
0
742
0
734
496
664
1269
389
1124
1241
1552
0
0
0
0
0
0
0
0
291
0
278
253
2666
2820
2837
2739
2819
2147
2837
2845
2624
2815
1895
2037
1699
0
1739
1584
1141
1485
594
1423
1535
1073
1597
1336
0
357
0
0
333
0
287
0
0
139
0
0
2112
1746
2191
883
2062
2096
1612
2137
895
1968
2020
2077
2823
2843
2823
2825
2846
2818
2836
2820
2816
2851
2816
2819
0
464
495
0
256
0
0
291
0
411
0
0
1061
46
696
615
0
250
0
0
202
0
0
143
2828
2814
2859
2832
2814
2827
2817
2861
2815
2818
2830
2829
0
0
0
0
0
0
0
0
0
0
0
0
0
0
0
0
0
0
0
0
0
0
0
0
2757
2804
2818
2821
2816
2861
2818
2814
2845
2818
2855
2855
2035
2964
2843
2809
2835
2902
2850
2818
2218
0
0
0
925
1676
1456
1873
1603
0
321
0
390
1463
1763
2842
2807
2839
2823
0
0
0
0
0
0
0
1435
2816
2825
2823
2851
2822
2827
2814
2827
2891
2819
2819
2827
2830
0
0
492
911
2832
2822
2827
2817
2863
2822
2821
0
1931
2823
2829
2821
1179
1384
298
0
0
0
0
0
2864
2817
2817
2775
2660
859
1760
2059
1873
2827
2864
2864
0
0
0
0
0
2276
2863
2816
2823
2832
2823
1728
0
0
0
0
0
0
1701
1339
2845
2757
1727
959
2816
2834
2834
2858
2813
2815
2846
1953
0
0
0
0
2883
2832
2832
2818
2862
2817
2737
2815
2799
2691
2821
2853
2864
2730
2814
2431
2848
2851
2828
1759
907
2754
2863
2881
2827
2860
2811
2819
2625
2816
2858
2823
2819
2925
2819
2813
2839
2832
2863
2813
2815
2815
2812
2866
2817
2816
2829
2837
0
0
0
0
0
0
0
0
0
0
0
0
0
0
0
0
0
0
0
0
0
0
0
0
2858
2818
2814
2841
2821
2865
2817
2774
2846
2815
2858
2865
0
0
0
0
0
0
0
0
0
0
0
0
2441
2815
2837
2806
2815
2389
2815
2841
2686
2819
1966
2447
2817
2851
2818
2825
2823
2818
2877
2818
2827
2829
2815
2816
2821
2816
2820
2842
2833
2816
2817
2847
2830
2844
2822
2817
0
0
0
0
0
0
0
0
0
0
0
0
2240
1984
1668
1613
511
1591
1258
863
937
0
816
856
2847
2820
2831
2821
2815
2850
2819
2887
2829
2813
2848
2845
528
0
620
578
0
1134
0
1135
1041
975
1456
1635
0
0
0
0
0
0
0
0
0
0
0
0
2813
2559
2817
2852
2819
2815
2421
2822
2850
2807
2818
2820
955
1449
816
1407
247
1402
1453
851
1520
972
1953
1952
0
0
84
0
117
0
0
75
0
127
0
0
2519
1299
2333
2409
1731
2241
1309
2299
2160
1605
2107
2182
2832
2817
2864
2822
2825
2736
2828
2859
2834
2823
2835
2834
0
0
0
0
0
0
0
0
0
0
0
0
0
0
0
0
0
0
0
0
0
0
0
0
2851
2831
2842
2842
2822
2851
2823
2818
2842
2816
2849
2846
0
0
0
0
0
0
0
0
0
0
0
0
2845
2845
2859
2817
2829
2859
2832
2833
2818
2819
2849
2845
2852
2855
2815
2833
2827
2814
2837
2823
2826
2354
2663
2704
0
0
73
1270
1484
0
2815
2839
2816
2832
2337
2812
0
0
0
0
0
0
0
0
0
0
0
0
1522
1092
1314
1522
528
1437
1520
1507
1736
671
1651
1822
2839
2897
2908
2295
2603
1583
2731
2830
2407
2530
1291
1113
0
0
0
0
0
109
0
737
936
735
1338
1658
0
0
0
0
0
0
0
0
0
0
0
0
2831
2805
2822
2828
2815
2829
2818
2818
2858
2815
2828
2800
2846
2811
2819
2816
2820
2654
2379
1232
1595
593
335
0
1511
2715
2604
2235
2559
1255
2512
2500
2000
2346
1214
1135
2817
2861
2816
2816
2833
2818
2885
2816
2819
2829
2813
2803
2838
2832
2735
2809
2822
2835
2914
2841
2815
2827
2842
2834
417
0
298
0
0
389
0
403
0
0
570
560
0
0
0
0
0
0
0
0
0
0
0
0
912
1755
1718
1175
1616
741
1840
2039
1653
2680
2860
2864
2053
1086
1634
1354
0
368
0
0
0
0
0
0
0
1271
711
2240
2817
2643
2817
2861
2822
2813
2319
1936
2791
2655
2814
2844
2818
2811
2847
2819
2837
2816
2819
2800
0
389
0
0
139
0
0
0
0
0
0
0
0
0
0
0
0
0
0
511
0
700
584
280
802
208
941
979
403
1313
1096
1746
1979
1451
2224
2467
2832
2822
2861
2821
2816
2849
2816
2861
2825
2816
2837
2866
0
0
0
0
0
0
0
0
0
0
0
0
817
897
0
263
0
0
0
0
0
0
0
0
2827
2829
2822
2842
2807
2851
2833
2823
2818
2790
2839
2832
2827
2843
2821
2815
2846
2827
2841
2819
2815
2848
2821
2823
0
0
0
0
0
0
0
0
0
0
0
0
1125
193
1242
1409
1679
1904
987
1902
1744
1744
2023
2281
1310
0
1979
2825
2847
127
2825
2851
2809
2928
2821
2832
2576
2223
2602
1447
2678
2822
2519
2815
2860
2819
2818
2819
2813
2829
2822
2816
2848
2818
2830
2823
2873
2899
2818
2791
2846
2821
2826
2819
2815
2850
2815
2826
2817
2817
2848
2843
0
0
0
0
0
0
0
0
0
0
0
0
0
0
0
0
0
0
0
0
0
0
0
0
2819
2826
2816
2862
2816
2811
2832
2823
2864
2807
2815
2832
0
0
0
0
0
0
0
0
0
0
0
0
0
0
0
0
0
0
0
0
0
0
0
0
2818
2865
2818
2850
2762
2813
2864
2817
2814
2599
2817
2817
0
0
27
1197
1263
316
0
1875
2559
2819
1667
2347
149
0
0
0
0
576
0
0
0
0
0
0
2823
2815
2839
2820
2864
2820
2818
2613
2817
2484
2628
2471
2842
2811
2820
2841
2816
2849
2816
2819
2844
2825
2836
2832
896
1268
802
1284
59
1557
1922
1587
2012
1271
2466
2448
406
1015
549
681
894
242
1403
1442
1935
2191
1374
1261
2813
2839
2815
2862
2815
2814
2834
2816
2854
2836
2814
2815
2303
2487
1695
2358
2048
1635
2021
1197
1824
1968
1727
0
2064
1744
1904
587
1846
2008
1759
2211
1023
2326
2256
2480
2815
2838
2826
2819
2845
2815
2837
2821
2821
2845
2819
2818
2859
2818
2823
2782
2838
2856
2816
2821
2725
2819
2864
2864
0
0
0
0
0
0
0
0
0
0
0
0
0
0
0
0
0
0
0
0
0
0
0
0
2827
2822
2819
2837
2817
2827
2825
2818
2793
2815
2819
2815
0
0
0
0
0
0
0
0
0
0
0
0
0
0
528
0
1062
417
1698
2153
1826
2641
2233
2864
2816
2761
2818
2817
2838
2819
2863
2806
2821
2832
2813
2812
0
0
0
0
0
0
0
915
1827
1598
2830
2832
2159
1649
2177
1424
1740
1627
815
1331
645
1278
1289
1474
2698
2814
1919
2599
2185
2605
2622
1707
2403
1712
2131
2085
2864
2806
2818
2832
2810
2865
2818
2818
2833
2813
2878
2864
0
0
0
0
0
0
0
0
0
0
0
0
0
0
0
0
0
0
0
0
0
0
0
0
2813
2829
2816
2861
2817
2820
2829
2815
2860
2816
2786
2818
2825
2817
2849
2825
2849
2819
2817
2832
2823
2855
2823
2836
2832
2823
2825
2848
2819
2829
2821
2823
2857
2816
2818
2811
2818
2832
2823
2847
2856
2805
2835
2830
2817
2853
2810
2815
0
0
1200
1002
0
875
2816
2859
1593
2810
2845
2838
0
0
0
0
0
0
0
0
0
0
0
0
0
0
0
0
0
0
0
0
0
0
0
0
2850
2834
2850
2864
2813
2810
2854
2284
1584
2384
893
768
1020
955
306
774
0
560
477
0
289
0
0
0
721
1800
1794
1526
1607
479
1777
1968
1699
2432
1467
2650
1257
173
1456
1663
1121
1887
1353
2232
2412
1936
2814
2822
0
0
0
0
0
0
0
0
0
0
0
0
1357
599
1212
230
1075
851
0
367
0
0
0
0
2815
2811
2837
2824
2849
2816
2803
2838
2819
2852
2822
2821
2866
2815
2819
2842
2813
2862
2736
2815
2831
2815
2935
2866
0
0
0
0
0
0
0
0
343
0
1008
1143
0
0
0
0
0
0
0
0
0
0
0
0
1239
507
1250
422
1343
1535
1103
1935
1206
1995
2018
2448
0
0
0
0
0
0
0
0
0
0
14
0
0
0
0
0
0
0
0
0
0
0
0
0
2415
2288
2454
2223
423
475
0
0
528
0
1264
735
2817
2815
2864
2821
2827
1783
1952
864
786
912
0
0
2819
2847
2821
2837
2819
2818
2847
2818
2849
2588
2532
2689
1347
1311
79
1396
2048
2608
2815
2847
2818
2831
2755
2780
2832
2818
2819
2864
2779
2823
2823
2819
2835
2815
2832
2823
0
0
0
0
0
0
48
0
320
0
503
477
717
1706
1505
962
1023
0
445
450
0
77
0
0
2796
2855
2864
2820
2831
2813
2860
2819
2823
2829
2817
2829
0
0
0
0
0
0
0
0
0
0
0
0
4
0
0
0
0
0
0
0
0
0
0
0
2825
2815
2831
2821
2891
2819
2811
2833
2806
2797
2821
2797
0
0
0
0
0
0
0
0
0
985
1213
1554
0
0
0
0
0
0
0
0
0
0
0
0
2835
2823
2833
2822
2817
2838
2815
2858
2816
2830
2841
2847
2818
2834
2815
2849
2822
2818
2841
2818
2859
2822
2816
2815
0
0
0
0
0
0
0
0
0
0
0
0
2832
2821
2818
2849
2819
2848
2819
2819
2741
2819
2834
2838
2811
2827
2817
2819
2848
2820
2827
2821
2815
2850
2819
2819
2833
2832
2832
2841
2833
2849
2826
2805
2819
2819
2853
2858
1917
1009
2030
1808
1807
1989
894
1906
1984
2147
2447
2552
2817
2844
2871
2821
2861
2858
2835
2839
2815
2826
2827
2819
2075
1674
1789
689
2134
2846
2814
2917
2854
2738
2865
2845
0
0
0
263
0
663
816
719
979
0
680
482
2834
1319
0
0
0
0
0
0
0
0
0
0
2818
2854
2815
2816
2842
2820
2854
2822
2448
1703
2506
2821
36
1981
2846
2817
2835
2821
2818
2754
244
0
0
0
0
0
0
0
0
256
621
657
0
0
0
0
2819
2831
2826
2819
2909
2818
2829
2828
2815
2857
2823
2816
0
0
0
0
0
0
0
0
0
663
1350
2816
305
0
951
1612
2256
2817
2864
2817
2815
2831
2800
1472
0
0
0
0
0
0
295
0
0
48
0
0
2810
2832
2819
2855
2821
2815
2841
2817
2847
2822
2817
2819
0
0
0
0
0
0
0
0
0
0
0
0
0
0
0
0
0
0
0
0
0
0
0
0
2814
2863
2817
2815
2832
2815
2864
2817
2817
2837
2816
2815
1494
2757
2544
2370
2802
2320
2821
2832
2324
2821
2602
2445
2818
2491
2821
2832
2742
2819
2524
2815
2834
2819
2816
2817
2818
2815
2843
2814
2832
2811
2813
2846
2818
2832
2817
2820
2479
2059
2260
1255
2435
2010
1938
2819
2848
2812
2820
2817
0
0
0
0
0
0
0
0
0
0
0
0
0
487
354
0
241
0
255
189
0
220
0
0
2820
2863
2821
2818
2832
2826
2865
2819
2815
2833
2822
2845
0
0
0
0
0
0
0
0
0
0
0
0
841
315
768
0
650
772
0
800
0
579
605
370
2815
2832
2822
2822
2844
2818
2821
2820
2815
2850
2815
2818
731
1873
1840
1927
1632
1363
2800
1632
989
2151
1298
386
2815
2848
2817
2819
2719
2869
2860
2820
2813
2819
2816
2819
2849
2833
2873
2863
2855
2288
2795
2877
2821
2450
1535
1175
55
0
0
38
1505
1600
0
1442
0
2801
2759
2220
0
0
0
0
0
0
0
0
0
0
0
0
360
0
312
0
206
128
0
0
0
0
0
0
2811
2882
2829
2820
2832
2814
2855
2779
2813
1939
2750
2640
0
0
0
0
0
0
175
245
475
442
0
0
2820
2445
2816
2857
2828
2815
2815
2817
2853
2811
2815
2810
2815
2815
2835
2813
2861
2811
2814
2838
2815
2841
2817
2821
2832
2818
2816
2843
2821
2832
2817
2815
2475
2806
2839
2839
2658
2508
2641
2819
1899
2799
2832
2635
2815
2348
2816
2817
0
0
0
0
0
0
0
0
0
0
0
0
2817
2849
2817
2820
2830
2815
2816
2812
2815
2832
2817
2816
2431
2795
1611
2672
2730
2495
2700
1531
2364
2212
1958
1648
0
0
0
0
0
0
0
0
0
0
0
0
2821
2832
2823
2816
2853
2800
2822
2825
2815
2854
2818
2813
882
2107
2251
1927
2419
1199
2411
2555
1897
2256
1455
1439
2819
2861
2823
2820
2832
2816
2864
2828
2818
2829
2821
2807
2135
2644
1239
2225
2244
2047
2216
1343
2512
2559
2158
2411
0
0
0
0
0
0
0
0
0
0
0
0
0
0
0
0
0
0
0
0
0
0
0
0
1564
2336
2309
1655
2207
1347
2190
2169
1405
2038
1232
1431
2820
2861
2802
2818
2841
2816
2847
2816
2823
2842
2816
2821
0
358
11
0
442
0
431
78
0
0
0
0
1263
415
896
62
719
751
0
603
0
464
734
736
2818
2815
2843
2817
2841
2814
2821
2849
2811
2842
2814
2816
2862
2823
2815
2838
2821
2858
2862
2815
2838
2820
2855
2847
0
0
0
0
0
0
0
0
0
0
0
0
1583
2685
2368
2086
2294
2832
2815
2441
2508
2832
2532
2104
835
1632
2294
2474
1181
2806
2851
2836
2814
2833
2813
2822
461
856
0
868
726
235
464
0
0
133
0
0
1232
618
949
0
834
884
349
772
0
641
680
624
2843
2838
2830
2815
2835
2811
2835
2838
2827
2890
2816
2768
0
341
160
0
212
0
114
240
0
283
0
0
2290
643
1581
1398
574
1146
13
1247
1369
1041
1758
1840
2829
2825
2851
2846
2815
2829
2822
2854
2819
2816
2831
2832
0
0
0
0
0
0
0
0
0
0
0
0
0
0
0
0
0
0
0
0
0
0
0
0
1980
2736
2544
1873
2451
1367
2190
2143
1471
2275
1796
1456
2559
2448
2818
2817
2832
2814
2867
2814
2815
2834
2825
2818
0
0
0
0
0
0
0
0
0
0
0
0
1647
779
1340
448
1051
1023
0
879
147
389
563
352
2822
2835
2832
2817
2867
2813
2822
2833
2817
2863
2813
2817
364
1116
1045
447
1287
628
1902
1996
1224
1527
2160
2144
0
0
0
0
0
0
0
0
116
0
257
194
2850
2817
2874
2821
2820
2848
2817
2821
2826
2817
2858
2859
1777
608
1535
1080
871
1751
447
1619
1696
1068
1981
1943
0
294
0
47
108
0
16
0
0
130
0
0
2838
2781
2818
1983
2818
2580
2691
2803
1840
2650
2272
2480
2821
2827
2822
2821
2850
2818
2821
2827
2820
2851
2816
2813
0
0
0
0
0
0
0
0
0
0
0
0
568
0
224
240
0
48
0
0
42
0
64
320
2826
2815
2851
2823
2817
2789
2801
2864
2821
2817
2829
2825
0
0
0
0
0
0
0
0
0
0
0
0
164
128
0
181
0
0
272
0
322
0
623
495
2850
2817
2816
2859
2816
2862
2823
2816
2832
2819
2848
2883
0
0
0
1178
543
484
1639
2738
2797
2087
2809
2851
0
935
488
992
1157
336
1303
740
1236
1291
355
305
1626
858
1472
1074
1392
1395
421
1231
1072
964
1121
1100
2816
2821
2835
2815
2854
2832
2827
2835
2816
2879
2804
2815
0
0
0
0
0
0
0
491
0
911
353
720
1698
1531
1707
2160
0
1221
1724
53
607
144
1503
1171
2768
2816
2850
2816
2817
2847
2826
2842
2832
2821
2848
2847
2818
1929
2607
2152
2160
2181
1311
1815
1534
1594
1734
1824
553
724
0
825
562
656
854
0
839
774
735
763
2826
2815
2786
2877
2818
2366
1735
2241
1271
2098
2132
2230
2815
2849
2783
2813
2855
2807
2846
2839
2817
2865
2845
2818
0
0
0
0
0
0
0
0
0
0
0
0
1434
0
1090
1056
501
723
0
608
377
0
223
93
2830
2816
2850
2795
2825
2826
2815
2856
2817
2815
2832
2832
0
0
0
0
0
0
0
0
0
0
0
0
0
0
0
0
0
0
0
0
0
0
0
0
2830
2803
2783
2902
2835
2851
2806
2818
2833
2816
2864
2858
0
0
0
0
0
0
0
0
0
0
0
0
0
0
0
0
0
0
0
0
0
0
0
0
2813
2218
2821
2576
2603
2559
1872
2395
1708
2351
2288
2307
2826
2819
1535
2816
2864
2811
2806
2815
2817
2849
2811
2821
0
0
0
0
0
0
0
0
0
0
0
0
2659
1651
2261
2398
1515
2103
1376
1959
2096
1268
1969
1971
2837
2834
2858
2822
2811
2832
2778
2864
2815
2819
2842
2843
1823
976
1055
1664
2246
2321
784
2363
2248
2468
2448
2811
0
451
0
327
70
0
368
0
621
371
0
0
2842
2827
2831
2827
2818
2833
2791
2817
2843
2811
2829
2791
1457
1128
1318
59
609
1709
1488
232
2843
2387
2816
2799
0
189
59
0
233
0
405
272
233
777
0
0
2811
1835
2810
2384
2465
2768
1527
2559
2444
2289
2256
2395
2821
2817
2818
2823
2845
2801
2779
2851
2815
2850
2818
2811
276
0
91
0
158
70
0
144
0
183
192
112
909
588
310
624
0
1531
1728
528
678
0
1529
1037
2854
2822
2833
2827
2818
2855
2821
2817
2832
2821
2861
2855
0
0
0
0
0
0
0
0
0
0
0
0
0
0
0
0
0
0
0
0
0
113
0
0
2814
2833
2821
2881
2816
2843
2825
2851
2874
2823
2368
2390
0
116
0
712
1260
1659
2184
2839
2817
2852
2816
2814
0
0
757
0
0
0
0
0
0
0
0
0
2819
2862
2814
2799
2830
2822
2862
2812
2816
2832
2823
2814
2846
2815
2844
2818
2815
2849
2811
2891
2813
2815
2846
2839
0
0
398
55
0
1096
371
927
505
1422
1424
1271
0
0
0
0
0
0
0
0
0
0
0
0
2834
2822
2814
2845
2817
2827
2827
2817
2853
2821
2825
2817
1109
1216
703
1201
125
1282
1396
927
1372
240
1587
1376
0
342
265
0
333
0
254
229
0
319
0
0
2549
1475
2370
2292
2199
2384
1279
2241
2192
1873
2111
2133
2823
2818
2862
2816
2831
2821
2818
2850
2814
2871
2822
2865
0
0
100
0
721
668
0
0
0
0
0
0
2607
2272
1647
1679
567
1435
1414
1370
1387
528
1744
1535
2938
2831
2815
2833
2814
2865
2820
2816
2832
2815
2867
2865
0
0
0
0
0
0
0
0
0
0
0
0
0
0
0
0
0
0
0
0
0
0
0
0
2815
2832
2814
2863
2818
2815
2832
2819
2864
2817
2818
2819
0
0
0
0
0
0
0
0
0
1169
1517
0
0
0
0
0
960
395
1841
1569
367
0
0
0
2818
2861
2818
2817
2836
2810
2861
2816
2819
2831
2817
2815
2842
2813
2864
2811
2813
2843
2817
2864
2815
2814
2842
2838
0
0
0
0
0
0
0
0
0
763
1367
1855
542
702
0
945
8
397
304
0
50
0
1104
772
2882
2819
2813
2827
2827
2864
2820
2802
2830
2825
2863
2855
2703
2708
2492
2128
1303
1713
850
7
2116
1339
1900
1392
2383
2818
2864
2818
2815
2832
2817
2864
2815
2823
2623
2402
2804
2835
2815
2877
2816
2805
2832
2835
2860
2846
2817
2809
0
0
0
0
1244
2128
2801
2934
2724
2831
2815
2806
1360
1107
1186
0
0
0
0
0
0
0
0
0
2816
2832
2819
2821
2846
2815
2834
2823
2825
2850
2820
2842
2851
2821
2829
2807
2815
2864
2816
2843
2832
2814
2851
2855
0
0
0
0
0
0
0
0
0
0
0
0
2175
2022
1275
2832
1618
220
292
0
0
0
0
0
2845
2819
2817
2835
2827
2849
2813
2818
2834
2822
2846
2832
0
0
0
0
0
0
0
0
0
0
0
0
2593
2819
2835
2817
2817
1447
2259
2288
2141
2548
1311
729
2819
2853
2811
2830
2821
2811
2848
2818
2818
2826
2815
2817
0
0
648
959
84
1279
1805
2240
2645
2633
2659
2842
388
0
441
0
401
374
0
241
0
337
572
656
2817
2826
1974
2190
979
1722
1314
599
881
0
411
0
2864
2827
2826
2832
2823
2863
2819
2814
2835
2817
2847
2800
0
0
0
0
0
0
0
0
0
0
0
0
0
134
0
304
507
0
1039
230
1364
1616
1207
1279
1181
333
815
0
493
508
0
324
0
0
398
341
2815
2817
2835
2821
2851
2815
2810
2838
2807
2854
2820
2816
0
0
0
0
0
0
0
0
0
0
0
0
2822
2863
2821
2818
2834
2819
2864
2819
2815
2843
2822
2820
2845
2814
2839
2818
2827
2850
2817
2835
2819
2818
2855
2847
2028
656
1968
2017
1711
2192
1147
2436
2513
2156
2736
2821
0
0
0
0
0
0
0
0
0
0
0
0
2814
2828
2818
2859
2817
2815
2830
2819
2873
2819
2800
2815
0
0
0
0
0
0
0
0
0
0
0
0
0
0
0
0
0
0
0
0
0
0
0
0
2823
2861
2817
2877
2832
2817
2829
2817
2814
2816
2818
2811
656
1223
0
965
662
0
1445
242
0
1499
2595
2727
69
0
178
0
0
123
0
144
0
0
79
26
2821
2821
2301
2660
1579
2559
2391
1746
2331
1387
2171
2045
2892
2819
2816
2827
2813
2832
2815
2832
2830
2820
2864
2864
0
0
0
0
0
0
0
0
0
0
0
0
1107
888
0
1275
752
0
380
0
0
0
0
0
2828
2931
2819
2863
2771
2815
2838
2816
2846
2815
2817
2827
2479
2623
1464
2241
1620
1751
1624
351
1535
1456
1616
1804
2336
2608
2533
1599
2540
2472
2391
2751
1585
2507
2504
2456
2784
2849
2822
2819
2843
2818
2839
2817
2820
2846
2819
2818
2833
2819
2852
2928
2791
2832
2815
2855
2826
2895
2839
2835
2342
1209
1650
806
1104
1298
304
878
65
0
0
0
0
0
0
0
0
0
0
0
0
0
0
0
2164
1731
2210
1351
2823
2831
2823
2813
2864
2816
2831
2822
0
0
0
0
0
0
0
0
67
0
1165
1206
274
608
144
0
209
0
0
0
0
0
0
0
2820
2850
2821
2834
2818
2819
2848
2817
2848
2818
2815
2816
0
0
0
0
317
0
0
0
1191
1394
1059
625
1420
1007
1179
0
818
754
0
416
0
172
153
82
2816
2829
2672
2781
2832
2820
2822
2261
2817
2454
2643
2448
1447
0
2822
2832
2816
2873
2817
2837
2836
2816
2862
2869
92
0
0
66
0
70
0
101
221
0
348
182
731
1425
880
1399
1481
419
807
25
0
301
0
0
2821
2832
2815
2864
2819
2822
2483
2823
2862
2822
2818
2819
560
640
0
673
219
960
1531
616
1754
1257
1760
1813
16
792
688
0
594
0
638
961
207
1046
417
247
2818
2890
2820
2815
2838
2818
2852
2819
2817
2833
2818
2816
2503
2831
2867
2829
2824
2435
2819
2863
2819
2818
2839
2737
2002
1020
1898
1840
1520
1875
735
1715
1728
1626
2831
2021
2818
2816
2631
2819
2851
2801
2821
1904
2815
2836
2385
2481
2773
2750
2803
2833
2813
2863
2814
2800
2829
2818
2857
2859
0
0
0
0
0
0
0
0
0
0
0
0
0
0
0
0
0
0
0
0
0
655
483
1615
2805
2842
2818
2847
2819
2818
2845
2822
2833
2818
2816
2815
1124
1493
715
1763
1561
1520
1714
841
1771
1685
1856
1859
0
0
0
0
0
0
0
0
0
0
0
0
2309
2672
2512
2815
2883
2819
2818
2832
2821
2864
2823
2819
0
0
0
0
0
0
20
171
0
0
1136
791
0
0
0
0
0
0
0
0
0
0
0
0
1226
1699
305
1598
1718
1183
1499
331
1634
1419
767
839
2817
2841
2813
2864
2815
2816
2835
2817
2864
2816
2810
2827
0
0
0
0
0
0
0
0
382
276
755
953
641
980
1067
208
890
656
960
1021
113
1243
1082
1280
2821
2816
2822
2818
2839
2819
2863
2821
2821
2832
2823
2822
1311
1845
756
1618
1584
1054
1664
875
1558
1597
903
1104
416
0
177
0
0
240
0
237
0
0
397
426
2256
2239
1375
2078
1784
1759
1983
1129
1915
1840
1857
1821
2847
2822
1315
2851
2815
2839
2832
2817
2842
2817
2850
2874
128
0
0
53
0
0
0
0
65
0
0
0
1179
1862
1152
1678
1553
551
1201
610
1008
751
0
0
2815
2834
2817
2832
2819
2811
2847
2821
2832
2817
2818
2818
1265
1381
271
1319
776
1232
1391
323
1254
1130
991
1022
2849
2813
2817
2335
2818
2851
2826
2819
2846
2821
2843
2845
2815
2852
2826
2807
2842
2816
2840
2817
2814
2841
2816
2814
0
0
0
0
0
0
0
0
0
0
0
0
265
0
0
48
0
0
0
0
0
0
0
0
2125
2431
1403
2408
2214
2246
2603
1663
2527
2512
2439
2506
960
0
2232
1169
2144
2402
2101
2819
2834
2832
2819
2823
0
0
0
0
0
0
0
0
0
0
0
0
2846
2642
2322
1275
1062
0
374
229
0
0
0
0
2815
2847
2819
2827
2830
2817
2851
2815
2821
2826
2819
2826
0
1088
768
1571
1967
1771
2827
2862
2821
2817
2827
2839
29
0
0
0
0
0
0
0
0
0
82
178
0
0
0
0
0
180
730
547
1328
357
1751
1799
0
0
0
0
0
0
0
0
0
0
0
0
2815
2871
2818
2822
2783
2816
2864
2832
2819
1804
2370
2165
2835
2821
2853
2811
2819
2839
2821
2841
2823
2821
2846
2842
2834
2826
2821
2861
2835
2842
2854
2817
2864
2813
2786
2820
0
0
0
0
0
0
0
0
0
0
0
0
1075
649
341
0
0
0
0
0
0
0
0
0
2819
2864
2823
2816
2848
2825
2861
2817
2820
2839
2825
2820
0
0
0
0
251
0
484
580
0
819
0
0
0
0
0
0
0
0
0
0
0
0
0
0
2817
2817
2834
2818
2777
2817
2815
2846
2807
2864
2816
2833
2847
2815
2819
2849
2816
2849
2815
2802
2845
2814
2846
2839
0
0
0
0
0
0
0
0
0
0
0
0
2860
2825
2819
2519
2818
2856
2822
2815
2325
2819
1727
1467
2819
2866
2816
2833
2435
2819
1841
2554
2511
1827
2496
2415
683
1098
182
1200
1308
926
1908
871
1760
1928
1819
2352
0
0
0
0
0
0
0
0
0
0
0
0
2819
2817
2354
2814
2864
2814
2813
2323
2818
2852
2818
2823
976
2096
2240
0
2135
963
1968
2144
1458
2453
1219
1287
0
0
0
0
0
0
0
0
0
0
0
0
1954
2802
1744
2622
2655
1763
2441
1557
2447
2457
1815
1685
2807
2833
2826
2935
2821
2775
2744
2810
2861
2832
2833
2817
0
0
0
0
0
0
0
0
0
0
0
0
3
762
851
353
855
0
537
505
0
688
0
0
2816
2853
2815
2829
2846
2866
2839
2838
2809
2803
2817
2647
0
0
0
0
0
0
0
0
0
0
0
0
1150
432
1523
1522
1702
2082
1103
1902
2080
2075
2714
2820
2818
2819
2842
2818
2845
2823
2814
2842
2817
2846
2393
1727
0
0
0
0
0
0
0
148
0
539
164
1048
1136
91
251
179
0
338
0
685
975
198
1361
1845
2832
2797
2854
2817
2820
2311
2817
2851
2821
2819
2155
2014
2837
2838
2837
2878
2845
2814
2863
2849
2873
2831
2831
2835
0
534
0
498
448
912
1164
474
1586
1312
963
0
2833
2817
2817
2848
2821
2838
2822
2819
2849
2818
2832
2832
2819
2835
2821
2807
2845
2812
2839
2820
2819
2843
2819
2800
2842
2818
2827
2850
2834
2234
2494
2304
1907
2128
1087
1143
2558
1443
2641
2665
2047
2705
1518
2459
2506
2035
2391
2391
2818
2819
2853
2818
2821
2832
2818
2868
2819
2820
2830
2613
0
0
0
0
887
558
0
1591
338
1072
835
112
0
0
0
0
0
0
0
0
0
0
0
0
0
1058
1120
720
1019
0
897
870
531
944
0
0
2823
2857
2817
2816
2838
2816
2849
2819
2819
2846
2811
2817
895
1628
982
1447
1475
560
1287
896
1072
948
0
0
0
0
0
0
0
0
0
0
0
0
0
0
2559
2559
1973
2637
1517
2533
2550
2103
2745
1711
2733
2817
0
0
0
0
0
0
0
0
0
0
0
0
359
77
0
299
0
371
389
0
325
0
567
371
2854
2816
2863
2826
2817
2835
2821
2863
2819
2823
2844
2848
2817
2831
2816
2849
2818
2815
2839
2815
2847
2813
2806
2822
1303
1358
583
1431
900
1122
1228
383
1091
712
867
769
2559
2174
2227
874
1773
1552
1111
1274
0
843
696
576
2815
2839
2821
2815
2851
2816
2832
2828
2817
2841
2799
2813
0
0
0
0
0
0
0
365
0
451
0
0
0
0
0
0
0
0
0
0
0
0
0
0
2819
2813
2849
2816
2835
2819
2798
2848
2818
2832
2823
2815
2823
1892
2818
2858
2817
2842
2843
2821
2853
2834
2800
2823
1046
1184
725
1242
440
1400
1682
1219
1794
699
1893
2000
1711
2650
2662
2091
2632
1462
2668
2559
1879
2515
1511
1685
2817
2854
2826
2822
2823
2814
2890
2811
2814
2831
2839
2834
0
171
0
0
176
0
189
0
0
142
0
0
5
0
0
0
0
0
0
0
0
0
0
0
2819
2817
2833
2832
2863
2819
2818
2834
2817
2865
2727
2814
0
0
0
0
0
0
0
0
0
0
0
0
0
0
0
94
0
0
0
0
53
0
70
282
2095
2823
2843
2647
2814
1807
2601
2768
2559
2896
1685
1711
0
0
0
0
0
0
0
944
0
994
964
0
0
272
0
235
22
0
272
0
327
38
0
0
2854
2821
2819
2323
2821
2848
2631
2783
1727
2516
2258
2152
2818
2837
2831
2815
2849
2819
2845
2823
2864
2859
2826
2827
0
0
113
0
543
0
608
851
615
997
0
103
255
0
138
224
0
322
0
397
442
0
400
663
2815
2822
2414
2818
2843
2529
2823
1763
2767
2832
2412
2490
1836
1535
1344
851
1696
1535
0
1506
801
1777
1670
1984
610
628
0
203
0
0
153
0
492
0
862
1063
1535
2608
2717
2238
2696
2576
2675
2795
2227
2847
2829
2851
2827
2858
2815
2815
1255
2818
1651
2224
1638
2719
2819
2822
0
0
0
0
478
495
1535
1132
2064
2211
1130
595
2815
2830
2817
2861
2817
2807
2556
2818
2864
2818
2816
2810
2819
2830
2835
2817
2864
2814
2819
2842
2814
2865
2809
2817
0
0
0
0
15
0
1535
2314
2382
2817
2857
2863
2449
2028
2687
2664
1919
2816
2949
2416
1985
506
807
432
2839
2816
2855
2818
2815
2845
2834
2877
2801
2819
2862
2849
0
0
0
0
0
0
0
0
0
0
835
1081
0
0
0
0
0
0
0
0
0
0
0
0
2861
2818
2818
1776
2192
1440
2189
2494
1499
2181
1874
1680
2814
2864
2823
2815
2833
2809
2859
2799
2819
2839
2827
2818
0
224
0
0
0
0
0
6
0
0
0
0
829
0
752
352
287
391
0
183
158
0
240
192
2737
2826
2839
2814
2833
2816
2816
2809
2819
2843
2816
2832
537
663
1239
47
1071
1136
904
1463
305
1520
1633
1712
0
0
0
0
0
0
0
0
16
0
27
261
1471
2499
2592
2111
2454
1295
2194
2315
1776
2547
1399
1527
1246
0
762
655
202
955
0
871
1380
2065
2838
2733
1275
1568
511
1346
1184
1167
1455
242
1223
1065
679
511
806
486
802
0
831
860
610
1040
122
1014
1056
1130
2819
2820
2893
2880
2854
2827
2786
2818
2816
2851
2807
2821
0
848
689
0
773
1
737
802
207
765
0
0
383
0
0
0
0
0
0
0
0
0
0
0
2834
2817
2867
2805
2821
2801
2832
2864
2820
2814
2384
2367
0
0
0
0
0
0
0
0
0
0
0
0
0
0
0
0
0
0
145
0
230
0
0
354
2850
2815
2815
2835
2815
2846
2819
2816
2842
2816
2836
2832
1955
927
1698
2225
2823
2814
2866
2820
2815
2831
2818
2818
0
0
0
0
0
0
0
0
0
0
0
0
2795
2303
2768
2852
2335
2224
1265
2328
1968
2263
2014
1286
2820
2830
2817
2832
2832
2818
2817
2846
2809
2849
2819
2816
450
0
246
0
464
726
1114
1968
1139
2111
2208
2338
443
32
0
0
0
0
0
0
837
324
1624
1911
2940
2832
2837
2750
1569
0
1013
1320
1583
2471
2127
2639
2822
2730
2763
2834
1708
1123
0
268
49
0
353
31
0
213
0
436
311
0
259
0
0
0
0
0
2096
2093
2098
749
1361
1016
1068
1595
887
2095
2016
1704
2828
2853
2717
2822
2863
2823
2781
2800
2817
2854
2798
2819
0
583
552
437
688
0
885
708
479
499
0
0
1328
23
938
1032
552
742
0
401
406
0
331
176
2825
2818
2811
2816
2839
2817
2814
2848
2817
2833
2819
2816
0
0
0
0
0
0
0
0
0
0
0
0
0
0
0
0
0
0
192
0
256
0
0
205
2865
2863
2822
2547
2813
2856
2823
2817
2594
2831
2863
2864
0
0
0
0
0
0
0
0
0
0
0
1385
0
486
0
431
332
0
486
0
711
696
127
0
2813
2161
2669
1874
2537
2583
1907
2559
1987
2477
2592
2448
2885
2843
2923
2832
2882
2813
2762
2853
2811
2886
2814
2816
0
0
407
0
461
0
0
479
0
801
16
245
2818
2873
2833
2839
2875
2809
2876
2384
2291
1680
2495
2494
2836
2832
2864
2816
2817
2804
2817
2859
2818
2815
2837
2849
1456
1061
2202
1528
2152
2102
1151
2170
1728
2212
2182
1868
0
0
0
0
0
0
0
0
0
220
0
0
2642
2354
2535
1435
2387
2456
1988
2351
1283
2314
2260
2016
978
1280
955
511
1174
632
2819
2829
2815
1791
2815
2818
0
0
0
0
0
0
0
0
0
0
0
0
2818
1007
1690
1617
1526
2442
2848
2823
2367
1615
2240
2514
2820
2818
2862
2820
2839
2822
2822
2851
2811
2832
2826
2828
0
0
0
0
0
0
0
0
0
0
0
0
0
0
0
0
0
0
0
0
0
0
0
0
2864
2812
2816
2832
2816
2863
2832
2816
2835
2819
2858
2836
0
0
0
0
0
0
0
0
0
0
0
0
0
464
0
349
471
0
371
0
0
259
0
0
2823
2839
2816
2858
2815
2832
2550
2828
2853
2823
2816
2816
2656
2821
2288
2774
2865
2806
2818
2853
2818
2864
2817
2768
0
319
283
0
417
0
0
328
0
183
0
0
2816
2848
2823
2817
2317
2724
2496
2413
2383
1616
2454
2640
2833
2818
2852
2819
2817
2837
2821
2861
2815
2817
2839
2833
269
0
749
291
849
1166
767
1611
973
1970
2005
1760
0
0
0
0
0
0
0
0
0
0
0
0
2845
2819
2815
2848
2813
2849
2870
2727
2847
2818
2842
2845
624
0
0
107
0
337
71
626
564
4
0
1280
0
0
406
623
1057
98
1251
1296
759
1422
315
347
2817
2839
2814
2848
2794
2806
2471
2477
1400
596
0
0
2823
2818
2843
2819
2811
2893
2812
2871
2818
2869
2800
2809
0
0
657
0
1040
605
543
743
0
279
243
7
1670
425
0
0
0
0
0
0
0
0
0
101
2851
2818
2835
2822
2816
2845
2819
2826
2807
2819
2854
2848
0
0
0
0
0
0
0
0
0
0
0
0
1924
2534
1379
1984
1584
560
626
0
0
0
0
0
2816
2766
2818
2859
2819
2813
2831
2816
2864
2821
2815
2825
0
0
0
0
0
0
0
0
997
704
1278
688
685
1535
1764
1179
2172
1418
2415
2441
1731
2531
1933
1916
2551
1343
2407
2636
1687
1947
707
1754
1535
903
1393
1232
2831
2826
2863
2818
2809
2830
2821
2862
2811
2815
2827
2831
1079
336
1023
304
1122
944
0
1233
625
1351
1348
1840
1407
1207
0
571
0
0
0
0
0
0
0
0
2848
2752
2809
2003
2770
2838
2532
2755
1767
2640
2688
2464
1726
783
1603
1785
1131
1831
1465
1811
2083
1375
2128
2208
0
706
0
720
797
0
818
166
1008
1003
511
287
2443
1535
2243
2008
1870
2135
1127
2031
1808
1659
1833
1873
1596
1714
0
1791
2711
2815
2063
2857
2829
2850
2671
2819
307
1469
1397
713
1438
567
1345
1401
879
1388
367
421
1801
1152
1469
1444
625
1265
521
1093
1155
191
974
720
2836
2818
2849
2826
2815
2841
2815
2847
2817
2815
2836
2848
0
0
0
0
0
0
0
0
0
0
0
0
0
32
0
0
122
0
320
0
340
523
0
0
2838
2815
2821
2843
2818
2834
2822
2800
2846
2805
2834
2829
0
0
0
0
0
0
0
0
0
0
0
0
0
0
71
0
66
0
0
110
0
179
0
0
2832
1631
2530
2640
2099
2587
1299
2439
2368
2011
2279
2334
2825
2814
2839
2816
2832
2819
2863
2848
2902
2826
2819
2827
940
499
917
0
731
937
370
807
0
802
844
890
1374
1354
689
998
0
840
793
351
594
0
575
389
2854
2815
2825
2826
2818
2851
2832
2831
2817
2814
2851
2843
988
0
1256
1443
678
1370
952
1647
1699
1167
1893
1920
0
215
0
0
320
0
431
0
486
452
0
0
2821
2752
2819
2864
2816
2817
2623
2822
2867
2823
2818
2814
1627
0
1229
1535
762
0
1629
967
1573
992
852
2712
0
0
189
0
131
0
0
144
0
207
0
0
2125
1936
1897
2002
1163
1980
1680
1714
1904
805
1792
1659
2833
2832
2851
2818
2815
2835
2815
2853
2813
2810
2842
2836
255
0
231
0
0
125
0
334
0
0
163
199
0
272
0
0
0
0
0
0
0
0
0
0
2864
2817
2820
2832
2813
2853
2818
2815
2838
2818
2835
2850
0
0
0
0
0
0
0
0
0
0
0
0
0
0
0
0
0
0
0
0
0
0
0
0
2784
2843
2815
2779
2814
2811
2853
2817
2830
2818
2815
2799
1108
1510
1089
2815
2861
1076
2816
2838
2814
2850
2835
2811
411
1389
1375
755
1290
487
1382
1421
578
1330
622
503
2815
2850
2815
2815
2445
2815
2842
2735
2820
1715
2436
2364
2841
2813
2843
2818
2814
2839
2815
2847
2818
2813
2843
2846
0
0
0
456
0
359
0
912
844
367
1296
1369
0
387
0
371
325
0
538
0
532
626
0
0
2213
2149
2410
1167
2112
2034
1760
1907
775
1941
1849
2058
1308
1098
800
1299
7
1074
1192
769
1315
85
1196
0
0
465
432
0
479
0
308
344
0
353
0
0
2816
2848
2815
2829
2793
2815
2848
2815
2826
2805
2818
2818
2813
2814
2853
2815
2816
2832
2816
2859
2818
2800
2835
2839
588
0
470
0
543
450
0
592
0
562
641
631
881
752
0
559
0
237
192
0
78
0
0
0
2854
2815
2815
2824
2815
2864
2821
2823
2826
2816
2853
2849
0
0
0
0
0
0
0
0
0
0
0
0
0
0
0
0
0
0
71
0
0
191
0
0
2811
2830
2816
2853
2815
2815
2847
2816
2850
2816
2819
2817
0
0
0
0
0
0
0
0
0
0
0
0
439
1464
1424
959
1447
542
1520
1535
902
1664
866
741
2816
2855
2815
2829
2363
2823
2839
2822
2818
2211
2813
2814
2837
2818
2859
2823
2815
2853
2822
2855
2817
2818
2839
2837
0
0
0
0
0
0
0
0
0
0
0
0
2034
1191
208
1394
1328
625
317
0
118
0
0
0
2854
2819
2816
2819
2814
2851
2816
2814
2848
2816
2849
2846
1247
836
1613
1387
583
1600
1200
1664
1777
1135
1850
1820
0
335
0
0
427
0
349
0
264
395
0
0
2816
2835
2813
2853
2818
2816
2835
2817
2847
2814
2814
2819
0
1968
1444
2224
397
1472
2825
2365
2888
2848
2817
2815
177
0
263
0
0
106
0
225
0
0
231
184
1182
1352
723
850
0
1015
784
575
784
0
741
473
2853
2813
2817
2801
2810
2854
2814
2817
2828
2820
2849
2863
0
0
0
0
0
0
0
0
0
0
0
0
0
0
0
0
0
0
0
0
0
0
0
0
2812
2820
2813
2859
2818
2816
2832
2816
2874
2816
2815
2813
0
0
0
0
0
0
0
0
0
0
0
0
993
2161
2057
1499
2099
1381
2000
2223
1535
2085
1295
1267
2820
2860
2816
2816
2777
2821
2862
2830
2814
2671
2813
2810
0
1911
645
1671
1855
2559
2813
2848
2820
2853
2829
2832
0
0
0
0
0
0
0
0
0
0
0
0
1986
1902
1077
1708
593
1447
1481
688
1290
114
984
908
2852
2816
2815
2841
2823
2847
2819
2818
2864
2816
2846
2842
645
0
480
1008
386
1005
388
0
1648
897
1588
1462
0
144
0
0
148
0
240
0
0
371
0
0
2817
2838
2818
2845
2815
2815
2843
2815
2816
2815
2819
2818
2819
2814
2384
2830
2842
2813
2821
2640
2820
2832
2819
2819
1300
1253
1730
461
1447
1480
2315
1771
843
2402
2633
2472
2818
2839
2832
2814
2845
2816
2822
2819
2812
2849
2816
2797
2849
2791
2835
2830
2803
2846
2825
2839
2819
2800
2843
2858
134
0
0
0
0
0
0
0
0
0
49
50
0
376
0
0
0
0
0
0
0
0
0
0
2832
2823
2815
2846
2823
2829
2823
2814
2853
2821
2831
2826
0
0
0
0
0
0
7
0
0
0
0
0
721
1563
1480
1572
1763
995
1782
1712
2063
1887
1094
972
2805
2852
2832
2816
2830
2827
2864
2819
2818
2807
2824
2815
0
0
0
0
0
0
0
0
0
560
0
0
0
0
0
0
0
0
0
0
0
0
0
0
2477
2516
2046
2264
1198
2157
2168
1427
1949
921
1771
1964
2855
2843
2831
2821
2818
2858
2817
2818
2828
2817
2863
2862
0
0
0
0
0
0
0
0
0
0
0
0
0
196
0
0
55
0
0
15
0
0
0
0
2815
2833
2822
2864
2817
2816
2831
2815
2853
2815
2819
2819
1967
2176
1527
2108
1162
2038
2043
1145
2112
1600
1969
1899
187
850
868
0
928
333
838
887
125
1187
443
508
2820
2850
2821
2835
2820
2815
2928
2814
2834
2763
2805
2833
2464
2815
2852
2704
2816
2830
2830
2863
2822
2816
2831
2829
419
0
160
135
0
122
0
239
83
0
195
144
1526
1411
679
1328
439
1200
1230
469
1040
41
840
665
2878
2826
2822
2843
2817
2847
2817
2817
2844
2763
2837
2832
17
0
0
0
0
0
0
0
14
0
0
144
703
1587
1280
1452
1731
879
1808
1845
1710
2209
1106
1327
2817
2847
2815
2830
2814
2824
2843
2811
2823
2827
2816
2817
0
0
0
0
0
0
0
0
0
0
0
0
243
511
640
0
611
273
166
623
0
720
417
281
2814
2838
2818
2732
2217
2815
2846
2625
2702
1744
2597
2512
0
1759
1704
1509
1216
2607
2817
2832
2532
2047
2848
2843
0
0
0
0
0
0
0
0
0
0
0
0
747
818
0
706
206
0
222
0
0
0
0
0
2855
2823
2821
2816
2800
2816
2793
2837
2862
2822
2816
2826
816
864
886
1168
33
1534
1710
1387
1847
562
1775
1847
0
289
390
0
443
0
407
418
0
531
0
0
2783
1531
2588
2624
2047
2496
1446
2416
2444
1820
2273
2288
0
1432
291
1435
1555
823
1411
403
1363
1747
1607
1875
598
0
556
0
511
620
0
615
0
593
592
597
1827
1768
1237
1807
754
1783
1810
1103
1767
1040
1564
1654
2862
2822
2816
2832
2813
2856
2803
2818
2823
2817
2861
2861
0
0
0
0
0
0
0
0
0
0
0
0
2364
2672
1373
2435
2455
2061
2524
1221
2541
2628
2131
2195
2816
2851
2822
2864
2816
2815
2834
2818
2864
2706
2798
2822
0
0
0
0
0
0
0
0
0
0
0
0
0
0
206
0
112
0
0
266
0
347
65
269
2817
2855
2822
2818
2842
2822
2842
2816
2814
2848
2800
2814
563
1511
1112
1473
2834
2086
2815
2847
2829
2817
2845
2853
233
0
137
46
0
112
0
0
22
0
127
95
2315
2319
1367
2188
2088
1999
2138
1071
1909
1700
1559
1217
2825
2779
2815
2843
2816
2839
2816
2813
2827
2831
2815
2823
272
832
0
613
0
0
1008
559
952
0
1535
1616
0
0
0
0
0
0
0
0
0
0
0
0
2802
2794
2798
2850
2823
2818
2404
2816
2851
2816
2815
2842
1065
1424
230
1206
1272
1074
1469
333
1139
1232
976
918
0
0
0
0
0
0
0
0
0
0
0
0
2030
2006
1802
1793
823
1809
1700
1495
1627
615
1787
1808
1067
2688
2000
0
2820
2846
2821
2841
2831
2817
2853
2845
0
0
0
0
0
0
0
0
0
0
0
0
2823
2897
2846
2818
2826
2821
2817
2850
2822
2797
2819
2826
2827
2832
2815
2847
2822
2830
2829
2822
2861
2816
2814
2815
0
74
0
58
0
0
128
0
73
0
0
0
0
0
0
0
0
0
0
0
0
0
0
0
2817
2841
2817
2832
2769
2815
2646
2826
2797
2784
2829
2822
0
0
0
0
0
0
0
0
0
0
0
0
146
0
99
0
0
112
0
257
0
251
320
312
2672
2639
1777
2522
1715
2448
2343
1727
2347
1520
2219
2177
2877
2821
2821
2825
2812
2875
2790
2823
2832
2826
2864
2861
364
0
0
134
0
208
0
0
144
0
0
396
2828
2816
2868
2813
2818
2785
2857
2858
2826
2812
2834
2835
2815
2836
2815
2852
2815
2813
2834
2815
2847
2814
2812
2814
2832
2813
2834
2818
2875
2861
2814
2832
2809
2863
2823
2820
304
1230
1347
531
1288
464
1219
1287
617
1520
617
801
2531
2032
2442
2375
1535
2385
1808
2384
2411
1597
2347
2319
0
686
192
0
1687
1035
1656
187
2193
2815
1809
1840
0
0
0
0
0
0
0
0
0
0
0
0
1299
1317
511
1232
906
1140
1169
191
1141
906
883
885
2853
2817
2813
2837
2818
2851
2826
2821
2838
2825
2848
2847
0
0
0
0
0
0
0
0
0
0
0
0
0
0
0
0
0
0
0
0
0
0
0
0
2814
2845
2816
2743
2817
2822
2855
2841
2813
2816
2819
2819
144
556
0
682
360
0
0
0
535
704
0
0
482
383
663
0
674
736
752
833
0
816
864
656
2820
2848
2814
2817
2843
2816
2837
2818
2819
2841
2818
2822
331
1349
684
2483
2806
2836
2816
2819
2832
2821
2859
2864
825
0
656
680
375
590
0
608
481
0
509
584
2829
2816
2849
2821
2823
2822
2818
2843
2818
2817
2817
2659
2832
2800
2757
2848
2813
2832
2834
2814
2847
2817
2827
2832
1811
1704
1315
1450
939
2026
2096
1699
2303
1335
2638
2307
0
0
0
0
0
0
0
0
0
0
0
0
1960
761
1836
1933
1303
1883
631
1611
1735
1023
1579
1580
1314
1762
593
1664
1564
1168
1456
647
1767
1256
1751
1450
880
509
948
0
1863
1930
1309
2072
0
991
1787
1569
2595
2608
2096
2479
1184
2475
2468
2009
2370
1190
2367
2189
2540
2846
2818
2819
2743
2846
2822
2813
2825
2816
2862
2854
41
0
0
0
0
0
0
0
30
0
18
43
2839
2816
2847
2819
2816
2638
2818
2848
2586
2501
1469
1257
2816
2837
2839
2857
2818
2816
2837
2813
2851
2819
2828
2818
0
0
0
0
0
0
0
0
0
0
0
0
0
0
0
0
0
0
0
0
0
0
0
0
2816
2844
2825
2819
2339
2821
2864
2816
2821
2239
2821
2816
0
0
0
0
0
0
0
0
0
1201
79
143
233
0
0
259
0
82
0
61
241
0
308
154
1919
2191
1077
2017
1984
1599
1901
847
1761
1920
1467
1310
2819
2813
2761
2863
2816
2832
2816
2823
2850
2820
2833
2807
0
0
0
0
0
0
0
0
0
0
0
0
0
0
0
0
0
0
0
0
0
0
0
0
2818
2848
2819
2839
2821
2818
2848
2822
2845
2853
2800
2823
1158
747
720
1899
1824
640
2034
711
1906
2000
1766
1759
128
0
223
0
240
321
0
148
0
320
353
354
2817
2833
2659
2815
2095
2810
2843
2558
2819
1799
2766
2671
1354
1967
2156
626
2827
2859
2819
2834
2832
2816
2860
2878
867
0
635
592
0
555
0
479
594
0
677
611
1525
1863
559
1717
1672
1149
1447
194
1193
1040
611
400
2820
2830
2814
2855
2815
2823
2827
2816
2860
2817
2817
2823
1652
1563
947
1488
499
1375
1403
839
1424
784
1372
1231
1565
2653
2544
1839
2497
1447
2587
2783
2159
2819
2864
2865
2815
2851
2820
2819
2842
2821
2849
2821
2815
2841
2819
2823
0
0
0
0
0
0
0
0
0
0
0
0
710
0
679
0
654
739
0
678
128
702
894
734
2285
2311
1394
2028
1179
1799
1951
1211
2030
1192
1712
1729
1304
1832
1904
1440
2819
2847
2817
2816
2848
2818
2869
2864
0
0
0
0
0
0
0
0
0
0
0
0
0
806
860
0
592
0
455
288
0
204
0
0
2822
2608
2819
2846
2815
2821
2292
2876
2706
2753
2818
2815
0
337
0
180
707
543
605
0
944
1280
899
1018
0
0
0
0
0
0
0
0
0
127
48
39
2822
2834
2843
2828
2829
2781
2807
2781
2816
1567
2667
2673
423
1274
1531
1163
1395
571
1659
1664
1251
1584
475
0
422
0
447
477
0
447
0
107
464
0
639
407
2007
2293
1445
2208
2232
1821
2266
939
2011
2101
1591
1595
2832
2823
2978
2841
2815
2830
2826
2820
2854
2834
2823
2832
494
455
0
332
0
279
378
0
311
0
0
0
0
0
111
0
0
0
0
0
0
0
0
0
2819
2857
2819
2879
2825
2819
2855
2822
2826
2829
2817
2811
0
0
0
0
0
0
0
0
0
0
0
0
0
0
0
0
0
0
0
0
0
0
0
0
2815
2831
2832
2816
2862
2817
2816
2457
2622
1085
1745
1304
0
0
0
0
0
0
0
1172
815
1521
2270
2842
2815
2847
2821
2815
1535
2100
1554
1332
1072
0
378
70
0
0
0
0
0
0
0
0
0
0
0
0
2821
2845
2831
2845
2819
2816
2841
2816
2839
2819
2816
2816
0
0
0
0
0
0
0
0
0
0
0
0
716
1254
1641
1131
2604
2836
2819
2813
2847
2818
2835
2794
2815
2834
2816
2827
2846
2816
2825
2817
2817
2849
2817
2819
0
0
0
0
0
0
0
0
0
0
0
0
2816
2832
2832
2848
2826
2817
2858
2822
2817
2833
2815
2819
2832
2817
2861
2823
2822
2832
2814
2862
2819
2819
2832
2385
0
0
0
0
1119
1296
1125
2515
2855
2826
2817
2818
1165
0
0
0
0
0
0
0
0
0
0
0
0
0
0
0
0
0
0
317
624
2394
2852
2855
158
80
1489
2315
2263
2817
2858
2821
2813
2845
2817
2809
1974
2816
2864
2818
2814
2832
2815
2864
2813
2812
2854
2832
0
0
0
0
0
297
0
1408
1652
2110
2529
2608
2823
2827
2839
2816
2858
2817
2821
2841
2818
2852
2811
2817
0
0
0
0
0
0
0
0
0
0
0
0
2816
2846
2832
2817
2855
2820
2848
2819
2819
2848
2816
2815
944
1727
1424
1227
1229
87
1057
1080
678
869
0
0
2747
2815
2858
2854
2807
2814
2834
2818
2861
2817
2811
2815
2815
2826
2847
2813
2845
2820
2818
2387
2801
2848
2686
2598
2839
2817
2815
2768
2815
2440
2039
2082
964
1440
1189
1064
2811
2830
2822
2815
2851
2817
2829
2823
2816
2850
2817
2818
1075
2101
2496
2295
2814
2848
2814
2718
2375
2811
2849
2834
1691
851
2069
1696
1738
1808
599
1637
1664
1519
1625
1469
2832
2819
2864
2816
2821
2694
2817
2858
2818
2814
1969
1459
1256
1008
1104
0
24
1045
383
826
0
1856
2335
2255
0
256
0
48
0
0
0
0
77
0
0
0
1762
2718
2594
2161
2544
1650
2114
2000
1023
1535
1080
849
2815
2858
2819
2848
2837
2818
2852
2821
2817
2839
2817
2822
0
0
0
0
0
0
0
0
0
0
0
0
212
0
246
0
0
0
0
0
0
0
5
100
2821
2823
2862
2817
2863
2820
2832
2832
2814
2859
2817
2818
0
0
0
0
0
0
0
0
0
0
0
0
726
0
602
493
0
407
16
0
323
0
274
261
2843
2816
2862
2817
2867
2842
2814
2852
2819
2830
2843
2825
2814
2846
2817
2855
2821
2815
2851
2823
2859
2819
2811
2817
2818
2814
2852
2813
2847
2819
2817
2843
2817
2847
2820
1855
2855
2815
2822
2845
2816
2848
2819
2807
2834
2817
2839
2844
2816
2832
2825
2817
2859
2815
2847
2826
2819
2858
2818
2827
0
0
0
0
0
0
0
0
0
0
0
0
2276
1023
1993
1808
1396
1454
0
547
172
0
0
0
1011
1342
0
1007
1130
906
1196
239
1520
1600
1365
1775
2819
2832
2822
2861
2825
2819
2309
2304
1102
1507
782
406
2818
2830
2824
2819
2850
2818
2820
2827
2816
2853
2816
2829
0
0
0
0
547
675
2669
2818
2832
2827
2863
2861
2511
2866
2846
2819
2709
2818
2879
2832
2790
2817
2806
2815
387
1439
1092
1105
1270
0
871
640
0
526
0
0
2819
2833
2815
2849
2819
2813
2608
2777
2852
2832
2818
2817
2816
2819
2847
2832
2837
2823
2813
2848
2826
2839
2819
2826
16
0
58
0
0
0
0
0
0
0
0
0
1296
714
1169
1123
0
901
490
111
340
0
51
0
2838
2821
2859
2822
2816
2559
2822
2853
2821
2824
1981
1949
0
0
0
0
0
0
0
0
0
0
0
0
0
0
0
0
0
0
0
0
0
0
0
0
1184
796
1088
0
943
1014
648
1004
0
673
768
602
2813
2824
1080
1938
951
1499
842
0
0
0
0
0
0
0
0
0
0
0
0
0
0
0
0
1599
2815
2863
2815
2819
2832
2821
2853
2822
2821
2830
2843
2815
2827
2814
2853
2815
2811
2832
2813
2863
2811
2818
2829
2820
2816
2493
2825
2848
2784
2507
1712
1151
103
698
111
0
0
0
0
0
0
0
0
0
0
0
0
0
0
0
0
0
0
0
0
268
395
1584
963
2841
2819
2864
2830
2817
2846
2822
2865
2821
2814
2843
2821
2817
2832
2818
2864
2819
2823
2384
2481
983
1059
410
0
0
0
0
0
0
0
0
0
0
0
0
0
0
2819
2817
2835
2826
2862
2818
2817
2836
2818
2847
2826
2818
2838
2815
2817
2849
2822
2839
2463
2283
527
1134
529
0
0
0
0
0
0
0
0
0
0
0
0
0
2848
2814
2837
2819
2803
2842
2815
2832
2821
2816
2849
2857
2815
1227
1493
832
0
0
0
0
0
0
0
0
0
0
0
0
0
0
0
0
0
304
729
1616
2832
2817
2817
2754
2813
2827
2821
2819
2857
2816
2743
2815
2821
2820
2832
2816
2859
2822
2829
2275
2815
1311
2001
0
0
0
0
0
0
0
0
0
0
0
0
0
2819
2850
2815
2823
2833
2817
2855
2822
2821
2822
2818
2812
2818
2822
2848
2831
2829
2818
2818
2849
2815
2832
2821
2866
2821
2833
2817
2850
2817
2817
2873
2820
2864
2826
2809
2819
2822
2817
2837
2829
1810
1467
850
0
0
0
0
0
2864
2816
2819
2832
2818
2886
2822
2819
2835
2816
2910
2853
2799
2875
2821
2819
2838
2815
2855
2768
2819
2832
2815
2861
2841
2822
2847
2821
2812
2842
2817
2846
2817
2815
2840
2841
0
0
0
0
398
1142
949
2707
2832
2826
2816
2822
0
0
0
0
0
0
0
0
0
0
0
0
2854
2818
2818
2846
2818
2851
2813
2821
2850
2818
2849
2850
0
0
0
0
0
0
0
0
0
0
0
0
2849
2819
2845
2854
2821
2837
2825
2847
2820
2817
2843
2845
0
0
0
0
0
0
0
0
0
0
0
0
2827
2827
2853
2875
2821
2822
2816
2857
2822
2823
2823
2831
0
0
0
0
0
0
731
1909
1015
1832
1208
552
0
0
0
0
0
0
931
465
0
0
2210
2808
2857
2832
2817
2822
2815
2853
2819
2829
2826
2817
2864
2863
2266
1488
2244
2115
1055
1358
423
1586
1818
1425
2096
1824
2831
2815
2849
2811
2823
2828
2816
2854
2832
2817
2830
2832
2818
2834
2818
2859
2825
2813
2834
2821
2879
2827
2896
2807
0
0
0
0
0
0
0
0
0
0
0
0
2864
2818
2803
2832
2818
2864
2821
2816
2832
2816
2864
2864
2819
2850
2815
2821
2844
2822
2845
2816
2822
2848
2822
2792
0
0
0
0
0
0
0
0
0
0
0
0
0
0
0
0
0
0
0
903
1244
1103
1424
1427
2815
2815
2847
2817
2832
2823
2912
2871
2826
2825
2849
2821
0
0
0
0
0
0
0
0
0
0
0
0
0
0
0
0
0
490
864
656
1040
0
1009
1126
2849
2818
2815
2813
2821
2847
2814
2837
2819
2816
2851
2850
0
0
0
0
0
0
0
0
0
0
0
0
0
0
0
0
0
0
0
0
0
388
191
763
2818
2832
2814
2857
2816
2817
2828
2818
2857
2815
2817
2812
2826
2833
2587
2484
671
1283
0
0
0
0
0
0
0
0
0
0
0
0
0
0
0
0
0
0
2817
2854
2822
2829
2827
2821
2868
2814
2820
2832
2821
2832
2829
2829
2831
2826
2819
2832
2817
2884
2829
2883
2831
2833
0
0
0
0
0
0
0
0
0
0
0
0
2802
2813
2263
2793
2853
2815
2818
2845
2821
2837
2817
2827
2846
2819
2815
2847
2816
2877
2819
2819
2848
2821
2839
2838
2818
2860
2793
2820
2832
2822
2864
2817
2819
2842
2813
2817
0
0
0
0
0
0
0
0
0
0
0
0
0
0
0
0
0
0
0
0
0
0
0
0
2314
2816
2816
2817
2833
2818
2817
2849
2815
2839
2855
2831
2829
2864
2812
2896
2786
2869
2896
2815
2849
2821
2816
2815
2821
2823
2830
2818
2865
2819
2821
1215
768
0
0
0
2858
2822
2825
2832
2819
2860
2815
2818
2832
2814
2861
2864
0
0
0
0
0
0
0
1247
1792
2243
2833
2821
2832
2815
2857
2797
2827
2832
2816
2857
2823
2011
316
0
724
467
2017
2852
2822
2817
2835
2817
2860
2821
2865
2817
0
0
0
0
0
0
0
0
0
0
0
0
2864
2822
2823
2832
2819
2863
2816
2825
2835
2816
2862
2856
2832
2861
2823
2817
2479
2817
2416
2032
1611
0
163
0
2342
2817
2864
1951
2831
2832
2822
2854
2823
2822
2838
2836
0
0
0
0
0
278
0
912
574
1033
1104
1099
2809
2817
2846
2819
2853
2817
2817
2841
2818
2857
2835
2803
0
0
0
0
0
0
0
0
0
0
0
144
861
43
483
156
0
0
0
0
533
0
411
0
0
0
0
0
0
0
0
0
0
240
0
207
2817
2848
2816
2831
2817
2814
2843
2823
2832
2893
2803
2814
0
243
0
798
1072
0
914
67
1488
1617
1355
2480
1163
1303
802
0
977
0
0
0
0
0
0
0
2818
2848
2826
2822
2864
2817
2839
2825
2814
2846
2815
2820
2845
2818
2841
2823
2823
2863
2817
2830
2826
2456
855
423
2513
969
1862
1738
1222
2010
1371
2745
2914
2111
2610
2045
0
0
0
0
0
0
0
0
0
0
0
0
2814
2851
2816
2863
2817
2835
2836
2822
2883
2817
2815
2817
0
0
0
0
0
0
0
0
0
0
0
0
1493
1998
1824
500
670
0
0
0
0
0
0
0
2822
2853
2826
2823
2868
2736
2854
2816
2833
2837
2821
2816
2807
2805
2864
2819
2816
2841
2816
2863
2819
2831
2832
2832
0
0
0
0
801
1841
1255
2353
1906
1389
1133
801
1571
1111
0
266
0
0
0
0
0
0
0
0
2861
2807
2821
2838
2832
2866
2844
2816
2843
2819
2804
2859
2825
2841
2823
2822
2766
2815
2012
725
235
0
0
0
0
0
0
0
0
0
0
0
0
128
0
0
2826
2845
2823
2849
2818
2793
2407
2821
2832
2445
2594
2514
2826
2817
2846
2836
2846
2818
2819
2842
2823
2855
2820
2819
2861
2816
2815
2848
2813
2830
2817
2818
2845
2813
2833
2815
0
0
0
0
0
0
0
0
0
0
0
0
0
0
0
0
0
0
0
0
0
2112
1306
1750
2818
2855
2833
2832
2766
2810
2825
2839
2822
2829
2815
2818
2831
2822
2860
2835
2795
2834
2816
2861
2822
2827
2833
2826
2822
2837
2822
2863
2816
2817
2831
2818
2864
2817
2819
2826
1211
796
0
0
0
0
0
0
0
0
0
0
0
0
0
0
0
0
0
0
0
0
0
0
2814
2850
2814
2817
2843
2819
2850
2816
2815
2848
2815
2821
2839
2874
2739
2630
2731
1590
2543
2544
2143
2555
1381
1232
2812
2804
2827
2934
2803
2801
2852
2845
2839
2832
2832
2815
1645
1229
0
110
0
0
0
0
0
0
0
0
0
0
0
0
0
16
202
333
2105
2821
2848
2839
2823
2825
2823
2819
2855
2817
2830
2810
2820
2854
2820
2815
2851
2817
2827
2823
2821
2854
2821
2819
2832
2819
2855
2861
0
0
0
0
0
0
0
0
0
0
0
0
2247
2535
1723
2816
2841
2589
2822
2848
2822
2821
2830
2866
2832
2704
2819
2847
2819
2820
2832
2822
2855
2818
2819
2827
0
0
0
0
0
0
0
0
0
0
0
0
2031
2818
2831
2737
2801
2852
2817
2827
2819
2813
2847
2855
2819
2864
2863
2825
2838
2819
2864
2818
2818
2833
2817
2810
0
0
0
0
0
0
0
0
0
0
0
0
2818
2838
2800
2850
2822
2832
2829
2815
2858
2819
2830
2815
2844
2799
2835
2819
2872
2813
2817
2119
1435
0
0
0
0
0
0
0
0
0
0
380
0
0
0
0
2824
2856
2842
2815
2845
2825
2846
2813
2818
2839
2817
2814
0
0
0
0
0
0
0
0
0
0
0
0
2815
2837
2831
2851
2825
2814
2839
2815
2845
2818
2821
2815
2318
2097
1009
2185
2837
2822
2825
2850
2819
2832
2823
2820
2871
2823
2819
2854
2819
2858
2819
1349
995
51
0
0
2833
2864
2819
2821
2827
2815
2867
2818
2815
2463
2787
2820
0
0
0
0
0
0
0
0
0
0
0
0
2816
2838
2815
2849
2815
2813
2838
2819
2846
2817
2808
2815
0
0
0
0
0
0
0
0
146
859
1340
2006
2828
1935
1292
0
0
0
0
0
0
0
0
0
2821
2823
2823
2819
2848
2819
2830
2823
2815
2858
2815
2813
0
0
0
0
0
0
1047
1424
1221
1972
911
1043
2551
723
829
0
0
0
0
0
0
0
0
0
2834
2817
2864
2817
2828
2839
2815
2864
2818
2813
2832
2842
2821
2826
2817
2864
2817
2813
2832
2817
2857
2832
2819
2803
0
0
0
0
0
0
0
0
0
0
0
0
2854
2820
2816
2844
2816
2855
2817
2816
2841
2819
2847
2848
2815
2862
2816
2818
2832
2825
2864
2817
2815
2836
2817
2828
0
0
0
0
0
0
0
0
0
0
0
0
2814
2851
2817
2837
2821
2818
2850
2827
2832
2824
2812
2814
2379
2815
2399
2821
2827
2829
2819
2854
2814
2859
2816
2820
0
0
0
0
0
0
0
0
0
0
0
0
2803
2848
2816
2559
1041
1145
154
0
0
0
0
0
2851
2818
2835
2827
2875
2842
2789
2805
2832
2815
2862
2907
2817
2851
2821
2834
2816
2818
2847
2818
2837
2819
2815
2806
0
0
0
0
0
0
0
0
0
1204
1815
2826
0
0
0
0
0
0
0
0
0
0
0
0
2816
2833
2643
2339
812
1599
1307
685
937
0
0
0
580
870
233
0
0
0
0
0
0
0
0
0
2820
1535
2046
1112
363
391
4
0
0
0
0
0
2832
2817
1040
1752
1234
0
0
0
0
0
0
0
2238
1116
439
250
839
511
0
0
0
0
0
174
0
0
0
0
0
0
0
0
0
0
0
0
0
0
0
0
0
0
0
0
0
0
0
0
2821
2864
2810
2813
2834
2819
2865
2818
2826
2874
2813
2820
667
1115
323
528
59
0
0
0
0
0
0
0
0
0
0
0
0
0
0
0
0
0
0
0
2873
2820
2832
2828
2848
2403
2160
1151
1478
307
602
0
2865
2822
2816
2845
2807
2865
2631
2093
863
1376
276
16
2789
2861
2818
2818
2842
2819
2852
2821
2814
2840
2821
2817
0
1110
692
1440
1691
1223
2210
2096
2666
2817
2846
2847
0
0
0
0
0
0
0
0
0
0
0
0
2822
2835
2767
2813
2843
2827
2817
2846
2815
2838
2463
2284
2377
2385
2510
1466
2397
2352
2308
2371
1358
2359
2216
2441
2823
2838
2645
2224
766
1067
515
0
0
0
0
0
2854
2815
2822
2829
2827
2854
2825
2816
2832
2818
2864
2853
0
0
0
0
0
0
0
0
0
0
0
0
2832
2816
2852
2813
2817
2832
2817
2862
2819
2817
2832
2838
0
0
0
0
0
38
0
0
0
0
0
0
2699
2886
2838
2830
2854
2842
2822
2837
2828
2870
2827
2832
0
0
0
0
0
0
0
0
0
0
0
0
2819
2851
2839
2844
2752
2820
2823
2819
2832
2846
2895
2815
2713
2819
2416
2220
2020
719
1392
1200
573
448
0
0
0
0
0
0
0
0
0
0
0
0
0
0
2818
2815
2834
2814
2853
2899
2816
2837
2815
2844
2818
2815
661
1535
1574
848
1737
1088
1841
1888
1395
2192
1940
1744
2816
2856
2815
2896
2453
2779
2848
2821
2815
2243
2826
2666
2837
2823
2854
2817
2818
1678
2513
2840
2547
2169
679
0
2823
2849
2821
2854
2817
2801
2832
2819
2853
2827
2819
2816
1787
2650
1877
2334
1376
1459
1723
1284
2403
2020
1279
646
2819
2821
2818
2853
2816
2814
2827
2819
2864
2815
2816
2818
2817
2832
2951
2821
2847
2815
2838
2835
2817
2853
2819
2821
0
0
0
0
0
0
0
0
0
0
0
0
2818
2851
2821
2821
2823
2787
2849
2818
2820
2829
2817
2822
2888
2816
2862
2821
2835
1515
283
0
0
0
0
1413
1155
0
399
0
173
592
1073
2314
1757
1511
2605
2032
0
0
0
1767
2851
2809
2819
2826
2822
2852
2288
1991
2864
2822
2823
2836
2819
2849
2822
2816
2559
1270
0
0
2551
2864
2821
2815
2842
2821
2450
2285
1014
0
0
1376
403
1251
283
652
126
0
0
0
0
0
0
0
2822
2832
2818
2861
2804
2799
2832
2818
2849
2819
2813
2820
2828
2814
2854
2813
2839
2822
2816
2846
2816
2838
2818
2816
0
0
0
0
0
0
0
0
0
0
0
250
432
0
0
0
0
0
0
0
0
0
0
0
2615
2830
2837
2827
2823
2855
2818
2820
2823
2818
2850
2893
1195
0
0
0
0
0
0
0
753
2819
2817
2818
0
0
0
0
0
0
0
0
0
0
0
0
1588
1264
1093
0
0
0
0
0
0
289
304
292
705
2311
1022
1072
1445
2837
2831
2753
2834
2864
2828
2832
2850
2816
2831
2814
2819
2850
2832
2827
2830
2818
2858
2853
2836
2866
2817
2819
2829
2821
2852
2403
1925
1179
1563
1367
1823
1357
0
659
848
693
1393
209
1394
1344
851
765
0
0
263
0
698
874
247
777
0
1296
1727
2393
0
0
0
42
0
0
0
0
0
0
0
0
2850
2819
2832
2842
2823
2849
2819
2821
2846
2819
2851
2836
2816
2864
1632
1154
0
0
0
0
0
0
0
0
0
0
0
0
0
0
0
0
0
0
0
0
2427
1776
2545
2323
2735
2625
1477
1867
1408
1793
1968
2103
2799
2806
2835
2815
2850
2822
2779
2837
2822
2869
2826
2832
2857
2818
2815
2843
2819
2852
2820
2815
2845
2818
2849
2847
2815
2832
1931
1185
0
0
0
0
0
0
0
0
0
0
0
0
227
0
777
640
895
1104
614
1277
775
0
590
528
0
243
0
465
640
496
491
0
0
0
0
0
656
624
966
0
479
272
0
854
2833
2820
2811
2843
2817
2833
2815
2816
2841
2815
2830
2829
0
0
0
0
0
0
0
0
0
0
0
0
0
0
0
0
0
0
0
0
0
0
0
0
2176
1520
2127
2218
1723
2789
2855
2821
2821
2512
2825
2815
2832
2816
2858
2819
2833
2820
2817
2846
2819
2835
2829
2824
2716
2833
2814
2835
2817
2816
2842
2823
2858
2777
2817
2813
2825
2817
1785
2090
1168
1057
696
0
529
222
555
0
1120
1634
1521
589
1422
691
1425
1443
817
1475
980
1152
2813
2862
2816
2816
2828
2818
2851
2823
2819
2833
2817
2827
0
0
0
0
0
0
0
0
0
731
272
1071
2819
2843
2817
2843
2817
2823
2890
2813
2829
2825
2817
2814
2072
372
727
2256
1369
0
2239
835
1086
295
0
0
0
0
0
0
0
0
0
0
0
0
0
0
644
246
408
897
147
1253
1396
1535
2288
1438
2736
2777
2847
2822
2832
2831
2817
2848
2818
2832
2806
2822
2861
2848
640
87
1778
2352
2160
2819
2858
2814
2821
2829
2821
2821
2817
2819
2846
2817
2830
2821
2523
479
717
65
0
0
0
0
0
0
0
0
0
0
0
511
1119
1535
0
0
0
0
0
0
0
0
0
0
0
0
675
2032
2224
2010
2559
1393
2433
2336
1705
1847
351
0
1518
414
1756
2208
1987
2819
2863
2821
2816
2834
2819
2818
2833
2819
2855
2819
2817
2870
2818
2841
2819
2817
2845
2843
0
0
0
0
0
0
0
0
0
0
0
0
561
643
0
736
448
1023
1180
491
1230
868
1022
837
2867
2832
2818
2837
2819
2866
2821
2821
2834
2815
2864
2861
0
0
0
0
0
407
357
508
1226
554
1883
2122
2835
2821
2858
2820
2823
2805
2823
2846
2816
2819
2842
2849
2817
2847
2819
2848
2821
2823
2846
2821
2849
2816
2817
2418
0
0
0
0
0
0
0
0
0
0
0
0
0
0
0
0
0
0
0
336
0
481
154
112
2817
2823
2822
2813
2853
2820
2820
2832
2822
2852
2819
2822
2847
2817
2832
2849
2815
2836
2871
2831
2802
2819
2799
2853
2814
2855
2823
2818
2831
2838
2856
2809
2542
1502
1719
1370
0
0
0
0
0
0
0
0
0
0
0
0
2847
2834
2817
2848
2819
2832
2826
2821
2846
2818
2826
2838
2819
2830
2332
2699
1393
2464
2377
1622
1892
663
1584
1439
0
0
0
0
0
0
0
0
0
0
0
0
2819
2862
2819
2836
2832
2815
2865
2822
2822
2834
2818
2819
0
0
0
0
0
0
0
0
1047
976
95
643
972
315
1207
440
1069
1094
529
1299
1042
1392
1675
1703
2820
2818
2833
2816
2865
2817
2826
2646
2816
2744
2542
2292
2854
2814
2819
2831
2818
2880
2817
2818
2834
2818
2853
2849
197
222
647
914
431
2056
1826
2427
2816
2861
2835
2828
1503
1959
722
1899
1702
1191
1735
624
1680
1676
1121
1103
2815
2858
2827
2834
2819
2813
1351
2797
1616
1561
2000
1359
2279
2595
536
2697
2700
2341
2723
1511
2688
2632
2095
2047
976
754
830
0
675
528
0
495
0
201
240
129
2103
2201
1663
2086
907
2016
2112
1707
2363
935
2207
2174
2159
2800
2822
2832
2819
2955
2832
2834
2832
2817
2850
2851
2823
2847
2816
2842
2819
2819
2846
2817
2847
2819
2819
2817
0
0
0
0
0
0
0
0
0
0
0
0
2818
2827
2811
2859
2814
2818
2831
2819
2864
2829
2819
2818
1482
2704
2673
2303
357
1136
1328
1639
2817
2860
2819
2823
0
0
0
0
0
0
0
0
0
0
0
0
2816
2851
2817
2831
2829
2825
2860
2820
2821
2831
2815
2815
2826
2814
2829
2809
2810
2832
2818
2859
2823
2816
2821
2826
0
0
0
0
695
1520
1752
2820
2848
2737
2506
2818
2815
2815
2832
2810
2855
2815
2819
2823
2822
2859
2813
2814
2835
2819
2827
2825
2806
2857
2823
2816
2832
2832
2858
2882
2817
2859
2820
2818
2840
2830
2897
2820
2818
2833
2807
2817
2829
2815
2863
2825
2825
2829
2816
2864
2826
2819
2751
2407
2624
1795
2695
1808
2476
2640
1801
2475
1824
2309
2420
2434
479
663
0
0
0
1075
992
0
1321
274
1421
1611
0
0
0
0
0
0
0
0
0
0
0
0
2813
2864
2785
2709
1867
2693
2176
2694
2762
1779
2559
2493
28
1036
395
1307
2711
1841
2415
2385
2819
2813
2832
2825
0
0
0
0
0
0
0
0
0
0
0
0
2826
2824
2849
2823
2832
2768
2817
2855
2818
2826
2823
2822
2830
2817
2832
2853
2815
2832
2821
2818
2843
2821
2822
2823
1231
746
659
752
0
551
473
0
272
0
138
293
0
0
0
0
0
0
0
0
0
0
0
0
2813
2845
2821
2834
2826
2818
2855
2822
2829
2839
2826
2814
0
0
0
0
0
0
0
0
0
0
0
0
162
0
351
0
465
448
0
454
0
462
362
221
2821
2818
2559
2819
2864
2823
2812
2131
2817
1913
2662
2525
0
1391
2671
2150
1055
2865
2822
2838
2853
2816
2864
2868
1389
752
1285
931
0
775
244
542
464
0
279
427
2833
2830
2832
2834
2813
2833
2802
2852
2771
2861
2831
2848
2815
2331
2816
1857
2602
2539
1936
2509
2144
2450
2462
2416
0
0
0
409
0
0
574
0
509
377
613
1175
0
0
0
0
0
0
0
0
0
0
0
22
2815
2847
2818
2813
2498
2819
2862
2815
2815
2115
2825
2815
0
1373
696
1327
0
560
1216
882
0
1200
471
427
0
0
0
0
0
0
0
0
0
0
0
0
2821
2821
2647
2818
2849
2802
2822
2259
2811
2832
2734
2766
2846
2817
2818
2845
2855
2865
2815
2815
2850
2815
2837
2832
2821
2834
2363
2448
1331
2352
2288
1621
1535
0
651
640
1181
2559
2831
2399
2331
574
1008
944
719
1144
0
0
1937
1397
2528
2387
1136
851
0
0
229
118
1529
1602
2827
2779
2859
2825
2818
2832
2818
2862
2820
2818
2832
2822
668
0
422
0
169
233
0
0
0
0
0
0
2819
2820
2832
2819
2864
2817
2886
1755
1954
899
1931
1965
2875
2810
2821
2834
2817
2861
2767
2817
2813
2830
2864
2863
0
0
0
0
0
0
0
0
0
0
0
0
0
934
770
930
1063
202
1270
1535
2033
2431
1892
1711
2822
2838
2831
2853
2821
2789
2829
2835
2854
2829
2819
2808
2240
2752
2487
2816
2853
2815
2768
2845
2805
2858
2815
2818
2838
2815
2815
2844
2827
2843
2806
2812
2842
2815
2466
1092
0
0
0
0
0
0
0
0
0
0
0
0
0
0
0
0
0
0
0
0
0
0
0
0
2813
2850
2817
2841
2829
2903
2854
2808
2825
2817
2817
2820
2825
2803
2854
2821
2818
2833
2823
2859
2817
2818
2828
2800
2816
2830
2815
2849
2826
2819
2839
2865
2843
2816
2810
2842
2815
2819
2832
2813
2859
2819
2817
2825
2809
2853
2823
2816
0
0
0
0
0
0
0
0
0
0
0
0
0
0
0
368
0
622
282
1223
1391
803
1680
2009
0
0
0
0
0
0
0
59
0
495
0
0
1146
415
976
20
803
719
0
716
235
800
753
637
2817
2817
2831
2886
2861
2807
2802
2841
2822
2846
2816
2821
1795
1616
1623
495
1424
832
657
0
0
179
0
0
0
0
0
0
0
0
0
0
0
0
0
0
2846
2822
2865
2814
2806
2845
2817
2835
2818
2822
2849
2849
2816
2835
2823
2838
2816
2816
2851
2816
2833
2821
2815
2814
0
315
0
157
182
0
0
0
0
0
0
0
424
0
194
0
0
0
0
0
0
0
0
0
2775
2815
2559
2802
2848
2820
2815
2752
2798
2848
2821
2820
591
1744
1721
1461
2224
883
2032
2026
1719
2413
1637
1379
951
0
742
640
0
589
0
592
592
0
295
144
1455
1847
987
1808
2015
1791
2441
1495
2543
2527
1813
2043
0
599
1344
115
1120
1312
478
1143
308
0
1638
2820
2817
2804
2660
2819
1535
2416
2344
1703
2023
745
1616
1535
0
0
0
0
0
0
0
0
0
49
0
0
2817
2861
2818
2817
2814
2810
2869
2811
2829
2831
2816
2818
0
0
0
0
0
0
0
0
0
0
0
0
0
0
0
0
0
0
0
0
0
0
0
0
2826
2801
2834
2814
2846
2820
2819
2833
2818
2848
2818
2815
2849
2813
2789
0
0
0
0
0
0
0
0
0
1723
1005
1490
1468
603
963
147
688
401
0
420
588
2845
2815
2844
2800
2818
2848
2825
2831
2786
2817
2854
2858
1439
2135
2815
2851
2823
2817
2851
2820
2843
2815
2822
2820
0
0
0
0
0
0
0
0
0
0
0
0
1696
1946
2151
1703
2807
2847
2816
2816
2869
2832
2851
2824
2820
2830
2831
2817
2849
2814
2832
2818
2775
2841
2823
2817
2825
2813
2850
2821
2817
2842
2815
2834
2818
2813
2846
2839
0
0
0
0
0
0
0
0
0
0
16
176
733
229
0
0
0
0
757
239
1655
1908
1737
1518
1472
1251
1279
0
817
794
0
595
0
481
792
147
2818
2832
2816
2815
2851
2823
2827
2818
2826
2857
2823
2817
2857
2820
2816
2833
2816
1563
1360
639
0
157
0
0
2821
2864
2818
2671
2833
2827
2866
0
2257
2079
2067
1960
0
624
0
767
684
0
0
0
0
0
0
0
2832
2823
2817
2847
2817
2832
2819
2821
2857
2816
2807
2817
2820
2819
2834
2818
2858
2817
2820
2835
2825
2864
2822
2821
0
0
0
0
0
0
0
0
0
0
0
0
0
0
0
245
0
723
91
1193
1423
951
1493
1283
2837
2817
2854
2821
2818
2834
2815
2864
2814
2785
2838
2830
2882
2663
2816
2802
2807
2811
2831
2825
2854
2816
2831
2818
2816
2817
2475
2097
292
0
0
0
0
0
0
1002
0
0
0
0
0
0
0
0
0
0
0
0
2814
2215
2839
2818
2834
2823
2852
2838
2818
2834
2817
2822
1391
2128
1458
1612
1670
267
1599
1324
1387
1425
307
0
590
0
477
556
575
880
0
1254
1478
1517
2345
2819
2822
2817
2850
2830
2832
2819
2815
2850
2818
2814
2827
2826
151
963
1648
880
1583
2728
2538
2788
1556
2523
2032
1488
0
0
0
0
0
0
0
0
145
0
1057
1554
2854
2819
2832
2825
2818
2850
2602
2257
1439
1177
0
0
2526
1311
1232
2465
2239
2559
882
2836
2849
2431
0
2797
1407
1852
723
2216
2559
2617
2824
2858
2822
2831
2830
2827
2832
2825
2822
2854
2809
2837
2827
2819
2851
2829
2800
2832
2816
2839
2826
2818
2857
2829
2833
2821
2818
2852
2823
2824
0
0
0
0
0
0
0
0
0
0
0
0
599
0
448
510
0
551
0
113
64
0
0
0
2142
2449
1279
2693
2816
2615
2805
2853
2816
2819
2832
2822
2819
2828
2821
2861
2817
2816
2825
2822
2862
2816
2813
2822
0
0
0
0
0
0
0
0
0
0
0
0
1189
2517
2796
2224
2817
2832
2822
2819
2299
2816
2861
2866
89
0
1707
1504
912
134
0
2754
2818
2452
1959
2820
0
221
0
0
0
0
0
0
0
0
0
0
2822
2835
2819
2864
2821
2819
2842
2816
2852
2823
2819
2813
0
724
191
1135
744
1424
1582
913
1727
1360
2279
2160
0
0
0
0
0
0
0
0
0
382
0
229
2007
1323
1767
1637
854
1758
1344
2002
2393
2225
2819
2816
2848
2813
2832
2818
2823
2858
2815
2819
2823
2816
2856
1103
0
0
0
0
0
0
0
542
804
695
1750
459
1223
1218
0
791
511
0
339
0
0
0
0
0
1728
1568
1734
882
1937
1911
1904
2319
1269
2522
2559
2832
2816
2831
2827
2821
2847
2800
2832
2871
2817
2850
2820
2817
2853
2822
2832
2559
2448
799
1472
877
0
0
0
0
0
0
0
0
0
0
0
0
0
0
0
0
2830
2834
2864
2818
2823
2831
2822
2863
2819
2822
2835
2835
277
0
634
0
691
750
346
1109
388
1510
2007
2230
2817
2819
2834
2823
2864
2817
2814
2813
2814
2864
2818
2819
0
368
0
0
0
0
0
0
0
0
0
0
0
0
0
0
0
0
0
0
0
0
124
466
0
327
0
0
184
0
192
0
0
35
0
0
2815
2832
2825
2865
2817
2811
2845
2819
2863
2822
2820
2823
2816
2822
2800
2823
2846
2825
2845
2843
2813
2849
2827
2814
0
0
0
0
0
0
0
0
0
0
0
0
0
0
0
0
0
726
880
1023
1807
1007
2225
2430
2842
2825
2851
2821
2817
2849
2830
2837
2824
2820
2847
2843
2822
2843
2818
2853
2819
2817
2844
2818
2849
2822
2819
2815
638
218
0
0
0
0
0
0
0
0
0
0
0
0
0
0
0
0
0
0
0
0
0
0
0
2116
2011
2550
127
2818
2820
2837
2817
2862
2819
2826
978
1886
1664
1631
1871
801
1719
1456
1376
1751
734
835
2821
2862
2818
2816
2830
2820
2859
2825
2821
2832
2819
2820
2833
2818
2841
2810
2817
2830
2817
2858
2809
2817
2832
2767
0
0
0
0
0
0
0
0
0
0
0
0
0
0
0
33
0
423
612
427
1328
339
1603
2011
2857
2818
2817
2773
2814
2854
2817
2817
2832
2819
2859
2866
0
0
0
0
0
377
0
0
738
0
597
751
2846
2817
2863
2819
2816
2723
2817
2855
2827
2711
1615
974
1335
400
1255
498
802
963
77
1023
560
939
891
849
2819
2815
2832
2776
2864
2817
2822
2853
2817
2852
2821
2819
0
0
0
0
0
0
0
0
0
0
0
0
2801
2864
2823
2818
2375
2826
2156
2380
2202
1535
2286
2375
2832
2781
2864
2829
2818
2837
2833
2864
2816
2813
2831
2838
0
0
87
0
0
160
0
115
338
1063
1168
0
0
95
0
71
0
0
511
0
566
124
526
675
2850
2823
2809
2838
2818
2862
2821
2817
2386
2822
2849
2861
1825
1360
1488
1674
721
0
1442
1091
1611
0
1615
1495
0
0
0
0
0
0
0
0
0
17
0
0
2559
1535
2608
2352
2192
2467
1315
2413
2310
1956
2239
2205
2827
2817
2838
2821
2823
2809
2831
2864
2819
2823
2823
2825
0
0
0
0
0
0
0
0
0
0
0
0
2822
2816
2371
2817
1967
2683
2677
2163
2559
1283
2458
2363
2863
2817
2846
2824
2828
2859
2826
2823
2832
2820
2857
2870
1583
467
1056
176
0
0
0
0
0
0
607
448
0
0
0
0
0
0
0
0
874
1144
501
0
2817
2832
2821
2856
2608
2589
2110
2821
2864
2819
2819
2817
5
0
0
0
0
0
0
0
180
528
2129
1114
0
0
0
0
0
0
0
0
0
0
0
454
2819
2858
2822
2818
2839
2811
2887
2830
2822
2845
2843
2835
2845
2817
2864
2823
2815
2027
2469
1456
2192
2242
1419
1879
0
0
0
0
0
0
0
0
0
0
0
727
1219
1071
0
624
243
843
1079
470
1657
1584
1809
2258
2862
2819
2815
2835
2814
2862
2821
2815
2838
2816
2850
2862
1715
832
735
1015
367
1395
0
0
0
0
0
0
0
0
0
0
0
0
0
0
0
0
0
0
0
0
526
405
1170
1792
1109
2283
2241
2820
2815
2815
2820
2815
2854
2799
2831
2825
2818
2841
2815
2823
2819
2830
0
0
0
0
0
0
0
0
0
0
0
0
0
0
0
0
0
0
0
0
0
0
0
0
2841
2825
2832
2818
2816
2845
2815
2833
2820
2820
2849
2839
2822
2736
2255
1576
0
144
0
257
256
0
0
0
0
0
0
0
0
0
0
0
0
0
0
0
2685
1951
2476
1391
2187
2393
1695
2525
1792
2383
2231
1744
0
0
0
0
0
0
0
0
0
0
773
1084
2859
2819
2820
2827
2829
2861
2825
2819
2831
2815
2853
2857
2818
2863
2820
2811
2828
2810
2854
2865
2815
2831
2817
2816
2827
2820
2847
2826
2835
2914
2816
2852
2816
2832
2826
2820
0
0
0
0
0
0
0
0
0
0
0
0
0
0
0
0
0
0
0
0
0
0
0
0
1435
2134
2431
1935
2656
2105
2751
2815
2291
2815
2864
2855
2559
2848
2821
2815
2838
2819
2850
2819
2817
2838
2833
2816
2837
2822
2861
2825
2817
2835
2818
2864
2815
2820
2875
2845
2818
2834
2815
2853
2815
2817
2838
2815
2883
2805
2814
2818
0
0
0
0
0
0
0
0
0
0
0
0
0
0
0
0
0
0
0
0
0
0
0
0
2818
2820
2830
2816
2879
2818
2814
2835
2822
2857
2819
2819
2843
2813
2834
2822
2827
2848
2819
2832
2819
2815
2850
2846
2817
2839
2815
2835
2823
2822
2850
2884
2800
2815
2829
2815
1103
848
0
0
0
0
0
0
0
0
0
0
0
0
0
0
0
0
0
0
0
0
0
0
0
0
0
0
0
0
0
0
0
0
0
0
448
1264
1279
707
1433
601
1306
1374
709
1524
1132
1458
2817
2864
2819
2803
2832
2816
2864
2819
2815
2833
2815
2815
2827
2640
2866
2711
2819
2826
2804
2864
1455
2816
2621
1095
0
0
0
0
0
0
0
0
0
0
0
0
1104
1228
511
1348
1050
1555
1951
1136
1923
1456
2038
2064
2855
2818
2819
2838
2821
2867
2819
2815
2835
2819
2857
2846
2816
2858
2818
2815
2835
2817
2859
2811
2817
2725
2827
2351
0
0
0
0
0
0
0
0
0
0
0
0
1203
599
1410
1001
1667
1677
1014
1911
1632
2035
2089
2135
2815
2816
2846
2819
2836
2819
2820
2842
2814
2847
2815
2820
2845
2810
2817
2837
2818
2791
2823
2823
2831
2817
2852
2800
2818
2851
2817
2823
2843
2815
2824
2819
2815
2849
2815
2818
2843
2819
2839
2820
2805
2854
2827
2831
2819
2859
2849
2850
2276
1317
2684
2818
2667
2827
2860
2819
2814
2829
2903
2815
2816
2814
2853
2817
2864
2825
2816
2853
2815
2815
2833
2828
2832
2826
2819
2850
2815
2831
2832
2823
2843
2816
2817
2822
207
0
0
0
0
0
0
0
0
0
0
0
0
0
0
0
0
0
0
0
0
0
0
0
2821
2837
2818
2817
2828
2819
2862
2818
2813
2831
2807
2815
657
1120
620
1079
1195
567
1136
760
0
1957
1814
0
529
0
87
0
0
0
0
0
0
0
0
0
0
106
0
86
0
0
335
0
531
371
736
834
2846
2815
2815
2832
2816
2858
2821
2845
2832
2814
2856
1298
0
0
0
0
0
0
0
0
0
0
0
0
2839
2816
2845
2813
2826
2834
2835
2813
2824
2815
2842
2851
0
0
0
0
0
0
0
0
0
0
0
0
1386
1824
799
1867
2110
1619
1940
695
1427
1192
751
0
2817
2825
2819
2864
2815
2823
2837
2811
2864
2816
2832
2825
0
0
0
0
0
0
784
1801
2255
1167
1969
1866
429
1919
2816
2838
2820
2875
2407
2845
2839
2668
2870
2874
2815
2854
2816
2818
2832
2817
2859
2815
2823
2830
2864
2817
839
879
160
1858
2816
2838
2831
2865
2821
2822
2769
2832
2815
2831
2818
2865
2821
2819
2733
2816
2864
2817
2839
2818
479
0
0
0
0
0
0
0
0
0
0
0
