1186
1696
1784
2837
2813
2853
2817
2816
2844
2813
2850
2837
1786
1287
1875
1907
1072
1875
1728
2115
2160
1311
2244
2415
2839
2814
2829
2819
2812
2839
2816
2822
2814
2811
2841
2846
2813
2835
2813
2827
2807
2816
2848
2815
2832
2809
2815
2812
0
0
0
0
0
0
0
0
0
64
0
775
0
0
0
0
0
0
0
0
0
0
0
0
2817
2822
2817
2811
2854
2816
2821
2825
2807
2854
2819
2816
2846
2816
2824
2821
2813
2789
2818
2815
2821
2815
2848
2849
1207
289
1393
1686
1275
2323
1422
2800
2815
2603
2815
2816
0
58
0
0
189
0
272
0
501
503
0
0
2815
2705
2707
2794
2823
2806
2839
2853
2839
2854
2818
2818
2816
2819
2826
2816
2848
2816
2816
2821
2815
2864
2815
2816
2854
2817
2810
2852
2863
2853
2804
2862
1479
2202
0
0
2815
2854
2815
2813
2813
2814
2864
2816
2812
2831
2819
2816
681
1280
418
907
736
0
208
0
0
0
0
0
0
0
0
0
0
0
0
0
0
0
0
0
2832
2800
2873
2822
2656
1265
1506
0
0
0
0
0
1600
1951
1983
1229
2153
1794
1863
2815
2373
2815
2834
2853
1948
1462
1009
1199
0
847
921
872
1387
526
1714
1880
657
1600
1728
1392
1682
643
1665
1535
1477
1829
743
871
2827
2839
2818
2849
2806
2810
2843
2826
2876
2815
2819
2815
0
0
0
0
0
0
0
0
0
0
0
0
0
0
0
0
0
0
0
0
0
0
0
0
2816
2823
2819
2814
2846
2809
2814
2815
2815
2849
2815
2810
2849
2811
2815
2828
2819
2854
2789
2815
2843
2816
2862
2853
2814
2850
2815
2815
2826
2820
2854
2816
2816
2829
2812
2815
0
679
0
532
529
0
592
0
763
705
0
198
2814
2832
2795
2864
2815
2813
2839
2819
2855
2798
2801
2815
873
773
0
719
658
945
1135
445
1168
725
1360
1481
2863
2818
2813
2833
2815
2851
2814
2813
2839
2817
2850
2863
2812
2853
2815
2815
2830
2809
2846
2819
2811
2832
2800
2819
0
0
0
0
0
0
0
0
0
0
0
0
2815
2853
2832
2817
2832
2813
2855
2830
2815
2829
2815
2816
2822
2819
2854
2818
2819
2826
2814
2854
2810
2810
2825
2835
2863
2821
2830
2863
2816
2825
2815
2815
2850
2791
2838
2830
2818
2829
2829
2821
2851
2819
2823
2820
2838
2864
2823
2823
2859
2819
2819
2838
2813
2855
2816
2816
2845
2820
2843
2867
234
0
928
2822
2313
2811
2855
2816
2815
2838
2847
2817
2820
2823
2859
2811
2818
2843
2821
2851
2819
2817
2832
2818
2834
2842
2823
2848
2832
2816
2842
2812
2850
2815
2822
2819
2804
2814
2843
2819
2838
2825
2806
2843
2816
2837
2816
2818
1760
2385
2320
1759
2443
1762
2457
2648
2153
2858
2835
2857
2003
1264
1780
1872
1021
1787
1344
1967
2292
1651
2457
2471
2837
2818
2846
2804
2814
2841
2819
2840
2821
2823
2852
2854
2895
2882
2817
2839
2821
2815
2851
2799
2832
2815
2832
2794
1355
1442
426
1535
1168
1263
1576
399
1445
1462
1316
1695
2672
2138
2548
1361
2559
2510
1917
2318
1471
2555
2609
2420
2821
2829
2213
2821
2853
2816
2827
2820
2817
2860
2815
2819
0
768
896
287
854
0
983
864
387
951
0
0
0
0
0
0
0
0
0
0
0
0
0
0
2119
2719
1555
2652
2515
1775
2444
1456
2298
2253
1727
1713
0
0
0
0
0
0
0
0
0
0
0
0
0
0
0
0
0
0
0
0
0
0
0
0
0
0
0
0
0
0
0
0
0
0
0
0
0
0
0
0
0
0
0
0
0
0
0
0
1251
1853
1168
1875
1912
1327
1925
1493
1963
2035
1407
1447
2807
2818
2811
2852
2818
2819
2834
2815
2854
2825
2817
2818
2815
2814
2837
2814
2832
2819
2815
2849
2821
2823
2827
2832
524
796
886
0
255
456
656
945
0
912
1200
916
2183
1692
2027
1934
991
2037
1970
1831
2069
969
1969
2068
2833
2822
2841
2820
2813
2845
2816
2832
2820
2818
2845
2849
2249
1091
2137
2162
1856
2407
1168
2312
2402
2127
2384
2439
1401
1747
555
1646
1584
1599
1712
746
2155
1924
1687
1775
2432
1861
2128
887
2065
2042
1530
1930
836
2110
1988
1892
1983
2224
2827
2819
2861
2825
2584
2832
2821
2855
2733
2809
0
1285
1088
765
1007
0
1072
1168
935
1170
0
0
1286
258
1104
1082
445
965
16
976
899
0
594
291
2830
2818
2865
2735
2763
2834
2800
2863
2821
2818
2832
2832
837
253
677
0
704
652
0
814
0
689
762
754
0
0
0
0
0
0
0
0
0
0
0
0
1743
2631
2753
1797
2608
1906
2581
2671
2000
2707
2880
2336
0
0
0
0
0
0
0
0
0
0
0
0
0
340
310
0
0
0
0
0
0
0
0
0
2899
2128
2771
2818
2459
2643
1495
2434
2544
2309
2467
2559
615
691
0
2083
1328
1566
1851
1303
1606
744
880
1616
0
0
0
0
0
0
0
0
0
0
0
0
0
0
0
0
0
0
0
0
0
0
0
0
2182
2819
2831
2517
2815
2176
2817
2832
2474
2786
1663
1499
2282
1315
2256
2102
2071
2663
1630
2656
2835
2795
2823
2806
1558
1981
655
1661
1950
1679
1815
755
2122
2040
1841
1744
2821
2832
2817
2865
2818
2817
2834
2816
2859
2817
2814
2819
2786
2829
2827
2816
2860
2818
2839
2815
2817
2914
2818
2795
1665
2407
2437
1639
2444
1888
2404
2345
1714
2387
2020
2048
2808
2864
2818
2811
2823
2810
2857
2817
2822
2723
2818
2821
0
2608
1780
2599
2412
2826
2817
2857
2821
2815
2789
2805
0
0
0
0
0
0
0
0
0
0
0
0
0
0
0
0
0
0
0
0
0
0
0
0
2857
2827
2816
2171
2822
2853
2725
2818
1964
2766
2840
2862
0
0
0
0
0
0
0
0
0
0
0
16
2838
2822
2848
2815
2821
2838
2815
2831
2817
2817
2847
2847
2814
2851
2815
2826
2826
2818
2851
2822
2821
2820
2814
2822
576
1387
22
0
2829
2816
2815
2842
2815
2832
2813
2752
2827
2819
2815
2693
2820
2832
2827
2818
2839
2814
2827
2836
2817
2819
2827
2819
2857
2820
2820
2833
2811
2861
2817
2816
2864
2825
2819
2829
2812
2861
2813
2816
2831
2832
2858
2853
0
0
0
0
41
0
0
0
0
0
0
0
0
0
0
0
0
0
0
0
0
0
0
0
2814
2832
2817
2861
2819
2827
2839
2815
2854
2810
2815
2817
0
0
0
0
0
0
0
0
0
0
0
0
2864
2816
2817
2629
2818
2855
2818
2815
2868
2835
1117
425
2815
2839
2815
2816
2846
2815
2831
2814
2817
2846
2818
2822
1944
2815
2849
2819
2817
2843
2818
2833
2853
2814
2843
2847
0
0
0
0
0
0
0
0
0
0
0
0
1584
2063
415
907
0
0
0
0
0
0
0
0
2830
2816
2821
2847
2823
2819
2821
2811
2846
2813
2828
2818
0
0
0
0
0
0
0
0
0
0
0
0
2843
2818
2833
2825
2818
2848
2818
2830
2818
2821
2856
2858
2815
2846
2820
2823
2827
2821
2857
2816
2823
2832
2813
2818
2811
2813
2852
2819
2819
2757
2826
2902
2830
2806
1375
2832
0
0
0
0
0
0
0
0
0
0
0
0
2820
2819
2835
2816
2863
2820
2817
2832
2817
2855
2815
2815
2848
2800
2807
2031
2815
2903
2817
2819
2838
2816
2863
2841
0
0
0
0
0
0
0
0
0
0
0
0
0
0
0
0
0
0
0
0
0
0
0
0
2814
2837
2817
2859
2815
2816
2837
2816
2844
2813
2817
2819
0
0
0
0
0
0
0
0
0
0
0
0
2830
2819
2813
2848
2800
2830
2819
2813
2851
2816
2832
2825
2811
2813
2837
2811
2853
2816
2830
2810
2813
2848
2815
2751
0
719
0
1997
2831
2847
2820
2826
2818
2814
2839
2841
0
0
0
0
0
0
0
0
0
0
0
0
2821
2817
2854
2814
2830
2820
2820
2854
2814
2832
2822
2762
2816
2825
2816
2847
2809
2819
2829
2815
2847
2814
2823
2827
0
0
0
0
0
0
0
0
0
0
0
0
2861
2813
2815
2833
2791
2838
2785
2727
2832
2813
2843
2839
2827
2857
2798
2820
2828
2789
2883
2819
2810
2831
2813
2819
0
0
0
0
0
0
0
0
0
0
0
0
2817
2837
2818
2829
2814
2815
2832
2816
2842
2817
2813
2814
2813
2813
2833
2812
2849
2820
2813
2832
2813
2841
2815
2816
980
1397
2335
2834
2805
2860
2813
2819
2835
2815
2849
2838
0
0
0
0
0
0
0
0
0
0
0
0
2848
2818
2832
2816
2813
2846
2832
2860
1185
1527
0
0
2815
2838
2818
2835
2799
2807
2846
2829
2848
2812
2813
2814
2821
2814
2858
2839
2811
2287
1619
803
1112
0
0
0
2821
2819
2815
2851
2802
2820
2820
2815
2850
2815
2823
2815
2809
2829
2821
2809
2837
2833
2818
2815
2811
2851
2815
2819
0
0
0
0
0
0
0
0
0
0
0
0
0
0
0
0
0
0
0
0
0
0
0
0
2829
2813
2858
2825
2817
2832
2799
2896
2821
2814
2826
2823
2816
2829
2809
2864
2814
2823
2831
2813
2863
2817
2815
2812
0
0
0
0
0
0
0
0
0
0
0
0
2197
2519
2738
1891
2820
2850
2817
2814
2533
2815
2832
2835
2813
2847
2817
2803
2833
2818
2864
2832
2812
2826
2815
2814
0
0
0
0
0
0
0
0
0
0
0
0
2832
2834
2816
2768
2819
2816
2845
2812
2826
2755
2770
2819
2817
2815
2839
2814
2841
2817
2814
2841
2817
2833
2811
2820
0
0
0
0
0
0
0
858
0
720
0
2448
0
0
0
0
0
0
0
0
0
0
0
0
1207
2134
2050
1579
2013
799
1854
1894
1350
1634
407
373
2814
2842
2820
2832
2809
2811
2842
2815
2832
2818
2816
2818
2608
2816
2625
2817
2816
2383
2815
2851
2821
2811
2791
2830
649
0
461
0
560
624
0
945
503
1483
1510
1775
2871
2828
2803
2817
2841
2819
2870
2823
2814
2834
2817
2821
0
0
0
0
0
0
0
0
0
0
0
0
2505
1535
2488
2608
2382
2775
1602
2788
2827
2513
2812
2782
2826
2813
2850
2816
2821
2817
2845
2857
2768
2802
2817
2818
391
859
1535
1324
2816
2814
2643
2817
2859
2819
2819
2818
0
0
0
0
0
0
0
0
0
0
0
0
1101
1631
1565
701
1279
672
1268
1121
262
739
45
61
2818
2859
2821
2814
2837
2815
2848
2815
2813
2841
2818
2815
2838
2815
2851
2813
2815
2834
2816
2849
2828
2836
2103
481
2677
2002
2821
2841
2817
2818
2842
2813
2835
2818
2817
2811
2812
2819
2836
2815
2855
2814
2816
2832
2815
2849
2816
2757
0
0
0
0
0
0
0
0
0
0
0
0
1227
1888
591
0
0
0
0
0
0
0
0
0
2850
2818
2834
2819
2821
2383
2816
2832
2731
2816
2597
2688
2837
2810
2815
2857
2817
2813
2827
2810
2858
2760
2688
2815
574
816
0
724
524
373
814
0
466
787
566
575
2834
2557
2379
1187
2028
1904
1653
2006
1039
2179
2360
2280
2829
2821
2817
2815
2847
2815
2832
2821
2805
2850
2813
2817
0
0
0
0
0
0
0
0
0
0
0
0
2821
2864
2826
2818
2523
2814
2924
2802
2813
2559
2815
2815
2457
2817
2856
2817
2817
2478
2814
2865
2813
2815
2757
2550
0
0
0
0
0
0
994
1840
125
783
2820
2832
0
0
0
0
0
0
0
0
0
0
0
0
0
0
0
0
0
0
0
0
0
0
0
0
2812
2845
2752
2820
2826
2814
2849
2811
2822
2831
2811
2815
1150
1535
423
1769
1456
1023
1573
471
1482
1419
827
987
2816
2683
2811
2855
2815
2813
2832
2815
2857
2817
2821
2819
2815
2815
2844
2810
2854
2818
2814
2837
2818
2851
2819
2815
0
0
0
0
0
0
0
0
0
0
0
0
850
160
951
991
691
1132
409
1359
1310
752
1391
1409
2843
2815
2841
2814
2817
2843
2811
2831
2821
2813
2848
2845
0
0
0
0
471
1152
1376
2282
864
2559
2816
2817
822
1011
0
815
366
807
880
233
903
460
992
955
538
563
663
0
439
453
0
262
0
250
145
234
2816
2817
2820
2837
2852
2816
2830
2822
2816
2849
2816
2819
1012
2179
2160
1562
2363
1157
2157
2532
2065
2613
1360
2307
1602
587
1807
1913
1535
2176
1295
2480
2808
2207
2815
2821
2820
2816
2847
2816
2843
2823
2819
2843
2815
2843
2819
2819
0
0
0
0
0
0
0
0
0
0
0
0
1661
1535
1297
1693
417
1613
2821
2183
279
0
0
0
0
0
0
0
0
0
0
0
0
0
0
0
2817
2865
2826
2846
2841
2851
2889
0
2801
2842
2814
2587
0
0
0
0
0
0
0
0
0
0
0
0
2812
2832
2819
2860
2811
2813
2247
2784
1822
2397
2346
2460
2815
2807
2827
2810
2857
2734
2814
2829
2803
2854
2811
2815
1095
2015
1456
0
0
0
0
0
0
0
0
0
2830
2845
2807
2822
2846
2815
2848
2825
2815
2851
2814
2833
2835
2820
2847
2815
2815
2843
2830
2839
2815
2819
2838
2846
0
0
0
0
0
0
0
0
924
1527
1710
1568
2816
2816
2832
2815
2864
2815
2818
2832
2814
2860
2814
2817
0
1359
2811
2837
2819
2870
2816
2814
2828
2814
2849
2847
0
852
1939
2817
2832
2853
2841
2817
2815
2835
2816
2811
0
0
0
0
0
0
0
0
0
0
0
0
2810
2857
2811
2848
2815
2817
2843
2815
2832
2809
2783
2815
2808
2816
2843
2815
2828
2850
2810
2853
2810
2832
2823
2787
2010
2828
2816
2720
2807
2845
2769
2832
2852
2810
2816
2784
0
0
0
0
0
0
0
0
228
0
371
866
0
0
0
0
0
0
0
0
0
0
0
0
2815
2847
2816
2834
2819
2816
2843
2829
2839
2819
2818
2802
0
0
0
0
0
0
0
0
0
0
0
0
0
0
0
0
0
0
0
0
0
0
0
0
2813
2817
2820
2814
2854
2815
2816
2831
2813
2850
2785
2777
2860
2817
2815
2833
2814
2859
2824
2810
2831
2813
2862
2853
555
132
720
959
127
1347
1296
1833
2262
1649
2831
2817
2832
2854
2853
2810
2813
2839
2814
2859
2814
2818
2833
2833
0
0
0
0
0
0
0
0
0
0
0
0
1498
1917
1370
2607
2851
2819
2823
2838
2817
2847
2814
2814
0
0
0
0
0
0
0
0
0
0
0
0
2814
2831
2594
2739
2848
2818
2449
2198
2800
2832
1648
1295
2864
2815
2813
2355
2755
1351
2192
1770
937
1237
81
335
2815
2841
2815
2826
2827
2814
2847
2841
2818
2827
2819
2813
2823
2813
2849
2830
2815
2821
2803
2852
2819
2814
2800
2829
2832
2812
2844
2885
2839
2861
2865
2832
1055
1077
675
0
2818
2815
2827
2827
2902
2816
2819
2831
2814
2850
2821
2813
2832
2832
2817
2832
2827
2857
2826
2823
139
0
0
0
0
0
0
0
0
0
0
0
0
0
0
240
0
0
0
0
0
0
0
0
0
0
0
0
0
0
0
0
0
0
0
0
0
0
0
0
2816
2842
2853
1477
2839
2826
2809
2836
2811
2840
2815
2821
2860
2779
2815
1844
2384
1984
2827
2810
2269
2739
2064
1810
2817
2843
2810
2815
2842
2810
2838
2815
2812
2111
2452
2596
2838
2815
2847
2810
2831
2835
2815
2847
2831
2809
2842
2837
0
0
0
0
0
0
0
0
0
0
0
0
2817
2815
2837
2817
1824
2304
2811
2838
2817
2841
2817
2815
1124
788
0
0
0
967
2826
2815
2838
2430
650
142
0
0
0
0
0
1444
1334
1435
0
1619
1991
0
0
0
0
0
0
0
0
0
0
0
0
0
407
0
720
616
415
508
0
503
624
479
845
837
2820
2818
2848
2815
2825
2821
2814
2849
2813
2819
2817
2823
2819
2827
2815
2849
2819
2815
2821
2821
2851
2814
2821
2819
2821
2822
2819
2818
2848
2813
2823
2819
2819
2846
2815
2815
2861
2839
2816
2829
2816
2859
2817
2813
2832
2819
2864
2860
2715
2848
2691
2813
2047
2803
2011
2732
2528
2003
2811
2817
0
0
0
0
0
0
0
0
0
0
0
0
0
0
0
0
0
0
0
0
0
0
0
0
2813
2828
2876
2843
2863
2815
2800
2829
2806
2864
2832
2811
2880
2814
2816
2667
2820
2908
2816
2816
2635
2810
2835
2839
2816
2864
2817
2821
2803
2818
2855
2823
2828
2834
2818
2814
2839
2811
2854
2818
2809
2835
2815
2851
2822
2790
2843
2834
2818
2837
2819
2829
2823
2800
2827
2791
2854
1771
2169
283
2820
2815
2832
2819
2858
2822
2813
2833
2816
2849
2838
2817
2846
2815
2815
2849
2806
2832
2858
2825
2544
2163
1834
596
0
0
0
0
0
0
0
0
0
0
0
0
922
1644
1127
613
393
0
0
1
0
0
0
0
0
0
0
0
0
0
0
0
0
0
0
0
863
1472
300
1215
2687
1616
2096
944
816
0
0
0
2832
2813
2821
2849
2806
2831
2819
2837
2850
2811
2816
2830
1596
1140
631
787
0
400
289
0
471
0
700
971
2853
2807
2815
2821
2815
2851
2816
2818
2827
2764
2837
2858
2751
2864
2814
2812
2832
2815
2858
2817
2835
2790
2819
2807
0
0
0
0
0
0
0
0
0
0
0
0
0
0
0
0
0
0
0
0
0
0
0
0
651
624
0
0
1632
1904
2282
0
2820
2849
2810
2815
0
0
0
0
0
0
0
0
0
0
0
0
606
0
576
601
0
391
0
0
400
0
304
176
2835
2811
2846
2802
2813
2833
2865
2834
2817
2799
2846
2838
2812
2841
2799
2842
2819
2823
2872
2815
2822
2790
2817
2813
2809
2820
2837
2816
2847
2815
2815
2833
2818
2847
2813
2807
2849
2814
2814
2839
2814
2848
2817
2817
2849
2814
2833
2837
2797
2851
2475
2817
2611
2832
2846
2823
2814
2849
2817
2815
2845
2816
2827
2822
2880
2775
2828
2817
2637
2815
2850
2854
2817
2858
2817
2838
2831
2863
2832
2825
2821
2830
2816
2813
1695
2800
2848
2820
2841
2821
2832
2887
2797
2834
2823
2825
1392
988
1218
143
853
683
0
602
0
884
1298
1240
2816
2813
2832
2817
963
1843
2300
2637
2815
2861
2818
2818
2855
2816
2813
2827
2815
2831
2826
2807
2828
2815
2859
2864
2814
2864
2815
2819
2815
2815
2862
2816
2827
2619
2821
2798
0
0
1637
2821
2859
2832
2797
2861
2819
2818
2823
2832
2818
2830
2816
2859
2818
2819
1600
1560
0
560
310
0
2827
2816
2843
2816
2864
2844
2801
2832
2225
2864
2820
2739
0
0
0
0
0
0
0
0
0
1878
2855
2863
2090
1680
1744
1411
0
507
145
0
198
0
0
0
2834
2861
2859
2818
2814
2835
2816
2862
2819
2816
2833
2839
170
0
225
60
0
304
0
67
16
0
485
485
0
0
0
0
0
0
0
0
0
0
0
0
2864
2818
2813
2832
2819
2848
2815
2817
2842
2817
2835
2858
959
62
848
768
0
892
244
759
915
0
844
887
138
978
433
1063
1129
402
1300
916
1264
1435
373
547
2815
2854
2818
2842
2815
2819
2846
2817
2855
2815
2818
2817
0
0
0
0
0
0
1047
0
880
1495
2025
2187
0
0
317
0
396
142
0
307
0
455
352
362
2821
2927
2767
2815
2159
2818
2832
2593
2813
1750
2669
2527
2845
2815
2832
1535
2815
2851
2821
2830
2830
2817
2848
2835
0
0
0
0
0
0
0
0
0
0
143
763
0
0
0
0
0
0
0
0
0
0
0
0
2450
2128
2370
1263
2165
2244
1869
2326
1039
2426
2469
2356
1179
1309
875
1154
203
1266
1328
741
1648
255
1479
1624
400
1404
1343
976
1429
454
1451
1488
736
1424
619
804
2816
2840
2822
2815
2346
2819
2840
2785
2789
2367
2815
2816
343
2822
2885
2829
2805
2832
2817
2864
2828
2819
2832
2832
954
563
784
0
719
768
219
912
0
833
848
834
628
728
0
567
0
357
256
0
367
0
0
0
2855
2848
2817
2843
2819
2863
2835
2816
2832
2817
2862
2862
0
0
0
0
0
0
0
0
0
0
0
64
0
333
0
0
310
0
423
0
509
583
0
0
2793
2832
2817
2864
2821
2816
2831
2887
2855
2817
2797
2822
0
0
0
0
0
0
0
0
0
0
0
0
0
0
0
0
0
0
0
0
0
0
0
0
226
0
0
0
0
0
0
0
0
0
0
0
2837
2821
2880
2832
2832
2835
2826
2851
2816
2811
2842
2848
0
0
0
0
0
0
0
0
0
0
0
0
2820
2825
2841
2817
2272
1375
676
0
0
0
0
0
2846
2800
2815
2839
2816
2839
2815
2815
2843
2733
2832
2844
0
0
0
0
0
0
0
0
0
0
0
0
0
0
0
0
63
0
128
147
0
626
0
0
2822
2842
2819
2837
2827
2821
2851
2816
2823
2820
2827
2790
2823
2827
2851
2815
2814
1936
2806
2847
2812
2701
2822
2827
2816
2819
2819
2846
2820
2827
2819
2807
2858
2815
2812
2816
2707
2427
1360
1843
794
1153
816
0
41
0
0
0
2857
2820
2817
2829
2816
2864
2814
2817
2832
2817
2862
2860
735
0
199
259
0
0
0
0
0
0
0
0
0
0
0
0
0
0
346
176
801
1077
399
631
2814
2825
2821
2859
2816
2815
2832
2817
2870
2817
2791
2819
0
0
0
0
0
0
0
0
0
0
0
0
279
884
1151
239
1211
776
1023
1485
695
1675
1442
1814
2811
2863
2818
2814
2409
2821
2858
2754
2861
2135
2791
2592
0
0
1008
1556
1147
895
1680
1904
2078
1215
1869
2832
0
0
0
0
0
0
0
0
0
0
0
0
2820
2821
2833
2821
2847
2817
2810
2259
2815
2850
2734
2431
2834
2671
2816
1926
2675
2330
2444
2595
1571
2505
2176
2190
413
11
0
0
214
1218
1208
1232
1864
1623
2796
2820
0
828
818
995
1266
450
1535
1492
1535
2035
1023
1239
1190
511
1767
1824
1683
2131
1111
2322
2448
2199
2729
2821
2476
2815
2847
2818
2846
2808
2817
2846
2817
2843
2816
2815
0
0
0
0
0
0
0
0
0
0
0
552
2816
2826
2833
2807
2848
2787
2823
2816
2815
2852
2819
2814
2903
2818
2815
2910
2809
2869
2802
2818
528
2207
1589
1567
2515
2861
2817
2822
2832
2821
2855
2814
2811
2827
2823
2800
0
0
0
0
0
0
0
0
0
0
0
0
2817
2827
2815
2859
2815
2817
2823
2813
2853
2819
2814
2817
0
0
0
0
0
0
0
0
0
0
0
0
0
0
902
1198
2819
2839
2816
2815
2285
2819
2832
2759
0
0
0
1491
880
2741
2893
2810
2803
2845
2846
2806
0
0
0
0
0
0
234
839
2711
2817
2836
2842
2801
1813
2684
2896
2800
2819
2863
2845
2846
2845
2032
1384
2806
2811
2834
2818
2861
2815
2815
2834
2814
2849
2818
2818
2784
2810
2813
2832
2823
2856
2813
2857
2837
2816
2862
2847
1109
770
789
1436
588
1392
1411
1083
1040
0
718
811
639
1324
560
1133
1174
351
1214
656
1060
1134
0
0
2819
2832
2823
2849
2816
2823
2838
2815
2849
2817
2819
2815
0
799
0
861
592
0
643
0
859
1200
1047
1223
0
0
0
0
0
0
0
0
0
0
0
0
1856
1456
1067
983
0
559
464
0
373
0
0
0
0
192
0
0
371
0
0
0
1020
1490
442
2055
2090
1083
1965
1838
2047
2069
1199
2166
2074
2101
2276
2171
826
875
0
528
304
0
21
0
0
0
0
0
2814
2830
2816
2855
2817
2815
2831
2825
2928
2817
2815
2819
0
0
0
0
0
0
184
0
272
0
0
0
0
0
231
0
0
0
0
0
0
0
0
450
2816
2855
2815
2817
2829
2815
2817
2817
2819
2802
2817
2815
0
117
0
0
0
0
0
0
0
111
0
0
1116
415
888
0
592
543
0
384
0
400
683
834
2817
2915
2891
2777
2855
2816
2815
2833
2822
2862
2812
2828
2852
2821
2834
2845
2821
2852
2609
2815
2819
2805
2868
2837
704
0
0
268
0
509
0
641
702
0
816
799
1525
2466
1808
2215
2043
1000
1503
592
976
698
0
0
2817
2834
2813
2858
2770
2807
2827
2819
2849
2816
2817
2818
672
1139
511
1527
1464
1640
1959
863
1905
1844
1715
1311
298
1083
1153
623
1431
672
1315
1258
423
1306
746
688
2810
2852
2818
2815
2101
2643
2244
2669
2816
1999
2819
2816
0
0
0
0
0
0
0
0
0
0
0
0
0
0
0
0
0
0
0
0
0
0
0
0
763
1315
230
1321
1202
587
858
0
0
0
0
0
2813
2823
2818
2830
2819
2833
2821
2797
2848
2815
2336
1232
0
0
0
0
0
0
0
0
0
0
0
0
0
0
0
0
0
0
0
0
0
0
0
0
519
0
0
11
0
0
0
0
0
0
0
48
0
0
0
0
0
0
0
0
0
0
0
0
240
0
0
0
0
0
0
0
0
0
0
0
2811
2811
2826
2814
2854
2818
2815
2828
2813
2851
2817
2815
2859
2800
2700
2835
2819
2857
2813
2834
2826
2819
2871
2853
2814
2852
2819
2815
2826
2815
2861
2818
2815
2831
2818
2815
2839
2814
2848
2815
2814
2841
2819
2855
2814
2815
2842
2815
2815
2836
2819
2838
2864
2815
2865
2819
2832
2833
2758
2806
0
0
0
0
0
0
0
0
0
0
0
534
0
0
0
0
0
0
0
0
0
0
0
0
2815
2862
2830
2818
2832
2833
2861
2816
2810
2526
2817
2833
1809
2475
2096
2368
2479
1332
2735
2096
2448
2817
2005
2151
1059
469
1191
518
1382
1287
689
1483
1122
1535
1731
1809
2826
2818
2834
2817
2861
2814
2813
2833
2821
2864
2818
2826
2854
2819
2814
2838
2819
2873
2815
2815
2849
2823
2835
2853
0
0
0
0
0
0
0
0
39
0
0
10
0
570
262
0
0
0
0
0
0
0
0
0
2823
2849
2815
2833
2816
2822
2827
2822
2831
2819
2821
2817
0
0
0
0
0
0
0
0
0
0
0
0
1252
1085
1473
219
1353
1456
989
1472
399
1611
1504
1535
2815
2831
2829
2817
2847
2807
2831
2818
2815
2849
2819
2820
1283
2453
2441
2109
2384
1336
2368
2480
1946
2817
2859
2848
0
0
0
0
0
0
0
0
0
0
0
0
2831
2821
2862
2821
2817
2823
2817
2864
2807
2819
2315
1493
2816
2825
2819
2861
2812
2810
1579
291
0
0
0
0
2341
827
0
0
0
0
0
0
0
0
0
0
0
0
0
0
0
0
0
0
0
0
0
0
144
0
0
0
0
0
0
0
0
0
0
0
0
0
0
0
0
0
0
0
0
0
0
0
0
0
0
0
0
0
0
0
0
0
0
0
0
342
0
611
860
1328
2165
2047
2814
2837
2816
2815
0
0
0
0
0
0
0
1242
97
2720
2843
2826
687
964
1115
2113
1339
2817
2832
2816
2815
2839
2800
2818
0
0
0
0
0
0
0
0
0
0
0
0
2853
2847
2815
2832
2823
2813
2855
2820
2819
2823
2821
2815
0
0
0
0
0
0
0
0
0
0
0
0
0
0
0
0
0
0
0
0
0
0
352
997
2817
2827
2819
2816
2850
2811
2832
2825
2817
2851
2811
2731
0
593
801
0
1081
480
1455
1871
1595
2353
1696
2800
1491
0
746
586
0
0
0
0
0
0
0
0
2829
2811
2851
2822
2818
2838
2817
2839
2814
2814
2845
2849
738
87
1918
911
1769
1855
1331
2816
2864
2819
2764
2814
2816
2818
2832
2817
2862
2819
2811
2835
2816
2858
2820
2819
551
1717
1833
1263
2112
1365
2165
2453
1819
2752
2851
2861
353
0
0
342
0
432
0
692
810
171
1156
1275
0
0
0
0
0
0
0
0
0
0
0
0
1924
851
1272
277
681
391
0
0
0
0
0
0
2810
2800
2846
2818
2832
2821
2816
2385
2614
2208
1916
1469
2858
2447
2255
0
1715
1572
847
0
0
160
0
0
0
0
0
0
0
0
0
0
0
0
0
0
0
0
0
0
0
0
0
0
0
0
0
0
2021
1981
2815
2832
2643
2814
2846
2821
2837
2813
2814
2818
1480
1774
237
1340
1046
319
723
0
0
0
0
0
0
0
0
0
0
0
0
0
0
0
0
0
2810
2827
2831
2805
2859
2817
2810
2825
2814
2831
2815
2816
2865
2818
2811
2291
2815
2864
2818
2817
2339
2823
2853
2855
1364
0
1247
1272
875
1200
119
1248
1300
823
1392
1487
2667
2816
2841
2817
2819
2423
2815
2247
2819
2817
2385
2068
0
0
0
0
0
80
0
2083
867
1952
2818
2859
64
415
0
0
0
0
712
0
0
0
0
0
2859
2815
2819
2827
2791
2854
2821
2818
2618
2790
2852
1523
2816
2862
2821
2815
2831
2818
2864
2819
2819
2832
2814
2818
0
0
0
0
0
0
107
0
716
624
0
493
1446
785
1453
876
1479
1503
903
1671
1040
1757
1904
1915
2817
2817
2834
2815
2863
2814
2842
2509
2816
2862
2818
2821
632
1152
0
639
1217
785
1261
1000
494
1201
848
602
208
0
0
207
0
317
69
0
304
0
355
286
1181
2219
1912
1947
2032
1146
2058
2060
1895
2045
1071
932
2817
2843
2815
2842
2772
2821
2842
2822
2864
2814
2816
2818
0
368
0
234
273
0
418
0
257
416
0
0
872
624
734
0
577
544
0
238
0
0
134
0
2817
2832
2823
2819
2851
2822
2832
2822
2813
2841
2820
2821
0
1114
1088
671
999
0
1021
1018
703
1121
13
0
0
0
0
0
0
0
0
0
0
0
206
230
2815
2821
2870
2818
2823
2763
2817
2864
2811
2817
2813
2832
0
0
0
0
0
0
0
0
0
0
0
0
0
0
0
0
0
0
0
0
0
0
0
0
2647
2813
2843
2820
2817
2183
2819
2845
2763
2825
1995
1841
2819
2256
2819
2816
2835
2818
2875
2820
2819
2829
2817
2819
0
0
0
0
0
0
0
0
0
0
0
0
2009
1456
1712
477
1360
1312
816
1492
239
1248
1230
1242
2816
2817
2820
2815
2862
2813
2811
2841
2813
2835
2815
2810
2854
2814
2805
2832
2817
2861
2827
2815
2832
2811
2873
2881
2803
2857
2818
2813
2818
2818
2861
2815
2817
2832
2816
2775
2832
2818
2859
2815
2807
2831
2816
2861
2821
2817
2833
2835
2127
582
1381
1985
2387
0
2549
2817
2847
2821
2814
2815
668
801
0
447
16
532
564
0
439
0
430
484
480
938
854
0
715
263
492
528
0
320
8
0
2806
2881
2817
2811
2831
2806
2884
2803
2802
2861
2860
2423
0
0
0
0
0
0
0
0
0
0
0
0
585
0
86
0
0
0
0
0
0
0
0
0
2815
2814
2847
2816
2829
2815
2822
2841
2794
2817
2827
2791
786
853
363
0
0
0
0
0
0
0
0
0
2768
2841
2777
2819
2125
2821
2835
2589
2800
2123
2779
2831
2846
2819
2822
2820
2818
2849
2822
2833
2832
2807
2848
2635
2816
2864
2805
2827
2828
2815
2854
2821
2819
2818
2814
2800
0
0
0
0
0
0
0
0
0
0
0
0
1840
1055
1401
207
1086
976
0
568
0
71
145
263
2822
2822
2825
2817
2848
2818
2817
2825
2819
2922
2800
2816
0
0
0
0
336
0
0
895
279
848
358
154
1115
0
1269
1190
866
1255
381
1532
1655
1185
1851
2035
2836
2816
2851
2815
2815
2833
2815
2857
2910
2800
2836
2837
2207
1279
2076
1285
2271
1899
1183
2024
1589
1793
2813
2819
0
208
0
0
0
0
108
0
140
0
0
0
2848
2699
2815
1783
2603
2672
2282
2481
1519
2455
2096
2153
2822
2851
2817
2736
2844
2813
2848
2819
2815
2847
2817
2826
0
0
0
0
0
0
0
0
0
0
0
0
0
0
0
0
0
0
0
0
0
0
663
2081
2815
2811
2842
2816
2832
2821
2832
2850
2816
2832
2813
2820
0
0
0
0
0
0
0
0
0
0
0
0
0
0
0
0
0
0
0
0
263
0
1521
2815
2843
2815
2834
2815
2873
2838
2815
2836
2809
2815
2843
2839
2813
2847
2815
2933
2842
2800
2796
2913
2832
2791
2824
2825
2467
2267
883
1417
584
0
0
0
0
0
0
0
0
0
0
0
0
0
0
0
0
0
0
0
0
0
0
0
0
0
0
0
67
0
1406
951
0
0
0
0
0
0
0
0
0
829
442
1232
1466
749
2165
2512
2103
2815
2864
2816
2815
2826
2814
2812
2832
2813
2862
2814
2801
2832
2815
2860
2821
2817
2831
2832
2803
2837
2813
2896
2827
2813
2826
2833
2850
2824
2817
2821
2779
2821
2834
2822
2861
2816
2815
2833
2816
2858
2811
2815
2858
2802
2820
2848
2816
2860
2818
2813
2832
2816
2813
2864
2818
2860
2698
2821
2819
2800
2859
2849
2807
2830
2816
2813
0
316
115
706
1006
653
1786
1744
2545
2813
2304
2858
0
0
0
0
0
564
0
935
412
1119
1296
1586
2815
2815
2837
2822
2834
2819
2817
2845
2814
2823
2832
2817
0
0
0
0
0
0
0
0
0
0
0
0
368
240
0
432
0
483
496
143
689
0
795
785
2848
2822
2821
2818
2797
2846
2815
2823
2818
2813
2849
2850
1368
151
1258
1586
981
1650
0
1616
1256
1387
71
1953
0
165
0
9
216
0
359
0
479
544
0
0
2818
2826
2818
2847
2822
2821
2825
2815
2861
2821
2816
2819
2815
2814
2526
2806
2880
1487
2817
2717
2814
2215
2816
2823
0
0
0
0
0
0
0
0
0
0
0
0
2446
991
1926
1570
909
1169
0
624
423
0
0
0
2832
2818
2874
2814
2803
2850
2811
2861
2820
2816
2832
2982
2832
2841
2814
2849
2818
2813
2839
2815
2855
2818
2833
2816
2825
2832
2878
2815
2832
2819
2814
2847
2811
2822
2829
2869
2837
2813
2815
2833
2818
2857
2814
2813
2843
2814
2739
2830
2823
2860
2832
2813
2854
2832
2846
2813
2915
2855
2815
2814
0
217
403
1134
1901
1567
2815
2845
2818
2818
2843
2813
0
0
0
0
0
0
0
0
0
0
0
0
2822
2818
2886
2819
2818
2821
2821
2850
2813
2807
2726
2261
0
0
0
0
0
0
0
0
0
0
0
0
0
0
0
0
0
0
0
0
0
0
0
0
2865
2807
2814
2827
2813
2853
2823
2726
2849
2813
2850
2774
0
46
0
0
0
0
0
0
0
0
648
1750
0
413
0
560
739
0
791
310
1168
1203
367
267
2833
2815
2814
2843
2835
2832
2812
2811
2839
2816
2833
2835
1326
1840
1474
2458
2815
2819
2815
2831
2822
2858
2817
2816
0
0
0
0
0
0
0
0
0
0
0
0
0
0
0
0
0
0
0
0
0
0
0
0
2878
2818
2864
2839
2818
2842
2835
2834
2815
2814
2839
2843
0
0
0
0
0
0
0
0
0
0
0
0
2787
2807
2843
2821
2850
2817
2815
2839
2815
2826
2815
2842
2832
2818
2811
2848
2810
2833
2817
2829
2846
2773
2813
2814
2812
2855
2817
2782
2828
2828
2841
2878
2826
2737
2822
2162
883
1582
1344
891
1183
114
1535
2064
1973
2823
2853
2861
0
0
0
0
0
0
0
0
0
0
0
0
2825
2813
2853
2810
2815
2826
2818
2851
2810
2822
2816
2303
0
0
0
0
0
0
0
0
0
0
0
1212
0
0
0
0
0
0
0
0
0
0
0
0
2859
2817
2815
2827
2815
2862
2813
2826
2825
2816
2857
2860
261
0
0
479
0
532
84
715
651
0
725
786
2838
2820
2858
2814
2816
2834
2815
2850
2826
2817
2838
2846
2811
2832
2814
2863
2812
2817
2827
2815
2859
2815
2817
2814
0
0
0
0
0
0
0
0
0
5
847
1232
423
1013
972
0
606
58
569
492
0
250
21
0
0
0
0
0
0
0
0
0
0
0
0
0
2836
2772
2826
2816
2816
2850
2815
2831
2822
2819
2845
2843
299
0
0
0
0
0
0
0
0
0
0
0
0
0
0
0
0
0
0
0
0
0
0
0
2816
2843
2817
2901
2821
2810
2823
2802
2861
2815
2821
2790
2821
2817
2832
2823
2865
2818
2819
2850
2801
2844
2847
2800
2862
2817
2815
2830
2816
2859
2818
2816
2827
2813
2852
2851
2813
2860
2809
2819
2818
2842
2838
2832
2809
2855
2837
2815
763
2688
1183
2111
2529
2822
2795
2875
2794
2789
2832
2832
0
0
0
0
0
0
0
0
0
0
0
0
762
887
221
643
0
412
555
0
448
0
0
0
2837
2832
2800
2854
2800
2839
2827
2804
2858
2819
2843
2857
0
0
0
0
0
0
0
0
0
0
0
0
357
1198
742
429
736
0
533
564
687
1098
262
399
2815
2848
2814
2822
2817
2811
2838
2805
2793
2822
2807
2819
1959
2346
977
2151
2112
1715
2080
999
2175
2150
1971
1615
0
0
0
0
0
0
0
0
0
0
0
0
2137
1920
1779
2006
967
1963
1778
1615
1840
752
1604
1705
945
2183
1869
2805
2819
2848
2344
2821
2790
2800
2843
2847
0
0
0
0
0
0
0
0
0
0
0
0
375
592
0
252
296
0
0
0
0
128
0
0
2815
2819
2816
2858
2816
2815
2830
2831
2859
2818
2815
2815
2818
2819
2832
2823
2853
2710
2814
2830
2821
2854
2806
2813
16
877
906
726
1465
722
1680
2134
1255
2032
1200
1299
2711
1395
1694
1379
862
1392
155
269
0
0
0
0
0
0
0
0
0
0
0
0
960
2037
2136
2832
0
0
0
0
0
0
0
0
0
0
0
0
0
0
0
0
350
2130
2815
2839
2821
2862
2820
2818
2838
2815
2818
2858
2819
2838
2819
2818
2847
2799
2832
2827
0
0
0
0
0
0
0
0
939
737
2222
2802
0
0
0
0
0
0
0
0
0
0
0
0
2813
2843
2816
2837
2826
2819
2346
2764
2820
2463
2810
2719
2827
2831
2852
2815
2819
2826
2807
2870
2893
2820
2835
2821
666
0
0
0
0
0
0
0
0
0
0
0
2072
1936
1391
1725
543
1499
1424
1071
1462
433
1375
1108
0
0
0
1067
1556
555
1591
2385
2787
2817
2848
2922
531
0
788
949
707
1367
151
1411
1478
932
1299
1255
1165
1667
1260
1717
1646
783
1587
1600
1457
1655
727
528
2831
2828
2795
2848
2899
2822
2900
2817
2847
2832
2849
2788
1680
1802
1215
2084
1274
1987
2326
1969
2763
2074
2818
2823
2832
1835
1531
947
2120
16
0
752
0
0
0
0
2816
2857
2815
2818
2838
2813
2849
2817
2823
2839
2816
2823
1387
1863
1584
1520
1519
401
1216
26
440
1103
17
220
0
0
0
0
0
0
0
0
0
0
0
0
2328
2809
2656
2037
1512
1330
1570
503
1425
1456
1006
1359
2821
2819
2819
2864
2817
2821
2825
2810
2855
2823
2817
2821
0
0
0
0
0
0
0
0
0
0
0
0
863
1628
1440
1218
1392
0
1021
820
401
643
0
0
2814
2847
2815
2862
2819
2816
2849
2815
2817
2827
2819
2815
0
48
0
0
208
0
128
0
0
208
0
0
0
0
0
0
0
0
0
0
0
0
247
255
2822
2822
2831
2814
2880
2787
2815
2827
2815
2855
2815
2818
0
0
0
0
0
0
0
0
16
829
849
784
762
384
894
975
112
954
480
561
816
97
1185
975
2841
2814
2854
2603
2363
1671
2818
2842
2821
2815
1671
1527
2817
2835
2559
2863
2821
2818
2840
2816
2862
2813
2815
2816
0
59
0
0
0
0
0
0
0
0
0
0
0
0
305
0
162
0
0
137
0
96
0
0
2269
2400
2759
2832
2693
2896
2839
2815
2815
2837
2817
2815
0
0
0
0
0
0
0
0
0
0
0
0
0
0
0
0
0
0
0
0
0
0
0
0
2815
2818
2851
2815
2816
2823
2817
2848
2817
2744
1871
997
2847
2823
2807
2850
2813
2826
2733
2815
2861
2817
2816
2785
1333
968
0
0
0
0
0
0
1252
1116
2818
2818
799
2809
2816
2843
2817
2863
2825
2818
2837
2818
2864
2864
0
0
0
1709
2158
2361
367
495
184
0
1669
2815
0
0
0
0
0
0
0
0
0
0
0
0
2813
1994
1635
0
0
0
0
0
0
0
0
0
2819
2821
2842
2815
2842
2816
2813
2833
2795
2849
2816
2816
0
0
0
0
0
0
0
2042
2842
2825
2837
2862
262
0
0
0
0
0
0
0
0
0
0
0
2839
2822
2845
2639
2597
1475
2553
2432
2615
2819
2840
2851
2399
1208
1858
1760
1428
2125
1406
2362
2840
2835
2815
2817
0
0
0
0
341
1489
2022
1590
2515
2845
2819
2821
1376
1387
1440
203
713
91
0
0
0
0
0
0
2814
2833
2821
2815
2852
2823
2832
2822
2817
2851
2813
2819
2845
2817
2837
2827
2815
2544
2533
2072
1571
2075
1021
675
0
0
148
922
1253
2127
1347
2828
2829
2823
2817
2816
1715
1858
400
1249
1312
535
672
0
0
0
0
0
1013
0
827
474
0
747
0
967
226
0
2817
2821
2820
2815
2832
2816
2861
2815
2819
2826
2822
2855
2820
2827
0
0
0
0
0
0
0
0
0
0
0
0
2821
2835
2818
2810
2837
2817
2828
2818
2821
2840
2819
2815
2838
2815
2851
2826
2819
2836
2814
2832
2816
2816
2843
2853
1397
279
938
94
0
59
0
0
0
0
0
0
2815
2815
2841
2816
2841
2816
2821
2123
2816
2840
2811
2814
1440
2817
2817
2837
2817
2855
2817
2821
2887
2468
681
0
0
0
0
812
383
1582
1152
1115
912
0
584
358
2838
2817
2832
2832
2815
2848
2805
2821
2827
2820
2857
2816
0
0
0
1744
2453
2821
2851
2823
2838
1968
1511
456
0
176
0
2240
2819
2828
2816
2852
2815
2817
2801
1492
0
0
0
0
0
1336
2353
2816
1680
2046
1535
2544
2817
2848
2817
2814
2847
2822
2837
2824
2817
2846
2813
2819
0
0
0
0
1395
627
1171
511
0
1433
2862
2859
2817
2875
2818
1998
50
3
0
0
0
0
0
114
1489
2045
1377
2220
2815
2823
2815
2876
2832
2818
1511
946
2818
2825
2819
2832
2821
2821
2833
2818
2859
2820
2479
2047
0
0
0
0
0
0
0
0
0
0
0
0
2851
2817
2823
2834
2815
1361
808
1408
1303
2818
2834
2835
1019
11
0
1615
701
1391
320
0
234
0
0
0
0
1870
2850
2816
2818
1191
0
0
0
0
0
0
2221
1311
2256
2212
2237
2448
1119
1606
1197
528
537
411
2815
2832
2843
2816
2823
2822
2820
2854
2815
2823
2793
2815
0
0
160
0
296
0
0
0
0
1230
2016
2724
0
473
0
1
0
0
0
0
0
0
0
0
674
1679
1373
1393
1586
908
2310
2354
2119
2250
1459
2419
0
0
0
0
0
0
0
367
199
0
2812
2818
1079
1002
0
924
784
393
807
0
1013
988
688
800
1696
1479
1612
752
1904
1828
1717
1798
699
1708
1632
1888
2815
2851
2815
2817
2895
2892
2843
2819
2814
2842
2826
2817
350
1264
884
998
1249
394
1291
880
1201
1301
432
719
1793
748
1699
1507
794
1367
285
1207
1252
809
1367
1312
2818
2819
2857
2821
2823
2832
2817
2848
2819
2823
2826
2821
1641
1221
2158
1632
2133
2076
1463
2187
1664
2118
2371
2256
0
268
0
400
0
10
496
0
527
0
162
509
0
807
832
223
1140
0
679
918
173
830
0
0
1524
560
0
1535
1387
1943
554
0
2810
2832
2816
2814
0
599
0
400
482
0
381
0
51
553
0
0
2306
1479
2326
1888
1988
2113
1234
2078
2064
1777
1877
1744
2821
2816
2842
2814
2839
2821
2822
2847
2829
2835
2823
2821
221
0
236
0
352
0
0
176
0
267
25
0
0
0
0
0
0
0
0
0
0
0
0
0
2641
2819
2838
2697
2817
2433
2817
2827
2443
2815
2599
2796
0
0
0
0
0
0
0
0
0
0
0
0
0
155
0
0
0
0
106
0
195
0
0
0
2823
2827
2817
2853
2818
2825
2827
2833
2838
2825
2807
2804
2819
2830
2823
2810
2840
2815
2823
2825
2818
2850
2815
2819
87
1153
1282
603
1517
667
2229
1334
410
1641
1119
581
2816
2855
2816
2815
2830
2810
2832
2846
2816
2187
2780
2510
2823
2802
2861
2821
2800
2838
2819
2854
2830
2819
2839
2828
342
0
234
0
523
652
0
913
27
970
983
958
245
400
0
488
0
553
682
0
621
0
816
843
1338
2320
2327
1637
2315
1491
2268
1972
1425
2183
1483
1561
1446
273
1283
1376
659
1190
430
1402
1255
629
1431
1224
0
79
0
0
80
0
144
0
0
37
0
0
2364
1859
2277
1474
2295
2345
1675
2218
1361
2242
2134
2076
2823
2819
2833
2800
2860
2822
2813
2828
2825
2863
2815
2781
0
0
0
0
0
0
0
0
0
0
0
0
938
129
554
468
0
341
0
334
480
0
432
618
2845
2831
2811
2832
2821
2836
2817
2830
2819
2823
2845
2853
0
0
0
0
0
0
0
0
0
0
0
0
0
0
0
0
0
0
0
0
0
0
0
0
2839
2814
2813
2841
2816
2823
2821
2817
2837
2823
2896
2832
0
620
0
2818
2843
2864
2824
2813
2816
2914
2801
2815
2853
2816
2827
2821
2811
2842
2818
2832
2819
2813
2854
2842
1599
272
1472
1185
816
1115
0
991
992
589
839
885
2778
2807
2852
2818
2828
2816
2814
2855
2838
2731
2785
2823
0
0
0
0
0
0
0
0
0
0
528
1012
80
239
0
244
0
0
122
0
279
0
0
510
2855
2814
2825
2832
2818
2860
2817
2829
2831
2817
2854
2847
1618
496
1409
1418
707
1322
623
1471
1633
1127
0
1777
0
0
0
0
0
0
0
0
0
0
0
0
2853
2829
2817
2858
2821
2818
2831
2817
2862
2815
2816
2823
2822
2819
2399
2798
2849
2811
2817
2835
2827
2861
2817
2815
0
0
0
0
0
0
0
0
0
0
0
0
2347
2055
2123
2255
959
1971
1608
1614
1628
695
1432
1457
2839
2819
2847
2819
2819
2849
2822
2842
2819
2823
2850
2849
0
0
0
0
0
0
0
0
0
0
0
0
0
0
0
0
0
0
0
0
0
0
0
0
2835
2832
2817
2843
2820
2832
2777
2817
2863
2800
2835
2832
2828
2815
667
0
0
0
0
0
0
0
0
0
995
1801
1796
1859
2812
2845
2832
2864
2822
2819
2846
2844
1535
66
0
0
0
0
0
0
0
0
0
0
0
0
0
0
0
0
2819
2858
2823
2811
2834
2829
0
0
0
886
2821
2813
2839
2819
2853
2822
2818
2817
657
139
0
0
0
0
1230
1535
2815
2854
2820
2819
2864
2819
2820
2000
1651
38
235
0
0
0
0
0
2818
2876
2815
2832
2834
2877
2842
2823
2783
1488
1356
747
0
371
416
741
1363
1119
2814
2831
2823
2827
2855
2853
2835
1886
2370
1558
1984
1906
931
1724
1008
1575
1708
1755
2384
2817
2223
2552
2843
2806
2811
2889
2821
2847
2823
2815
2559
2312
2473
1419
2192
2170
1726
2195
1123
2455
2785
2822
2821
2815
2832
2813
2857
2811
2817
2831
2819
2865
2817
2837
2839
2816
2829
2930
2813
2835
2812
2832
2815
2814
2847
2842
529
0
304
244
0
353
0
181
214
0
316
212
0
336
0
0
128
0
58
0
0
237
0
0
2819
2817
2815
2853
2820
2829
2821
2812
2850
2818
2818
2816
0
0
0
0
0
0
0
0
0
0
0
0
216
1182
1218
423
1111
529
1179
1383
503
1375
778
1072
2814
2592
2730
2584
1982
2622
1413
2404
2496
1916
2440
2471
427
823
383
2060
2242
1872
1975
2863
2815
2818
2831
2877
0
0
0
0
0
0
0
0
0
0
0
0
1742
1686
1127
1639
663
1535
1613
763
1388
285
1171
1040
2878
2715
2809
2211
2825
2845
2581
2815
1847
2725
2559
2848
0
0
0
140
0
0
0
462
448
0
441
685
0
0
0
0
0
0
0
0
0
0
0
0
2817
2543
2816
2849
2798
2815
2167
2817
2863
2818
2818
2811
1103
1188
494
1280
504
1095
1583
555
1327
845
0
1384
784
1411
1532
611
1279
1092
1002
1259
399
1329
1380
1440
2047
1280
2159
2153
1471
2033
1268
2047
2039
1417
2079
2055
2848
2902
2775
2828
2821
2817
2817
2846
2819
2819
2843
2833
0
0
0
0
0
0
0
0
0
0
0
0
1790
1440
0
629
72
0
0
0
0
0
0
0
2822
2814
2834
2845
2807
2838
2817
2815
2836
2806
2832
2767
2815
2832
2803
2826
2850
2815
2826
2813
2817
2843
2816
2800
2853
2816
2816
2830
2816
2863
2823
2806
2832
2813
2860
2841
2813
2838
2815
2837
2814
2815
2853
2817
2823
2811
2805
2842
1935
2817
2829
2821
2826
2886
2805
2845
2827
2664
2817
2826
2789
2818
2811
2834
2812
2830
2832
2761
2851
2814
2816
2839
2818
2819
2821
2815
2853
2867
2801
2820
2815
2855
2823
2810
2849
2826
2865
2823
2813
2832
2815
2821
2830
2812
2859
2856
2816
2864
2719
1986
580
913
304
50
0
0
0
0
0
0
0
0
0
0
0
0
0
0
0
0
2829
2219
2314
813
1367
1451
1287
2185
1359
2551
2495
1699
995
1365
577
833
0
0
0
0
0
0
0
0
0
0
0
0
0
0
0
0
0
0
0
0
2826
2858
2818
2813
2832
2815
2859
2825
2816
2833
2810
2817
0
2811
2850
2819
2829
2844
2817
2856
2811
2815
2836
2865
1976
1327
2446
2832
2823
2816
2845
2820
2841
2816
2819
2811
1817
2253
1745
2816
2834
2818
2841
2849
2815
2832
2825
2832
2849
2800
2818
2841
2815
2851
2816
2821
2833
2814
2849
2843
0
0
0
0
0
0
246
1250
2097
2000
2814
2821
0
0
0
0
0
0
0
0
0
0
0
575
0
0
0
0
0
0
0
0
0
0
0
0
0
0
0
0
0
0
0
0
0
0
0
0
594
0
0
0
0
0
0
0
0
0
0
0
2813
2833
2823
2815
2846
2814
2828
2821
2815
2853
2822
2819
2854
2821
2988
2819
2816
2846
2804
2827
2825
2821
2848
2855
0
0
0
0
0
0
0
0
842
0
263
545
0
0
0
0
0
0
0
0
0
0
0
0
2822
2822
2815
2858
2817
2817
2832
2822
2859
2819
2815
2822
2818
2820
2834
2850
2774
2799
2813
2834
2809
2851
2815
2817
0
907
1437
1223
2319
2000
2819
2829
2747
2755
2856
2861
0
0
0
0
0
0
0
0
0
0
700
960
0
0
0
0
0
0
0
0
0
0
0
0
0
0
0
0
0
0
0
0
0
0
0
0
1853
1267
0
592
553
439
536
0
0
0
0
0
2858
2827
2819
2815
2816
2861
2810
2818
2837
2817
2869
2847
2817
2832
2821
2814
2838
2816
2829
2821
2813
2854
2815
2813
0
1518
1858
2192
2817
2846
2817
2834
2832
2816
2850
2854
997
0
0
0
0
0
0
0
0
0
0
0
2832
2813
2850
2823
2815
2822
2818
2858
2822
2821
1867
867
0
0
0
0
0
0
0
0
0
0
0
0
0
0
1023
2817
2861
2816
2818
2832
2837
2864
2819
2817
2955
2708
2800
2785
2814
2832
2782
2826
2832
2825
2885
2861
2815
2857
2827
2817
2827
2817
2853
2811
2805
2819
2815
2119
2838
2829
2852
2815
2816
2825
2812
2848
2489
1954
1011
367
2685
2707
2816
2861
2821
2833
2828
2816
2864
2807
2814
2860
2822
2819
2832
2817
2855
2815
2818
2834
2818
2859
2814
2820
0
0
93
0
273
0
668
930
283
1258
944
1408
2823
2857
2816
2816
2843
2816
2857
2818
2816
2837
2811
2813
2832
2688
2869
2816
2812
2832
2823
2859
2818
2806
2861
2829
2537
1963
2605
1712
2321
2290
1843
2512
2656
2790
2823
2755
2816
2813
2832
2813
2862
2816
2821
2826
2816
2849
2819
2818
2860
2816
2818
2842
2817
2860
2819
2820
2853
2815
2849
2849
290
52
0
384
0
423
280
0
304
0
335
333
0
189
0
0
102
0
0
0
0
0
0
0
2813
2839
2815
2839
2816
2816
2849
2822
2831
2816
2811
2818
0
0
0
0
0
0
0
0
0
0
0
0
0
0
48
0
93
307
0
264
0
96
149
306
2818
2832
2818
2815
2847
2822
2832
2817
2825
2853
2828
2822
0
0
0
0
0
0
0
0
0
373
0
288
506
0
301
268
0
483
0
505
438
0
411
479
1535
2094
1135
1828
2039
1314
1916
932
1648
1751
1015
1057
2821
2827
2811
2470
2816
2831
2817
2816
2849
2822
2829
2832
0
0
0
0
0
0
0
0
2
0
0
0
0
0
129
0
129
0
0
0
0
210
0
0
2800
2857
2816
2815
2832
2811
2864
2815
2822
2836
2825
2816
1231
1751
666
1791
1807
1170
511
847
1681
1749
1280
1203
712
0
695
19
699
768
0
791
308
815
864
714
306
436
0
208
0
0
126
0
346
0
589
778
0
2821
2818
2832
2813
2860
2817
2816
2832
2832
2845
2752
2789
2850
2816
2806
2858
2833
2836
2815
2802
2847
2821
2817
0
112
0
0
0
0
0
0
0
0
0
0
2807
2833
2814
2851
2815
2816
2832
2815
2864
2822
2816
2817
0
0
0
0
0
0
0
0
0
0
0
0
2340
2072
1629
192
666
0
0
0
0
0
0
0
0
0
0
0
0
0
0
0
0
0
0
0
2838
2813
2848
2815
2832
2828
2822
2840
1999
1479
0
82
0
0
0
0
0
0
0
0
0
0
0
0
2817
2815
2850
2815
2832
2814
2817
2841
2819
2833
2823
2815
0
0
819
127
1976
2830
2828
2815
2862
2799
2822
2816
0
0
0
0
0
0
0
0
0
0
0
0
2843
2833
2830
2817
2813
2849
2818
2444
1413
1225
0
0
2822
2851
2818
2815
2832
2817
2861
2812
2475
1233
1123
325
0
675
0
1106
1470
1472
2431
1503
2826
2817
2832
2825
643
0
602
0
914
1235
703
1763
996
1883
2106
2173
0
0
0
0
0
0
0
0
0
0
0
0
2864
2814
2817
2844
2800
2858
2826
2817
2831
2814
2841
2840
192
0
0
231
0
15
0
0
36
0
231
276
0
0
0
0
0
0
0
0
0
0
0
0
2816
2832
2815
2864
2810
2815
2833
2816
2859
2817
2818
2814
653
488
0
412
0
441
600
299
880
0
1291
1472
0
0
0
0
0
0
0
147
0
622
171
349
2807
2870
2814
2797
2865
2825
2855
2810
2813
2007
2593
2480
737
1159
400
1091
799
0
418
0
0
0
0
0
2822
2823
2815
2851
2816
2817
2832
2816
2853
2818
2815
2815
2816
2818
2835
2815
2848
2818
2818
2823
2817
2871
2818
2819
2859
2815
2822
2801
2817
2838
2809
2882
2833
2816
2846
2834
2818
2849
2816
2816
2838
2818
2845
2663
2523
1154
1741
1151
2844
2819
2624
2039
1743
603
1023
682
286
650
0
0
2819
2847
2817
2833
2814
2813
2842
2818
2834
2818
2818
2823
0
0
0
0
0
0
0
0
0
0
0
0
0
0
193
0
274
177
0
339
0
300
57
25
1580
1344
1448
1668
799
1698
1588
1598
1953
912
1744
1747
0
511
26
0
136
0
574
32
0
399
0
0
0
0
0
0
0
0
0
0
0
0
16
110
1872
2064
1221
2347
2736
2457
2821
2727
2817
2823
2827
2832
2837
2823
2815
2854
2809
2837
2819
2819
2839
2814
2833
2836
654
740
0
687
0
558
648
0
577
0
692
667
0
496
484
0
718
0
715
837
453
800
0
0
2822
2858
2818
2815
2829
2822
2878
2818
2815
2832
2813
2818
0
434
0
353
278
0
311
0
176
352
0
0
508
0
678
0
577
751
0
816
182
912
945
930
2543
2457
1948
2356
1163
2292
2364
1845
2320
1534
2442
2482
0
0
0
0
0
0
0
240
0
286
0
0
458
0
355
496
0
370
0
458
423
0
485
464
1279
1662
727
1654
2304
1331
2553
1664
1752
2341
2097
1425
2801
2857
2818
2863
2832
2817
2837
2809
2859
2817
2820
2829
945
1126
375
915
0
743
694
0
697
0
511
791
966
1425
1200
511
1136
904
1040
1123
131
1160
752
964
2841
2836
2806
2807
2845
2835
2850
2834
2830
2841
2810
2817
948
2559
2064
2308
2447
1788
2814
1963
2582
2773
2011
2144
971
377
1010
368
1061
1059
303
916
365
939
961
1083
2807
2816
1999
2821
2840
2677
2692
2095
2646
2105
2651
2437
1410
1135
1743
991
2272
2129
1999
0
2852
2739
2839
2836
337
0
0
201
0
219
7
0
164
0
22
130
0
979
867
646
863
0
898
816
499
889
0
0
2821
2832
2815
2840
2818
2815
2846
2831
2851
2819
2807
2816
0
124
0
0
0
0
217
0
273
7
0
0
210
416
447
0
429
262
0
429
0
415
418
309
2818
2851
2819
2813
2835
2815
2835
2818
2814
2848
2822
2818
0
0
0
0
0
0
0
0
0
0
0
0
1437
430
1313
1328
979
1282
368
1323
1264
1101
1635
1409
2559
2816
1896
2810
2840
2659
2813
1808
2613
2826
2314
2349
608
0
531
0
1503
1346
1168
1528
952
2740
2819
2742
0
0
0
0
0
0
0
0
0
0
0
0
1075
2155
2042
1656
1746
691
1479
1467
1057
1223
67
133
2817
2854
2816
2815
2831
2821
2859
2818
2816
2831
2830
2822
720
1395
48
1213
1136
0
1929
557
1722
2160
1999
1899
0
0
0
0
0
507
0
816
137
1302
1557
1760
443
27
0
0
0
0
0
0
0
0
0
0
2864
2888
2819
2823
2814
2849
2823
2822
2793
2816
2864
2808
152
0
1127
1664
2077
2819
2846
2779
2832
2819
2818
2815
0
0
0
0
0
0
0
0
0
0
0
0
2815
2834
2815
2863
2826
2813
2839
2818
2851
2817
2822
2815
2816
2821
2832
2809
2835
2816
2813
2833
2813
2858
2814
2817
0
0
0
0
0
0
0
0
0
0
13
0
2814
2864
2817
2818
2842
2820
2850
2825
2815
2839
2820
2821
2842
2805
2800
2830
2819
2837
2832
2855
2815
2817
2841
2831
2705
2017
2461
1664
1981
1629
259
511
0
0
0
0
2811
2446
1232
1696
740
806
592
0
88
0
0
0
2832
2818
2805
2807
2814
2834
2823
2765
2848
2823
2827
2830
0
0
0
0
0
0
0
0
0
0
0
0
0
0
0
0
221
0
215
694
1364
2160
1759
2847
2818
2842
2816
2828
2816
2816
2847
2815
2842
2817
2815
2816
0
0
0
0
0
0
0
0
0
0
0
0
0
0
0
0
0
0
0
0
0
0
0
923
2817
2834
2823
2818
2848
2806
2832
2810
2814
2848
2815
2815
2851
2834
2826
2831
2816
2855
2816
2819
2829
2785
2081
1601
2815
2848
2818
2819
2823
2813
2859
2812
2832
2831
2810
2813
2826
2813
2854
2817
2800
2035
2394
976
2177
2007
1335
1264
2821
2832
2812
2855
2820
2816
2833
2804
2883
2829
2814
2807
1470
1392
834
1215
0
1195
845
272
807
0
637
401
2860
2818
2818
2535
2815
1526
2450
2289
1737
2241
1233
1182
2821
2862
2781
2818
2845
2817
2850
2818
2818
2847
2816
2814
0
0
0
0
0
0
0
0
0
0
0
0
1039
0
1090
720
1011
1246
304
1312
1128
1237
1327
1533
2810
2773
2841
2815
2841
2818
2813
2845
2815
2841
2819
2821
0
0
0
0
0
0
0
263
0
0
0
896
0
0
0
0
0
0
0
0
0
0
0
0
1620
2378
2064
2192
2301
1310
2202
1568
1853
2012
1070
1183
2823
2839
2820
2853
2817
2813
2868
2822
2853
2814
2807
2814
0
147
0
0
118
0
127
0
0
96
0
0
1312
1606
1363
557
1157
704
944
1013
0
786
526
343
2821
2831
2825
2819
2858
2817
2822
2832
2806
2857
2826
2822
1762
2759
2410
2423
2815
1723
2816
2833
2689
2817
2461
2209
935
0
983
992
511
967
0
1030
1012
624
974
1033
1955
2192
975
2053
2222
1639
1904
606
1775
1912
1471
1391
1042
923
1172
0
1319
1296
1007
1328
688
1696
2176
1968
0
0
0
0
0
0
0
0
0
0
0
0
367
1328
1911
2033
2826
1284
1725
1198
624
1948
1463
1525
2813
2864
2822
2809
2833
2825
2864
2854
2827
2837
2818
2817
0
1103
304
0
0
0
0
102
1209
1083
0
0
656
0
818
0
0
0
0
588
322
765
277
0
2817
2706
1743
2354
1715
2541
2814
2204
2816
1899
2378
2395
0
0
0
0
0
0
0
0
0
0
0
0
708
43
835
1098
231
875
199
811
1296
1094
2259
2352
2836
2817
2859
2817
2825
1963
2004
913
1202
1011
0
0
2815
2138
2815
2850
2832
2823
2825
2763
2876
2810
2831
2815
0
0
0
0
0
0
0
0
0
0
0
0
884
1392
1274
939
2061
2360
2818
2815
2841
2821
2858
2866
0
0
0
0
0
0
0
0
0
0
0
0
0
0
0
0
0
0
792
1172
1631
2147
1171
1330
2814
2823
2829
2823
2321
2064
667
1359
936
0
0
0
271
849
0
592
638
0
621
0
654
528
0
0
2834
2817
2813
2844
2819
2823
2795
2827
2854
2817
2829
2831
0
0
0
0
0
0
0
0
0
0
0
0
2859
2822
2818
2828
2847
2861
2813
2800
2835
2818
2849
2848
2729
1786
0
2801
1647
2125
0
2793
2651
1743
2398
2301
0
476
0
298
342
0
285
0
0
484
0
0
2834
2832
2818
2864
2843
2817
2837
2819
2864
2813
2816
2777
0
332
0
288
0
297
629
0
672
128
971
1168
2843
2817
2818
2827
2815
2865
2821
2817
2835
2814
2860
2847
0
0
0
0
0
0
0
0
0
0
0
0
2800
2814
2836
2821
2816
2832
2817
2851
2818
2818
2849
2850
0
0
0
0
0
0
0
0
576
403
799
420
2819
2817
2697
2795
2851
2803
2816
2323
2768
2682
2355
2175
1304
1071
1488
639
1897
2480
2223
1975
887
2519
2672
2608
2813
2851
2815
2795
2841
2819
2832
2800
2815
2842
2857
2818
159
1206
1564
1535
1168
0
1513
1424
468
1844
1115
1168
2787
1520
2626
2556
2167
2558
1279
2535
2608
2207
2688
2743
2828
2827
2875
2815
2814
2830
2815
2864
2821
2813
2833
2837
2678
2319
2548
1442
2641
2688
2203
2519
1326
2427
1896
2516
1395
1466
883
1453
620
1408
1483
912
1457
401
1494
1487
891
2004
2081
1165
1714
435
1878
1665
1074
1553
659
608
0
1600
2235
2128
0
2809
2864
2815
2811
2832
2820
2755
0
0
0
0
0
0
0
0
0
0
0
0
1505
871
1450
417
1170
1144
284
876
90
656
783
509
2820
2838
2832
2816
2864
2822
2791
2829
2807
2863
2818
2883
0
0
0
0
0
0
0
0
0
0
0
0
944
0
1136
1047
415
1010
277
1200
1287
763
1361
1535
2832
2806
2871
2819
2822
2832
2815
2862
2819
2821
2828
2829
0
0
0
0
0
0
0
0
0
0
0
964
0
0
0
624
1648
2817
2817
2836
2805
2847
2816
2818
2845
2809
2830
1314
1686
976
0
0
0
0
0
0
2817
2874
2809
2819
2834
2813
2850
2815
2819
2848
2803
2831
0
491
452
530
583
0
0
0
0
0
0
1143
2790
2356
2815
2843
2818
2818
2833
2813
2848
2281
1137
485
0
27
0
282
800
1413
2813
2853
2815
2823
2821
2819
1494
2779
2801
2431
2817
2848
2501
1771
0
502
0
0
0
0
0
0
0
0
0
0
0
0
0
0
1495
1512
1104
703
1521
1393
2822
2835
2818
2815
2847
2848
421
0
658
792
400
728
0
995
1172
804
2813
2830
2801
2818
2855
2817
2814
2106
2072
945
1999
2254
1759
2039
2815
2239
2180
613
995
397
0
0
371
1572
819
1161
2811
2829
2830
2816
2862
2816
2809
2832
2817
2864
2830
2817
0
656
339
0
0
0
1200
771
455
1408
1048
536
0
0
0
511
0
628
0
643
511
0
126
0
2835
2813
2855
2816
2814
2841
2815
2841
2811
2811
2843
2846
0
0
0
0
0
2
0
166
0
0
0
0
0
0
0
0
0
0
0
0
0
0
0
0
2863
2818
2818
2847
2819
2864
2818
2816
2829
2816
2863
2859
1058
0
1904
2719
2035
1051
1840
2000
1820
560
0
2327
0
0
0
0
49
0
737
480
0
407
0
0
2816
2830
2819
2846
2815
2815
2836
2817
2847
2817
2817
2809
2821
2816
2847
2816
2829
2817
2822
2848
2844
2810
2830
2826
1807
1658
2337
1519
2195
2808
2695
2785
2843
2821
2829
2819
1831
1408
1137
1232
0
929
832
547
826
0
605
511
0
1105
1056
967
1290
273
1350
1458
1203
1485
304
402
2246
782
1711
1688
1067
1404
175
1049
344
465
376
336
0
0
0
0
0
0
0
0
0
0
0
0
2814
2710
2816
1471
2423
2226
1779
1824
507
1527
1416
1186
2812
2821
2847
2819
2861
2816
2805
2847
2816
2863
2813
2818
0
0
0
0
0
0
0
0
0
0
0
0
1035
0
540
385
0
0
0
0
0
0
0
0
2829
2816
2832
2821
2815
2835
2818
2841
2815
2835
2832
2829
0
0
0
0
0
0
0
250
0
569
791
1012
0
0
0
0
0
0
0
0
0
0
0
539
896
1287
1335
400
1398
1250
1314
1626
609
1879
1682
1840
0
0
0
0
0
0
0
0
0
0
0
0
0
0
0
0
0
0
0
0
0
0
0
0
2817
2849
2813
2841
2828
2813
2846
2817
2843
2813
2820
2815
2817
2816
2834
2820
2848
2814
2823
2832
2815
2849
2816
2819
2
0
149
0
29
42
0
358
0
400
278
0
128
0
0
98
0
0
0
0
127
0
207
302
2846
2815
2827
2816
2809
2848
2816
2819
2821
2813
2853
2860
1431
1567
2384
2010
2183
2328
1143
2218
2144
2131
2463
2267
866
1141
208
1518
1992
2420
1521
435
2112
1376
1343
1215
2817
2439
2617
1331
2550
2488
2131
2397
1359
2417
2440
2486
2829
2819
2822
2817
2864
2814
2815
2832
2819
2858
2817
2814
0
0
119
0
209
0
0
511
0
733
16
61
2000
1103
2160
2323
1667
2222
1407
2320
2363
1663
2296
2207
2825
2803
2852
2816
2817
2830
2818
2855
2814
2815
2595
2478
877
16
506
0
591
458
0
511
0
336
300
235
0
0
0
0
0
0
0
0
368
0
919
1285
1363
2423
2400
1619
2099
1005
2171
2036
1328
1697
448
527
2089
1408
1812
1535
855
1585
1156
0
1135
378
1194
1133
0
0
0
0
0
0
0
0
0
0
0
0
0
0
879
1246
2814
2816
2867
2816
2858
2819
2816
2817
2823
2819
2838
2814
2829
2821
2819
2846
2814
2831
2817
2822
0
0
0
0
0
0
0
0
0
0
0
0
0
0
0
0
0
0
0
0
0
0
0
0
1171
2518
2807
2807
2815
2882
2807
2815
2818
2823
2858
2878
0
0
0
0
663
1505
507
2202
2825
2725
2817
2816
0
501
543
2651
2814
2834
2814
2855
2816
2815
2834
2833
7
0
735
285
1744
2192
2025
2826
2859
2818
2820
2817
0
0
0
0
0
0
792
766
2818
2862
2819
2816
0
0
0
0
0
0
0
0
0
0
0
0
2811
2864
2820
2816
2238
2630
1563
2603
2704
2215
2817
2820
2975
2822
2863
2813
2811
2835
2827
2861
2818
2815
2832
2832
2818
1933
2609
2252
2389
2432
1395
2217
1898
1849
2033
1922
2071
2046
1077
1830
1434
1722
1861
1039
1882
1520
1836
1744
2837
2818
2816
2843
2816
2858
2818
2817
2842
2803
2847
2842
573
540
400
589
0
677
728
343
752
0
794
672
0
321
0
0
223
0
0
0
0
139
0
0
2417
1335
1619
640
0
0
0
0
0
0
0
0
1995
2812
2850
2817
2822
2830
2813
2849
2817
2814
2830
2822
0
0
0
0
0
0
0
0
0
0
60
384
0
0
0
0
0
0
0
0
1529
1727
2815
2816
0
0
0
0
0
0
0
0
0
0
0
0
0
0
0
0
0
0
0
0
0
0
0
0
2699
2197
241
694
0
0
0
0
0
0
0
0
2032
1040
413
0
0
0
0
0
0
0
0
0
2819
2816
2834
2820
2851
2818
2809
2832
2818
2861
2814
2815
214
1271
1697
1215
2240
1856
2755
2816
2389
2816
2862
2863
0
0
0
0
0
0
0
0
0
0
0
115
2832
2823
2855
2809
2815
2842
2817
2843
2815
2819
2807
2841
836
0
460
0
0
0
0
0
0
0
0
0
894
843
0
491
0
301
321
0
415
0
0
0
2851
2811
2773
2844
2817
2841
2822
2817
2849
2813
2832
2831
0
0
0
0
0
0
0
0
0
0
0
0
0
535
400
598
942
0
813
720
748
1008
0
0
2818
2886
2751
2832
2813
2803
2864
2815
2832
2818
2818
2816
397
421
0
0
285
538
592
0
196
234
587
0
0
0
0
0
0
0
0
0
0
0
0
0
2815
2864
2817
2817
2838
2815
2842
2819
2803
2847
2815
2816
2843
2822
2823
2814
2815
2835
2821
2844
2818
2785
2845
2845
0
0
0
0
0
0
0
0
0
0
0
0
0
379
0
0
0
0
0
0
0
0
0
0
2839
2786
2815
2845
2818
2822
2826
2817
2846
2815
2818
2830
327
434
0
0
0
0
0
0
0
0
0
0
0
0
0
0
0
0
0
0
0
0
0
0
1393
0
480
122
0
0
0
0
0
0
0
0
0
0
0
0
0
0
0
0
0
0
0
0
2819
2826
2816
2858
2815
2819
1687
1584
0
100
0
0
2816
2814
2831
2815
2851
2805
2812
2831
2813
2864
2819
2819
2864
2815
2811
2843
2815
2865
2815
2811
2832
2813
2859
2851
2323
1680
1785
2716
1023
1634
1648
1745
1152
113
1459
999
0
0
0
0
0
0
0
0
0
0
0
0
2827
2842
2837
2860
2815
2832
2862
2817
2861
2839
2878
2807
0
0
0
0
0
0
0
0
0
0
0
0
0
0
0
0
0
0
0
231
0
703
1040
1360
0
0
0
0
0
0
0
0
0
0
0
117
0
1078
2787
2644
2787
2851
2817
2801
2830
2822
2833
2864
2407
1199
2393
2522
2141
2614
1375
2479
2624
2091
2647
2659
2826
2819
2859
2816
2827
2813
2819
2856
2819
2816
2199
2208
2818
2831
2813
2837
2812
2816
2830
2811
2874
2818
2817
2813
1579
1808
1719
2387
1087
2263
2536
2359
2816
2647
2806
2819
0
0
0
0
0
0
0
0
0
0
0
0
981
113
848
1015
0
794
103
622
733
0
647
608
0
0
0
0
0
0
256
0
0
1375
271
0
0
0
0
0
0
0
0
0
0
0
0
0
2820
2819
2833
2828
2853
2817
2823
2695
2817
2858
2820
2818
2859
2816
2815
2838
2821
2858
2818
2811
2833
2818
2849
2838
1163
1306
1559
1630
303
890
648
915
1259
327
1394
974
589
966
497
491
901
471
1360
1001
745
432
0
0
2819
2840
2815
2844
2827
2802
2846
2821
2844
2816
2817
2822
0
0
0
0
0
0
0
0
0
0
0
0
105
0
140
0
0
0
0
0
0
0
0
0
2817
2823
2857
2814
2855
2818
2815
2818
2817
2865
2814
2815
2845
2837
2826
2821
2817
2848
2821
2819
2871
2816
2862
2831
2815
2861
2817
2815
2829
2811
2855
2816
2815
2826
2801
2811
2815
2816
2851
2822
2822
2830
2815
2836
2823
2864
2822
2828
1685
1339
2239
1683
2731
2815
2821
2818
2864
2819
2816
2816
0
0
0
0
0
0
0
0
0
0
0
0
2861
2819
2822
1872
2172
842
1170
740
0
213
0
0
1648
995
2589
2815
2832
2814
2883
2838
2869
2820
2818
2818
2835
2815
2858
2815
2819
2839
2815
2855
2817
2831
2837
2845
0
0
0
0
0
0
0
0
0
0
0
0
2513
1763
494
142
0
0
0
0
0
0
0
0
1729
1647
2862
2413
2818
2841
2464
2839
2832
2835
2841
2825
0
0
1718
2815
2841
2815
2864
2815
2814
2834
2815
2818
2842
2817
2845
2817
2819
2007
2559
1972
1559
1224
0
0
2817
2841
2813
2827
2820
2815
2846
2814
2829
2816
2812
2815
1231
2304
2832
2793
2821
2842
2816
2854
2802
2824
2832
2829
0
0
0
0
0
0
0
0
0
0
0
0
2815
2817
2827
2818
2856
2822
2815
2594
2819
2848
2816
2817
0
0
0
0
0
0
0
0
0
0
0
0
151
0
0
0
0
0
0
0
0
0
0
0
2836
2815
2864
2821
2816
2833
2815
2861
2816
2822
2832
2725
2820
2833
2813
2863
2815
2822
2832
2816
2859
2815
2802
2794
2818
2822
2075
2624
1920
2590
2631
1919
2591
1847
2703
2487
1023
1984
1934
1342
1935
783
1927
2164
1559
1996
867
847
2821
2850
2627
2659
1739
2416
2040
2199
2435
1535
2480
2307
0
64
0
0
0
0
492
194
323
659
0
0
117
0
0
0
0
90
0
0
0
0
109
124
2810
2814
2841
2818
2847
2813
2819
2496
2819
2867
2817
2843
752
1013
1151
575
1881
2000
2374
2431
2832
2816
2861
2854
235
246
0
240
0
0
108
0
202
0
199
0
2842
2819
2847
2795
2813
2550
2821
2834
2815
2810
2615
2107
2815
2835
2814
2848
2814
2814
2837
2813
2841
2815
2816
2817
1233
1489
327
1317
1364
1105
1494
245
1447
1557
1200
1203
0
0
0
0
0
0
0
0
0
0
0
0
2817
2833
2679
2815
2363
2816
2823
2435
2717
1493
2705
2795
0
0
0
0
0
0
0
0
0
0
0
0
0
0
0
0
0
0
0
0
0
0
0
0
2256
2738
1669
2660
2402
1895
2431
1387
2456
2522
1888
1681
2236
0
2545
2864
2843
2982
2836
2838
2878
2815
2837
2836
765
763
0
659
185
688
877
0
724
212
937
784
2850
2818
2815
2839
2830
2843
2815
2820
2802
2881
2843
2559
2820
2863
2822
2818
2833
2816
2848
2822
2816
2832
2813
2821
0
1043
468
1174
1137
653
1650
854
1597
1236
1267
1271
0
0
0
0
0
0
0
0
0
0
0
47
1489
1346
563
1368
954
1195
1299
431
1346
944
1104
1212
690
592
1296
412
1236
816
319
1130
405
1168
792
1072
0
0
0
0
0
0
0
0
0
0
0
0
922
1760
1698
1512
1728
752
1693
1360
1458
1454
487
625
2815
2861
2815
2719
2821
2814
2861
2824
2814
2829
2817
2822
0
0
0
0
0
0
0
0
0
0
0
0
1306
699
1022
0
633
460
0
411
0
367
392
640
2815
2815
2679
2820
2857
2859
2838
2423
2813
2844
2803
2823
0
0
0
0
0
0
0
0
0
0
0
0
784
0
915
863
138
785
198
912
960
287
1097
1049
2846
2814
2898
2815
2813
2841
2747
2858
2826
2807
2834
2838
0
0
0
0
0
0
1281
1879
140
662
2815
2819
0
144
0
27
0
0
0
0
34
0
0
0
2854
2815
2817
2374
2821
2847
2727
2819
1883
2736
2644
2482
2815
2807
2826
2810
2723
2807
2832
2822
2810
2842
2804
2816
0
144
0
0
0
0
511
370
1358
1319
279
252
651
0
458
261
0
370
0
511
459
535
843
853
2626
2801
1694
2556
2576
2427
2438
1515
2535
2440
2175
2151
1256
990
1136
163
1136
1040
912
1355
331
1405
1440
1392
350
470
0
465
0
651
853
80
947
15
977
1215
2853
2821
2823
2799
2819
2872
2832
2817
2673
2839
2848
2857
2816
2851
2703
2830
2848
2823
2857
2816
2816
2840
2811
2814
0
433
0
341
292
0
426
0
489
496
0
0
1284
537
1154
240
893
976
0
768
414
639
511
447
2821
2815
2832
2899
2865
2798
2821
2819
2821
2849
2815
2817
0
463
277
0
400
0
415
571
0
587
0
0
0
0
0
0
0
0
0
0
0
0
0
0
2303
2818
2867
2818
2811
2247
2820
2842
2768
2815
2118
2349
0
0
0
0
0
0
0
0
0
0
0
0
0
85
0
0
0
0
79
0
220
0
0
0
2018
2409
2559
1567
2261
1972
2189
2215
1373
2130
1868
1991
2821
2803
2813
2820
2848
2815
2832
2822
2819
2859
2816
2813
0
387
529
0
364
0
359
480
0
400
0
0
970
0
603
291
0
572
0
413
248
0
455
364
2819
2857
2801
2886
2822
2827
2817
2851
2815
2831
2817
2825
1930
1415
1727
875
2155
2006
1828
2119
1242
2421
2338
2384
1182
1188
991
1271
313
1360
1192
851
1375
314
1386
1441
959
1943
2004
1584
1808
669
1823
1909
1559
1815
591
703
1279
487
1391
1368
0
1448
491
1629
1416
2212
2811
2863
0
191
0
0
208
0
234
0
0
151
0
0
1999
1232
1802
1184
1640
1646
849
1759
1082
1408
1535
1279
2736
2763
2832
2819
2819
2814
2815
2795
2819
2853
2823
2818
0
0
163
0
242
0
0
186
0
171
0
0
350
0
0
13
0
43
0
0
32
0
206
340
2254
2820
2257
2736
2728
2094
2558
1978
2506
2583
1851
1971
0
0
0
0
0
0
0
0
0
0
0
0
0
0
0
0
0
0
0
0
0
0
0
0
2841
2801
2816
2203
2816
2833
2695
2818
2608
2813
2832
2830
973
1464
1739
1800
1331
2819
2842
2819
2816
2841
2815
2816
0
792
276
779
779
0
830
314
573
992
0
0
2309
1277
2209
2182
1727
2084
782
1749
1706
1237
1578
1275
2823
2819
2853
2821
2816
2829
2813
2863
2823
2817
2829
2830
257
0
539
0
960
838
930
939
731
1591
1284
1584
468
532
0
539
0
496
597
0
788
64
903
925
2861
2829
2832
2818
2825
2848
2819
2821
2819
2815
2853
2869
2819
2261
2811
2816
2318
2817
1571
2727
2746
1720
2818
2816
991
1456
209
1301
1908
912
1263
671
1920
1328
821
762
2815
2832
2819
2863
2811
2813
2451
2811
2855
2819
2817
2825
2399
1703
1845
2177
1155
2475
2820
2715
2817
2825
17
2828
0
0
0
0
0
0
0
0
0
0
0
0
844
309
0
1083
0
167
0
0
0
0
0
0
2831
2821
2858
2820
2822
2837
2814
2859
2818
2816
2836
2838
0
0
0
0
0
0
0
0
0
0
0
0
0
272
0
239
0
36
342
0
304
0
367
0
1920
2615
2587
1816
2514
1980
2487
2514
1780
2497
1881
1771
0
0
0
0
0
666
331
0
2307
1119
1927
2527
0
978
684
691
935
0
870
784
560
963
0
0
2611
1789
2409
1968
2151
2220
1483
2168
1922
1871
2192
2259
2815
2820
2784
2814
2859
2812
2824
2842
2812
2899
2847
2815
0
0
0
0
0
0
0
103
0
67
0
0
0
142
0
0
0
0
0
0
259
0
0
206
0
839
730
391
624
0
657
694
0
817
0
0
1808
603
1521
1394
1173
1680
650
1666
1600
1174
1787
1791
1199
1446
559
1430
1372
1278
1582
481
1425
1440
1105
1349
2814
2830
2767
2850
2669
2819
2827
2811
2861
2820
2820
2815
2818
2842
2816
2816
2365
2816
2833
2807
2813
2843
2829
2821
0
674
679
0
624
0
675
624
0
623
0
0
0
0
0
0
0
0
0
0
0
0
0
0
2821
2817
2852
2812
2822
2823
2819
2861
2816
2830
2829
2832
967
363
997
0
821
798
0
697
326
863
823
924
0
249
0
90
0
0
56
0
297
0
0
387
2864
2817
2817
2831
2818
2858
2820
2819
2837
2815
2864
2859
96
0
0
48
0
239
0
0
0
0
311
0
0
659
0
595
685
903
1407
167
1467
875
235
424
2826
2832
2818
2860
2819
2831
2833
2814
2859
2817
2826
2818
2810
2816
2831
2815
2860
2812
2822
2819
2822
2851
2813
2817
0
0
80
0
0
0
0
0
0
16
0
0
2817
2867
2832
2829
1959
2818
2864
2217
2306
2079
2172
1827
2842
2811
2863
2816
2817
2839
2813
2848
2816
2815
2843
2846
1214
0
1046
1035
1349
1326
669
1473
722
1232
1328
1616
0
23
0
0
0
0
0
0
205
0
0
0
2860
2821
2821
2837
2816
2847
2816
2817
2838
2818
2837
2854
2179
1664
0
2194
1355
2232
1601
2504
2624
269
2646
2817
0
843
553
396
821
0
848
624
395
843
0
0
1242
0
940
1125
608
933
0
880
792
477
941
756
2876
2808
2841
2813
2834
2835
2821
2849
2816
2815
2830
2829
0
0
132
0
0
0
0
14
0
0
0
80
294
176
0
144
0
0
0
0
0
0
0
0
2854
2815
2849
2811
2817
2850
2827
2823
2825
2812
2864
2851
0
0
0
0
0
0
0
0
0
0
0
0
0
110
0
0
16
0
223
0
0
121
0
0
2817
2825
2811
2849
2818
2819
2772
2820
2848
2820
2818
2817
82
1279
607
471
0
2319
2814
2285
2819
2860
2791
2822
0
706
609
0
687
0
630
576
0
615
0
0
1584
221
1294
1318
836
1334
307
1133
1040
602
1034
863
2835
2823
2859
2813
2823
2833
2815
2865
2819
2820
2832
2832
288
0
453
0
701
1040
357
1007
265
1366
1607
1473
0
282
0
205
69
0
443
0
431
288
477
455
2858
2817
2815
2832
2815
2857
2800
2809
2838
2812
2854
2861
2817
2851
2827
2815
2834
2822
2835
2819
2810
2847
2813
2809
0
687
684
0
592
0
570
560
0
497
0
0
2818
2111
2833
2837
2606
2815
1791
2802
2843
2513
2784
2627
2047
2518
2164
2815
2820
2825
2842
2858
2815
2819
2819
2831
0
0
0
0
0
0
0
0
0
0
0
0
0
0
0
0
0
0
0
0
0
0
0
0
2864
2821
2818
2412
2821
2864
2819
2814
2289
2805
2852
2859
0
0
0
0
0
0
0
0
0
0
0
0
163
947
219
1031
1034
368
1023
816
1193
1252
399
437
2814
2828
2819
2864
2822
2818
2832
2821
2855
2815
2823
2816
0
112
0
0
0
0
67
0
1744
1176
1360
1086
0
0
63
0
230
0
0
241
0
171
0
0
2182
1836
1996
1967
914
1999
1632
1747
1839
943
1875
1744
2838
2819
2841
2816
2806
2833
2819
2832
2818
2839
2848
2846
0
0
0
0
0
0
0
0
0
0
283
366
1206
1170
345
954
0
841
879
0
728
84
771
783
2848
2821
2818
2845
2817
2844
2818
2823
2836
2818
2885
2836
2729
2830
2427
2811
2506
2813
2825
2416
2816
1839
2823
2813
0
485
496
0
503
0
336
550
0
611
0
0
2631
1470
2460
2440
2045
2359
1151
2295
2425
1841
2326
2295
1728
2818
2852
2817
2832
2815
2819
2842
2811
2841
2828
2820
691
391
715
0
720
728
0
656
0
690
720
698
990
784
125
707
0
704
482
0
583
0
468
0
2857
2819
2815
2827
2817
2854
2818
2818
2828
2767
2862
2842
0
0
0
0
0
0
0
0
0
0
0
0
0
64
0
0
153
0
273
0
229
616
0
0
2823
2835
2815
2866
2818
2819
2834
2823
2862
2816
2825
2818
0
0
0
0
0
0
0
0
0
0
0
0
0
0
29
0
0
0
0
154
0
0
48
67
1756
1174
1785
1693
829
1487
1297
1554
1572
727
1535
1407
0
0
0
0
473
0
0
592
679
1019
0
1095
0
0
0
0
0
0
0
0
0
0
0
0
1787
2080
720
1779
1892
1347
1705
351
1439
1362
815
807
2838
2818
2818
2848
2821
2839
2827
2819
2846
2821
2834
2837
2591
2700
2270
2604
1942
2775
2821
2417
2821
2624
2807
2815
435
1632
1768
1271
1688
711
1909
1840
1159
1983
1298
1456
2818
1511
2663
2676
2295
2522
1488
2559
2612
2231
2512
2510
301
937
141
1071
801
529
1117
256
996
1421
632
376
104
0
37
0
0
6
0
90
0
0
0
80
1587
1570
878
1498
968
1673
1599
849
1616
1092
1488
1435
1840
2584
2536
2212
2640
1555
2756
1632
1566
2672
1857
1972
0
0
0
0
0
0
0
0
0
0
0
0
0
295
0
0
164
0
98
0
0
129
0
0
2809
2847
2815
2847
2815
2815
2838
2814
2861
2818
2812
2819
1605
1674
733
1470
945
1437
1374
528
1414
944
1215
1072
350
750
731
0
780
424
666
1035
0
960
672
537
2816
2857
2815
2830
2838
2814
2890
2817
2818
2843
2823
2819
0
835
874
0
255
2659
2819
2828
2823
2815
2849
2865
832
0
770
604
406
657
0
782
784
431
918
784
643
1037
0
787
534
483
658
0
502
456
0
0
2838
2822
2819
2855
2828
2827
2823
2816
2850
2817
2830
2819
1429
1600
887
1423
1088
1857
2097
1250
751
1856
2600
2650
0
562
602
0
458
0
310
531
0
707
144
206
1322
71
1232
1093
706
1043
112
1010
1008
304
1069
898
507
885
0
990
1066
431
1100
112
946
1186
432
687
0
0
0
0
0
0
0
0
0
0
0
0
2820
2819
2835
2817
2864
2822
2816
2837
2819
2859
2816
2829
2849
2816
2821
2841
2817
2857
2821
2812
2846
2822
2851
2848
643
354
617
630
0
528
362
525
736
0
626
601
1067
1648
886
1434
1459
579
1196
570
1045
1179
316
0
2818
2519
2815
2859
2821
2819
2157
2819
2861
2811
2815
2821
0
0
0
0
0
0
0
0
0
0
0
0
0
0
0
0
0
0
0
0
0
0
0
0
2818
2821
2448
2815
2593
2803
2818
2599
2823
2802
2817
2809
0
0
0
0
10
0
0
0
791
890
0
0
1377
0
1253
1211
1643
1402
350
1809
1456
1037
1635
1506
2824
2818
2851
2820
2832
2832
2816
2843
2817
2830
2823
2827
2823
2848
2830
2806
2815
2835
2843
2903
2848
2832
2832
2823
1298
1181
626
1227
239
921
1345
661
1177
220
1708
1683
2864
2821
2832
2403
2818
2128
2265
2163
1251
1904
1122
1322
2809
2859
2819
2800
2833
2836
2871
2817
2819
2835
2813
2818
779
1627
1280
1680
1722
977
1728
1300
1813
1805
951
1115
0
0
0
0
0
0
0
0
0
0
0
0
1983
1787
943
1761
1408
1567
1794
747
1712
1480
1645
1511
977
1249
1328
256
1183
1652
2369
2385
1807
2822
2864
2853
0
0
0
0
0
0
0
0
0
0
0
0
99
897
880
623
918
0
691
824
563
784
0
0
2816
2849
2789
2832
2822
2819
2848
2822
2831
2826
2818
2821
0
94
0
0
0
0
0
0
0
0
0
0
0
0
0
0
0
0
0
0
0
0
0
0
2322
2120
1855
2096
976
1991
2024
1712
2133
1023
2086
2243
0
0
0
0
0
0
0
0
0
0
0
0
640
0
560
490
0
634
0
788
644
0
698
718
2826
2817
2851
2818
2832
2827
2819
2853
2819
2817
2826
2829
1866
0
2815
2469
2894
1375
2831
2814
2859
2641
2813
2821
432
416
0
480
0
429
472
0
431
0
422
458
2640
2473
2522
1479
2091
1328
1754
1828
737
1558
960
1216
2813
2862
2814
2815
2855
2820
2864
2826
2817
2837
2811
2824
543
1572
1040
1535
1858
1134
2064
1836
1791
2304
1639
1810
1904
1207
1651
944
1776
1901
1319
2029
1369
2143
2235
2229
2815
2815
2847
2818
2833
2815
2816
2755
2816
2832
2818
2815
2847
2653
2818
1851
2704
2832
2605
2352
1655
2768
2828
2832
155
16
0
70
0
0
81
0
141
0
400
505
1475
1966
1773
1933
2031
1023
1855
1633
1870
1872
926
983
2818
2846
2820
2849
2817
2758
2754
2909
2835
2821
2821
2822
0
0
0
0
0
0
0
0
0
0
0
0
0
0
0
0
0
0
0
0
0
0
0
0
2816
2832
2826
2818
2849
2819
2835
2817
2779
2853
2818
2823
0
567
400
0
481
0
277
400
0
475
0
0
783
0
629
651
0
775
0
702
623
0
655
867
1983
1933
1061
1855
1552
1566
1829
871
1840
1848
1632
1821
0
0
0
0
0
0
0
0
0
1395
2384
2306
440
272
0
187
0
0
0
0
0
0
0
0
2855
2816
2816
2507
2817
2862
2819
2815
2082
2813
2496
1941
2807
2863
2815
2826
2835
2815
2864
2819
2816
2837
2816
2817
0
229
0
817
618
0
775
351
1330
1323
851
1013
751
0
374
16
0
301
0
304
384
0
650
629
2096
2240
1258
1771
1222
1767
1879
1114
1859
1097
1675
1808
1136
1314
1535
671
1535
448
1377
1771
735
1583
1192
1360
663
246
430
527
0
474
0
0
575
0
660
739
1884
2641
2120
2263
2461
1525
2331
2208
2095
2183
1329
1125
2064
1115
1903
1907
2252
2157
1360
2784
2138
2433
2581
2819
0
0
0
0
0
0
0
0
0
0
0
0
2032
1779
1936
911
1904
1744
1501
1555
590
1425
1290
1292
2814
2835
2811
2810
2843
2811
2841
2814
2820
2849
2817
2813
1405
2291
2252
1767
2122
815
2020
1984
1535
2118
917
1137
2756
1471
2697
2820
2559
2817
2731
2817
2833
2753
2814
2810
2772
2818
2637
2817
2818
2243
2819
2608
2722
2814
2355
2111
0
0
0
0
0
0
0
0
0
0
0
0
863
632
0
551
0
548
608
0
780
0
848
951
2859
2823
2800
2815
2815
2861
2758
2815
2485
2817
2864
2870
2817
2855
2825
2823
2823
2815
2854
2855
2821
2823
2819
2819
0
154
0
0
0
0
0
0
0
95
0
0
151
0
0
0
0
0
0
0
0
0
0
0
1825
1888
1143
1593
489
1521
1477
939
1627
431
1510
1428
238
39
427
0
819
916
736
1033
214
970
712
726
0
0
0
51
0
0
0
0
116
0
179
0
2544
2818
2843
2815
2811
2394
2817
2838
2678
2818
2063
2071
1648
0
1664
1313
1379
0
1194
2819
2839
2687
2820
2807
1575
1608
802
1371
1128
1444
1519
475
1424
1088
1254
1485
1717
1594
1617
719
1723
1440
1301
1583
756
1577
1328
1248
2815
2849
2814
2815
2844
2818
2847
2826
2800
2832
2818
2815
0
240
320
0
246
0
298
180
0
323
0
0
281
0
0
0
0
0
0
0
0
0
48
95
2822
2819
2850
2815
2833
2816
2817
2848
2871
2832
2829
2825
496
634
810
0
859
772
444
810
0
696
800
832
1102
473
882
891
0
848
272
794
945
0
931
880
914
1927
1772
1533
1798
723
1741
1792
1482
1916
607
855
1145
0
848
0
1818
1780
1463
0
2818
2836
2818
2818
0
195
0
0
411
0
368
0
426
432
0
0
2875
2256
2687
1505
2323
2386
1947
2333
1377
2096
2036
2009
2800
2842
2832
2803
2850
2833
2822
2832
2818
2855
2817
2819
96
1057
826
179
1189
479
1478
427
1219
1936
1384
1277
1382
171
1040
882
288
959
126
910
1017
399
976
1080
2781
2800
2862
2815
2817
2832
2823
2864
2819
2815
2779
2559
0
0
0
0
0
0
0
0
0
0
0
0
0
0
0
0
0
0
0
0
0
0
0
0
2851
2817
2814
1013
815
0
0
0
0
0
0
0
2809
2874
2810
2802
2384
2013
608
0
0
0
0
0
0
0
0
0
0
0
0
0
0
0
0
0
2813
2847
2822
2390
1174
1399
211
1232
576
0
0
0
2835
2815
2867
2819
2826
2805
2815
2846
2818
2839
2078
299
912
0
363
0
0
364
0
272
0
0
0
0
0
176
0
499
0
328
402
0
598
0
1023
1182
2851
2818
2831
2830
2818
2854
2814
2817
2836
2817
2858
2866
369
0
0
127
0
110
0
0
1712
831
1399
1397
0
0
0
0
0
0
0
0
0
0
0
0
2831
2845
2821
2857
2815
2815
2831
2815
2853
2813
2814
2823
2816
2822
2871
2832
2841
2829
2832
2846
2817
2864
2822
2796
0
0
0
0
0
0
0
0
0
0
0
0
2816
2832
2823
2823
2841
2815
2834
2816
2814
2839
2815
2801
2847
2832
2832
2815
2806
2837
2816
2830
2818
2822
2849
2847
371
0
0
395
0
151
0
0
391
0
240
248
886
1926
1251
2593
2832
2655
2814
2847
2816
2829
2816
2822
2832
2827
2810
2856
2816
2832
1887
2372
1329
1977
1976
1773
0
0
0
0
0
0
1307
347
860
688
2323
2264
0
0
0
0
0
0
802
1330
1267
2430
2736
2865
2832
2864
2816
2816
2835
2819
2852
2815
2816
2846
2826
2823
730
1170
96
781
672
0
617
0
649
624
0
0
0
0
0
0
0
0
0
0
0
0
0
121
2815
2822
2835
2816
2853
2815
2813
2554
2817
2849
2733
2608
2184
1838
1931
738
1388
1152
783
1106
0
1076
1216
1236
0
0
0
0
0
0
0
0
0
0
0
196
2848
2820
2824
2103
2143
591
1520
1390
955
1311
103
151
815
0
568
684
0
272
0
272
241
0
0
0
2835
2815
2865
2818
2820
2830
2816
2852
2817
2826
2830
2832
716
0
222
0
0
0
0
0
0
0
0
0
2816
2807
2832
2827
2863
2814
2814
2828
2809
2846
2839
2815
2859
2042
0
0
0
0
0
0
0
0
0
323
2818
2863
2818
2815
2841
2815
2816
2823
2806
871
0
0
0
0
0
0
1533
2118
2815
2862
2818
2650
1844
1136
0
0
0
0
846
2811
2789
2826
2845
2805
2822
2814
0
0
0
0
0
0
0
0
0
0
0
2085
2855
2828
2823
2837
2817
784
0
0
0
0
0
0
2814
2838
2825
2815
2845
2817
2844
2095
67
0
0
0
0
608
283
0
0
0
0
0
0
0
1393
2847
2122
667
936
0
0
0
0
0
0
0
0
0
0
0
0
0
0
0
0
0
2359
2847
2817
2823
2832
2818
2815
2848
2821
2836
2871
2820
2847
2821
2831
2847
0
0
0
0
0
0
0
0
0
0
0
0
2848
2745
2610
2047
2243
1407
2186
2096
1329
1595
698
562
2815
2864
2816
2812
2833
2817
2862
2815
2815
2842
2817
2817
0
0
0
0
0
0
0
0
1269
1745
1311
2640
0
0
0
0
0
0
0
0
0
0
0
0
2819
2815
2830
2815
2865
2800
2810
2341
2817
1505
2311
1947
2864
2814
2814
2838
2801
2864
2817
2815
2832
2816
2855
2849
0
0
0
399
0
927
305
1535
2181
2224
2818
2822
0
0
0
0
0
0
0
0
0
0
0
0
2818
2834
2819
2862
2819
2821
2832
2818
2853
2814
2816
2818
589
641
0
1063
893
1363
1606
931
1904
1792
2225
2430
1344
1600
1650
669
1481
1092
1076
1175
291
850
580
576
1792
1824
1523
1970
897
2187
2210
2015
2481
1450
2713
2697
2850
2821
2819
2829
2823
2839
2812
2816
2822
2815
2854
2863
343
0
309
168
0
157
0
136
83
0
308
320
671
1095
0
731
968
311
493
0
688
608
413
329
2824
2829
2815
2864
2818
2813
2832
2821
2859
2810
2821
2819
0
0
0
0
0
0
0
0
0
0
0
0
0
0
0
0
0
0
0
0
0
0
0
0
0
0
0
0
0
415
26
1476
1694
1267
1978
2181
0
0
0
0
0
0
0
0
0
1579
0
1567
0
0
0
0
0
0
0
0
0
0
0
0
0
1453
2833
2819
2864
2821
2815
2832
2816
2862
2822
1987
2864
2827
2813
2839
2815
2863
2822
2818
2832
2815
2851
2862
0
0
0
218
0
487
0
272
75
0
0
0
2128
2815
2865
2821
2818
2837
2823
2863
2817
2814
1103
0
1194
863
2416
2855
2815
2815
2842
2821
2853
2825
2819
2818
0
0
0
0
0
0
0
0
0
0
0
0
2847
2821
2817
2844
2819
2847
2765
2796
2003
2819
2847
2832
1023
1402
1237
1764
509
1280
1114
119
339
0
403
859
0
912
1310
1093
1285
0
1439
2160
1863
2159
1195
2304
812
0
995
912
369
911
0
961
1304
1357
1943
2115
2822
2817
2838
2819
2833
2818
2825
2851
2818
2838
2821
2813
2833
2832
2772
2864
2814
2819
2833
2839
2971
2819
2859
2811
0
25
0
0
0
0
0
0
0
0
0
0
0
0
0
0
0
0
0
0
0
0
0
0
735
0
697
770
464
898
0
1041
1216
977
1364
1439
0
0
0
0
0
0
0
0
174
388
0
0
1168
663
1062
0
939
813
219
908
0
765
784
606
2170
2106
1484
1917
1012
1727
1626
1008
1397
509
1319
1413
2841
1003
2830
2829
2821
2818
2807
2845
2825
2714
2864
2852
0
0
0
0
0
0
0
0
0
0
0
0
2833
2818
2858
2816
2815
2830
2815
2848
2819
2810
2841
2832
2820
2419
2809
2859
2783
2800
1769
2610
1989
2306
2312
2218
2559
2559
2047
2719
2854
2816
2814
2459
2818
2871
2817
2670
0
0
0
0
0
0
0
0
0
0
0
0
2816
2864
2817
2816
2826
2821
2866
2809
2815
2837
2822
2813
2833
2818
2480
2410
1725
1143
1319
724
1250
1173
259
0
656
0
1114
1280
1115
1663
679
1851
2114
1698
2155
2096
599
407
0
0
0
0
0
0
0
0
0
0
2848
2817
2815
2849
2815
2839
2823
2819
2978
2818
2823
2821
698
111
0
307
0
113
0
0
16
0
0
0
0
327
578
0
606
0
762
936
703
1201
327
274
2817
2853
2820
2827
2829
2815
2861
2818
2814
2832
2818
2823
0
45
0
0
99
0
255
0
222
388
0
0
705
0
650
0
870
819
37
839
40
878
1002
880
2320
2224
1791
2221
1130
2473
2484
1934
2528
1519
2448
2412
0
0
0
0
0
0
1256
1503
0
703
2865
2858
0
0
0
206
0
293
0
409
464
0
439
482
2832
2814
2861
2816
2758
2826
2821
2855
2823
2815
2832
2831
2819
2827
2821
2862
2822
2833
2836
2819
2859
2821
2815
2811
351
473
0
762
27
1595
1520
1245
2225
1167
2047
2247
1488
1686
1248
378
1427
469
574
835
0
1230
1168
1680
2815
1796
2438
2155
1443
2336
1914
2724
2818
2619
2819
2821
2848
2815
2857
2739
1647
1691
2485
1896
2817
2810
2837
2842
2589
1041
1237
435
0
208
0
810
977
1456
1713
1638
2795
2711
1858
2697
2850
2823
2818
2845
2816
2836
2818
2751
2845
2815
2823
2843
2812
2845
2826
2818
2834
2814
2849
2801
1931
2394
2289
2816
2512
2288
1772
637
400
0
0
0
1035
1721
1748
1522
1757
625
1198
592
0
0
0
0
2819
2847
2816
2839
2819
2839
2853
2820
2832
2817
2817
2814
0
0
0
0
240
0
0
0
0
0
0
0
0
0
0
0
0
0
0
0
0
0
0
0
2081
1880
1573
1907
542
1342
938
443
657
0
1082
1340
0
0
0
0
0
0
0
0
0
0
0
0
0
0
0
0
0
0
0
0
0
0
1391
2011
2559
2781
2868
2823
2815
2033
2640
1732
2510
2750
2043
2284
2795
2837
2823
2860
2816
2821
2834
2816
2853
2787
2819
2847
0
0
0
0
0
0
0
0
162
272
0
0
402
778
725
0
610
0
349
490
0
471
56
112
2819
2859
2819
2815
2839
2816
2844
2819
2807
2839
2819
2816
727
1518
1312
1697
2112
881
1911
1826
1504
2092
950
925
341
0
75
30
0
54
0
0
89
0
176
112
2023
2328
1277
2256
2178
1961
2112
971
1878
2496
1831
2230
2843
2323
2800
2083
2816
2844
2815
2821
2544
2816
2845
2824
1464
1072
1376
1378
560
1363
1290
1327
1609
947
2304
2103
2852
2818
2817
2825
2817
2854
2816
2821
2859
2816
2849
2861
2819
2858
2815
2816
2826
2831
2853
2816
2818
2838
2818
2816
0
0
0
0
0
0
0
0
0
0
0
0
0
0
0
0
0
0
0
0
0
0
0
0
1601
1504
1136
1473
362
1427
1428
1046
1379
224
1360
1323
0
0
0
0
0
0
0
0
0
0
0
0
835
304
881
949
432
855
245
898
897
207
848
888
2841
2819
2853
2820
2817
2850
2816
2858
2815
2813
2837
2843
1053
352
0
1664
2453
2273
0
2817
2869
2820
2826
2818
0
204
0
233
0
0
91
0
180
0
0
0
1680
2026
2082
1023
1680
1344
1578
1521
479
1495
1120
932
2811
2860
2821
2814
2842
2818
2849
2817
2816
2861
2821
2814
0
851
1072
816
1079
57
779
1476
1135
1366
241
482
1014
13
1003
538
954
970
146
1113
848
1232
1249
1182
2821
2821
2835
2821
2794
2823
2814
2853
2817
2832
2818
2813
747
613
577
441
2039
1912
0
1391
123
1647
492
2815
2799
2848
2608
2816
2151
2817
2837
2621
2815
1887
2512
2113
2858
2821
2818
2834
2817
2835
2813
2288
1455
1611
0
0
0
2848
2476
928
0
0
0
0
0
0
0
0
0
0
0
0
0
0
0
0
0
0
0
0
0
0
0
0
1708
2352
2171
2763
1723
2559
2288
1936
2810
2819
2829
2832
2945
2819
2810
2832
2811
2875
2816
2815
0
0
0
0
0
0
0
0
0
0
0
0
2439
2862
2821
2815
2832
2814
2863
2818
2806
2832
2827
2817
2838
2815
2854
2822
2816
2839
2818
2845
2819
2815
2844
2843
2815
2835
2814
2835
2818
2816
2320
300
0
0
0
0
0
0
0
0
0
0
0
0
599
1072
959
1067
2854
2815
2817
1171
1043
0
0
419
293
1922
2849
2854
2817
2832
2832
2820
2848
2816
2838
2822
2817
2849
2775
2455
327
1995
2075
1515
1634
23
161
0
0
0
0
0
2818
2839
2817
2842
2821
1989
0
0
0
0
0
0
2759
2207
416
1021
932
1212
2000
1873
2818
2835
2816
2821
2770
2815
2826
2852
2827
2854
2816
2831
2847
2834
2843
1816
0
0
0
0
449
2718
2827
2832
2815
2861
2819
2817
0
0
0
0
0
0
2207
2823
2827
2814
2861
2863
0
0
0
332
1397
2815
2861
2728
2822
2832
2708
2807
0
732
1184
2815
2818
2832
2818
2864
2819
2819
2816
1424
2818
2833
2816
2863
2819
2708
1137
1280
0
0
144
66
2823
2815
2838
2817
2865
2819
2819
2818
2811
2858
2821
2819
273
1181
1711
884
2717
2760
2191
1818
50
419
0
0
1872
560
0
0
0
0
0
0
0
0
0
0
0
1591
1904
2431
2816
2303
2819
2843
2815
2883
1168
0
0
0
0
0
0
0
0
0
0
0
0
0
1174
2470
2032
2551
1472
0
0
0
0
0
495
2832
2834
2820
2823
2853
2821
2831
2822
2818
893
228
0
0
2811
2831
2825
2815
2850
2816
2819
2829
2817
2850
2867
2822
773
918
128
0
464
397
2003
2610
2542
2869
2864
1577
2810
2853
2815
1592
0
0
0
0
0
0
403
1070
1474
1629
271
1461
2081
2160
2823
2859
2817
2448
1007
561
1231
0
0
0
0
0
0
0
0
0
711
941
704
855
0
89
0
0
635
443
1819
2136
2823
2820
0
0
306
0
0
0
0
0
0
2808
2947
2849
2276
2316
2419
2816
1487
1651
245
0
0
0
0
0
1535
2822
2837
2832
2815
1507
2015
1690
1569
2298
1619
2843
0
0
164
0
0
0
0
0
0
0
0
0
2829
2810
2838
2815
2858
2820
2821
2869
2698
2865
2825
2819
0
0
0
0
0
0
0
0
0
0
0
0
0
0
0
0
0
0
0
0
0
0
0
0
2847
2820
2851
2816
2818
2832
2819
2845
2822
2815
2841
2846
2818
2672
2831
2903
2640
2448
1154
1395
500
0
0
0
807
934
0
0
0
0
0
0
0
0
0
0
2805
2454
2729
1731
2783
2864
2511
2800
2852
2823
2820
2816
469
960
375
975
1511
2831
2902
2829
2811
2847
2823
2817
0
192
261
0
554
0
938
1022
746
1235
461
384
1601
765
1909
2120
1807
2298
1139
2224
2304
1819
2240
2275
2832
2814
2851
2811
2823
2823
2818
2848
2832
2821
2833
2830
1099
689
1347
1353
2327
2243
1799
2817
2857
2803
2816
2811
2287
2543
2003
2704
2529
2816
2816
2473
2839
2864
2818
2822
2856
2815
2803
2835
2839
2852
2758
2805
2834
2817
2843
2838
2814
2823
2816
2807
2828
2812
2859
2813
2798
2397
2811
2554
2836
2825
2848
2763
2825
2067
2800
2374
2087
2164
999
948
400
0
0
0
0
0
0
0
0
0
0
0
2825
2813
2210
2820
2832
2805
2820
2877
2815
2843
2819
2807
0
0
0
0
0
0
0
0
0
0
0
0
391
0
0
233
0
0
0
0
0
0
0
0
2842
2837
2848
2823
2863
2835
2819
2838
2807
2819
2844
2871
407
0
979
1216
1279
1799
991
2176
2538
2343
2548
2698
1095
1248
0
1090
864
430
771
0
727
573
0
0
2832
2801
2817
2858
2819
2822
2823
2818
2858
2789
2819
2815
0
0
0
0
0
0
0
0
0
0
0
0
0
0
0
0
0
0
0
0
0
0
0
0
2815
2851
2786
2897
2848
2815
2941
2815
2805
2702
2819
2647
2818
2815
2859
2887
2905
2848
2807
2851
2821
2829
2827
2821
0
0
0
0
0
0
0
85
0
0
464
582
774
784
0
752
0
740
1057
561
1371
503
1809
1904
2854
2816
2875
2559
2817
2864
2818
2817
2323
2817
2848
1619
1665
523
1447
1509
1191
1523
483
1554
1626
1306
1488
720
0
754
388
608
820
0
723
468
554
759
0
0
2815
2842
2795
2851
2820
2803
2831
2815
2848
2818
2814
2815
2815
2818
2835
2826
2854
2813
2806
2834
2816
2835
2820
2833
1905
2212
1968
1010
2109
1936
1505
1512
944
2096
1304
1744
1396
1168
1070
1250
91
1104
1038
873
932
0
796
759
2849
2805
2837
2820
2813
2832
2816
2850
2871
2816
2845
2854
526
0
146
0
0
0
0
0
0
0
164
0
0
0
0
0
0
0
0
0
0
0
0
0
2827
2823
2799
2847
2806
2826
2823
2816
2852
2819
2822
2816
0
64
0
432
0
263
0
0
80
0
0
0
0
0
0
0
0
0
0
67
0
0
0
0
2818
2841
2816
2835
2821
2819
2832
2821
2831
2810
2817
2814
2303
2300
387
2840
2839
2813
2671
2863
2823
2793
2822
2902
12
0
181
0
0
0
0
4
0
0
0
0
1649
1588
1041
1349
43
1091
1200
714
997
0
859
704
2853
2818
2830
2819
2813
2849
2817
2823
2826
2815
2855
2847
938
0
893
816
775
1332
0
1354
1568
1314
1627
1487
373
867
0
818
957
466
933
0
928
848
463
551
2815
2183
2723
1936
2686
2659
2032
2645
1767
2614
2511
2544
1252
1162
433
1235
517
1085
1090
371
1184
912
1260
1206
0
0
286
0
400
0
0
144
0
247
0
0
2818
2852
2819
2820
2411
2816
2852
2754
2817
2085
2731
2640
2882
2832
2859
2823
2655
2842
2816
2846
2815
2816
2839
2863
452
0
395
0
0
464
0
400
20
0
192
343
1071
906
319
1799
1797
2781
2521
1039
982
315
1200
2327
2833
2815
2819
883
1573
2176
2818
2821
2847
2830
2180
1352
0
0
0
0
0
0
0
0
0
0
0
0
0
1081
738
755
889
0
1143
1264
1071
1480
423
255
2818
2539
2656
2816
2703
2817
2879
2819
2832
2831
2818
2817
0
0
114
0
0
0
0
0
2063
2064
1613
1535
0
0
0
0
0
0
0
0
0
0
0
0
0
0
0
0
0
0
0
0
0
0
372
0
0
0
0
0
0
0
0
0
0
1211
351
527
0
0
0
0
0
0
0
0
0
0
0
762
0
0
0
0
0
0
0
0
0
131
0
0
208
0
272
0
687
1266
1171
2330
2053
2428
2559
2773
0
0
0
0
0
0
0
0
544
544
1166
655
1296
1494
1296
390
834
316
635
778
0
904
723
277
2816
2854
2820
2821
2495
2822
2850
2821
2814
2827
2819
2814
0
2815
2845
2799
2826
2847
2896
2851
2836
2821
2843
2837
673
0
667
0
624
560
0
478
0
347
461
451
1264
1399
503
924
59
794
679
0
454
124
0
0
2859
2819
2816
2833
2821
2857
2819
2819
2837
2817
2855
2842
599
0
0
556
0
511
2
288
464
0
586
497
0
962
557
607
774
0
1111
834
984
1106
176
295
2815
2837
2785
2833
2821
2821
2851
2818
2829
2826
2816
2823
0
0
0
0
0
0
0
0
397
266
0
0
0
0
0
0
99
0
0
166
0
24
0
0
2818
2853
2815
2820
2785
2815
2832
2811
2795
2843
2816
2816
1814
2786
2839
2811
2835
2848
2815
2847
2817
2814
2833
2843
0
0
0
0
0
0
0
0
51
0
0
336
528
596
0
658
368
536
621
0
659
672
208
266
2829
2821
2814
2849
2820
2821
2818
2813
2854
2816
2829
2817
1872
1696
1347
2027
802
1768
1729
1383
1735
695
1762
1711
0
304
590
0
448
0
464
416
0
544
0
0
2235
944
2045
2088
1711
2172
893
1995
2227
1618
2129
2130
1268
1466
1335
2361
2212
1154
2816
2843
2815
2842
2822
2817
0
0
0
0
0
0
0
0
0
0
604
412
2449
2693
2480
2807
2860
2088
1499
656
1647
1134
1943
1083
2863
2815
2815
2830
2814
2862
2818
2818
2832
2815
2861
2863
0
0
0
0
0
0
0
0
0
0
0
0
0
0
0
0
0
0
0
0
355
560
107
977
2815
2841
2818
2842
2825
2818
2841
2821
2844
2823
2821
2823
800
1242
703
1840
1408
2115
2274
1590
2336
1964
2544
2485
0
0
0
0
0
0
0
0
0
0
0
0
2064
2384
2279
2736
789
1343
1464
467
712
0
1131
843
0
2819
2832
2715
2599
2848
2818
2828
2813
2815
2854
2853
2815
2847
2817
2830
2816
2813
2817
2816
2857
2819
2821
2814
2814
2813
2857
2816
2833
2815
2819
2847
2819
2832
2824
2819
2857
2821
2806
2865
2831
2864
2830
2821
2865
2814
2832
2850
291
361
0
582
0
352
578
327
544
0
848
968
0
638
0
0
387
0
400
131
0
589
0
0
2820
2847
2817
2832
2826
2819
2847
2820
2829
2829
2814
2818
1807
2107
1040
2301
2822
2668
2815
2849
2819
2827
2823
2892
2823
2822
2817
2849
2754
2830
2819
2818
2855
2820
2829
2831
2818
2820
2675
2826
2526
2808
2815
2325
2559
1279
2469
2464
2855
2817
2814
2832
2813
2861
2825
2816
2833
2815
2863
2860
0
0
0
0
0
0
0
0
0
0
0
0
0
0
0
0
0
0
0
0
0
0
0
0
2819
2836
2825
2860
2815
2807
2835
2814
2842
2820
2815
2818
0
246
0
0
0
0
176
0
294
15
0
0
0
634
644
0
464
25
688
643
0
555
496
504
2812
2847
2814
2802
2845
2819
2848
2815
2817
2848
2817
2818
0
0
0
540
1815
615
1577
2087
2331
2818
2367
2923
888
0
627
491
400
656
0
481
361
0
605
562
1667
1926
744
1744
1620
1381
1596
623
1730
1584
1206
1163
2843
2817
2807
2843
2816
2832
2822
2821
2832
2821
2823
2827
0
0
0
0
0
0
558
0
674
0
0
1424
0
1312
1392
1098
1678
923
1798
1921
991
1091
0
0
2818
2848
2825
2823
2667
2814
2848
2813
2827
2690
2813
2817
1680
2080
1099
2195
2382
1949
2326
1120
1991
2032
1692
1494
474
0
210
0
751
460
0
352
0
0
230
304
1291
1322
689
1168
177
947
1328
503
1098
273
1803
1831
2854
2822
2818
2831
2819
2855
2818
2918
2834
2866
2849
2858
1433
385
1095
1063
335
944
90
737
642
0
565
570
1143
1415
235
1148
1209
565
1061
31
881
1125
687
402
2831
2843
2843
2864
2813
2817
2843
2829
2853
2815
2818
2823
0
208
0
289
0
0
535
0
469
114
0
0
22
736
727
0
714
29
848
913
263
1072
457
225
2815
2850
2820
2817
2838
2833
2849
2821
2811
2832
2819
2825
0
0
0
0
0
0
0
0
0
0
0
0
0
0
0
0
0
0
0
0
0
0
0
0
2163
2815
2846
2813
2834
2823
2816
2848
2818
2825
2823
2826
0
0
0
0
0
48
0
541
0
1293
1247
2320
2815
1311
1393
686
0
0
0
0
0
0
0
0
2848
2822
2842
2820
2818
2850
2815
2837
2819
2818
2854
2849
530
0
432
266
0
482
0
659
481
655
1403
1898
2822
2815
1589
2053
1460
1259
950
0
0
102
0
0
1008
834
1373
656
2015
2494
2343
2818
2856
2817
2817
2801
1599
1728
1630
1974
1072
2223
2160
2302
2658
1738
2806
2825
0
916
996
0
96
0
1615
1616
1383
0
2503
2993
2818
2853
2816
2832
2511
1753
0
0
0
0
0
0
2828
2816
2858
2815
2825
2824
2825
2849
2467
1600
347
0
2819
2845
2818
2855
2817
2829
2830
2818
2853
2818
2823
2832
