1635
1696
1713
1808
1835
1903
1958
1959
2029
2081
2116
2189
446
483
437
464
420
439
463
438
464
445
445
449
471
486
488
470
496
474
479
493
478
508
483
454
2832
2848
2802
2835
2813
2841
2815
2814
2836
2815
1616
558
675
685
663
677
704
674
680
679
681
711
678
674
2629
2770
2751
1703
2821
2850
2814
674
691
679
766
763
2816
2839
2812
2828
2823
2812
2843
2809
2821
2818
2813
2831
713
787
827
917
969
1065
1110
1177
1239
1275
1392
1466
561
546
551
576
551
570
569
555
566
550
563
576
2559
941
421
346
448
387
370
432
422
420
384
406
2197
2294
2343
2394
2401
2448
2487
2528
2600
2613
2669
2704
592
624
592
611
604
595
629
598
611
615
603
593
560
548
595
571
579
576
576
606
577
573
586
586
2821
2818
2814
2849
2814
2815
2826
2821
2847
2807
2810
2815
349
363
358
336
384
354
368
337
365
390
338
368
110
146
144
162
151
192
153
145
171
158
201
195
2821
2859
2815
2813
2823
2810
2847
2822
2815
2831
2800
2812
662
706
731
833
899
973
997
1038
1129
1198
1258
1329
262
288
267
320
277
274
298
303
310
283
283
284
262
267
290
272
308
273
275
293
283
305
279
290
2559
2669
2684
2731
2759
2768
2813
2810
2833
2815
2835
2835
511
561
528
528
490
528
566
528
533
542
535
538
720
707
751
710
707
725
711
752
715
722
727
739
831
843
827
875
821
832
847
835
880
841
834
837
770
773
800
772
816
779
773
788
782
822
784
783
596
401
570
560
570
613
575
567
577
572
598
667
2815
2860
2807
2814
2829
2810
2853
2820
2805
2832
2815
2807
1855
1887
1906
2002
2036
2084
2128
2178
2241
2274
2301
2367
528
544
510
561
534
531
544
535
567
547
544
537
456
460
481
457
496
464
461
475
464
496
465
467
2834
2815
2813
2844
2818
2829
2820
2811
2849
2813
2823
2822
240
269
240
242
261
250
275
250
254
272
256
253
2839
2813
2842
2814
2810
2818
2774
2837
2829
2818
2826
2851
2817
2835
2807
2845
2815
2819
2814
2787
2847
2803
2813
2806
627
670
752
791
832
925
974
1020
1095
1153
1225
1295
179
160
195
198
177
154
170
176
322
170
263
174
2801
2828
2787
2806
2844
683
841
122
161
135
174
183
2239
2304
2335
2379
2409
2441
2498
2511
2587
2603
2640
2692
397
450
336
335
402
348
397
387
330
394
374
406
620
614
643
618
623
624
614
657
655
629
635
637
745
755
754
785
752
750
774
752
793
752
757
752
829
830
841
838
869
837
831
848
810
875
839
839
720
673
627
791
672
703
656
711
713
706
724
775
2832
2838
2813
2823
2813
2816
2845
2811
2765
2815
2816
2800
1237
1295
1279
1422
1482
1527
1600
1613
1712
1745
1840
1879
505
523
509
549
511
533
538
511
562
525
511
530
2814
2774
2848
2811
2853
2809
2791
2816
2807
2849
2817
2814
2757
2818
2768
2827
2817
2837
2821
2822
2928
2816
2859
2855
2883
2844
2832
2807
2833
2832
2826
2811
2815
2835
2813
2811
2800
2813
2861
2818
2817
2448
2813
2857
2814
2816
2833
2914
2743
2110
2805
2852
2812
2825
2846
2817
2832
2819
2815
2811
2818
2816
2770
2814
2864
2771
2823
2816
2814
2855
2827
2814
2839
2813
2815
2833
2814
2801
2740
2827
2839
2811
2843
2849
2814
2851
2813
2815
2818
2813
2848
2818
2822
2839
2814
2818
2815
2783
2858
2819
2814
2834
2815
2853
2821
2832
2835
2826
2845
2836
2813
2857
2819
2815
2847
2820
2832
2814
2816
2773
2624
2701
1951
1791
2853
2811
2818
2832
2815
2844
2781
2827
0
0
0
0
0
0
0
0
0
0
0
0
0
0
0
0
0
0
0
0
0
0
0
0
2837
2815
2835
2823
2807
2838
2797
2832
2817
2819
2807
2847
2813
2833
2816
2851
2807
2813
2832
2817
2859
2815
2811
2816
2818
2815
2817
2814
2835
2823
2813
2843
2821
2843
2815
2817
2767
2769
2823
2853
2819
2825
2819
2815
2862
2759
2818
2815
2813
2831
2819
2815
2850
2817
2832
2814
2815
2848
2801
2822
2848
2818
2830
2812
2813
2847
2817
2832
2821
2815
2846
2842
2816
2864
2817
2815
2830
2806
2861
2863
2853
2866
2791
2847
0
0
0
0
0
0
0
0
0
0
0
0
0
0
0
0
0
0
0
0
0
0
0
0
2815
2800
2830
2816
2849
2822
2813
2819
2815
2849
2823
2815
1819
2602
2848
0
0
0
2800
2810
2864
2800
2853
2925
2816
2854
2816
2801
2825
2817
2858
2815
2820
2832
2805
2815
2822
2815
2853
2821
2817
2835
2816
2856
2819
2818
2829
2832
2900
2834
2818
2859
2810
2827
2829
2816
2857
2813
2817
2813
0
54
0
0
0
0
0
0
0
0
0
695
0
0
0
0
0
0
0
0
0
0
0
0
0
0
0
0
0
0
0
0
0
0
0
0
1661
2135
990
2029
2321
1559
2232
1280
2405
2385
1853
1889
0
0
0
0
0
0
0
0
0
0
0
0
2825
2812
2832
2816
2858
2815
2814
2838
2813
2887
2816
2814
2839
2815
2797
2842
2818
2834
2880
2831
2843
2815
2831
2829
2793
2863
2817
2800
2833
2818
2869
2815
2819
2843
2817
2818
2837
2818
2863
2771
2817
2832
2816
2855
2819
2815
2838
2833
2814
2838
2834
2854
2817
2811
2842
2822
2851
2816
2825
2810
0
0
0
0
0
0
0
0
0
0
0
0
0
0
0
0
0
0
0
0
0
0
0
0
0
0
0
0
0
0
0
0
0
0
0
0
0
0
464
0
253
0
528
620
0
767
0
160
2804
2236
2818
2832
2817
2814
2641
2815
2835
2815
2815
2815
2816
2810
2850
2817
2830
2827
2819
2853
2815
2817
2827
2821
2843
2816
2818
2842
2818
2841
2805
2829
2841
2818
2831
2847
0
0
0
0
0
0
0
0
0
0
0
0
2855
2817
2838
2818
2819
2375
2815
2833
2639
2864
2390
2259
2816
2820
2817
2832
2823
2817
2855
2818
2830
2819
2815
2810
2815
2814
2849
2820
2837
2822
2821
2842
2821
2839
2822
2815
2817
2441
2820
2864
2818
2815
2499
2821
2853
2827
2818
2817
2806
2826
2829
2816
2857
2817
2819
2820
2818
2858
2817
2821
2854
2817
2811
2832
2813
2802
2818
2833
2823
2818
2851
2860
2033
843
1927
1797
1363
1988
941
1815
2095
1397
2147
2079
1791
2256
875
1955
2060
1619
1921
699
2059
1796
1369
1375
2821
2828
2817
2864
2817
2826
2833
2818
2860
2819
2823
2815
1230
1132
594
1055
55
1099
1083
471
1089
119
1114
1124
0
0
0
0
0
0
0
0
0
0
0
0
2859
2863
2819
2813
2832
2816
2851
2819
2822
2837
2813
2816
0
108
0
0
192
0
128
0
0
118
0
0
110
0
193
0
0
228
0
259
0
0
304
392
2471
2366
1691
2151
1399
2223
2192
1618
2079
1071
1992
1984
0
0
0
0
0
0
0
2297
2831
2821
2892
2855
0
0
0
0
0
0
0
0
0
0
0
0
0
0
0
0
0
0
0
0
0
0
0
0
2303
1666
2158
1247
2062
2043
1423
2063
1173
2018
2227
2103
0
0
0
0
0
0
0
0
0
0
0
0
20
766
887
428
1104
486
1478
1504
941
1723
1019
1079
2817
2859
2818
2819
2837
2817
2862
2818
2818
2841
2817
2817
2737
2817
2832
2705
2817
2406
2756
2854
2843
2815
2625
2844
2427
1424
2480
1779
2174
2414
1799
2300
1905
2315
2447
2469
2832
2818
2829
2819
2858
2815
2817
2832
2815
2846
2818
2817
2849
2814
2822
2843
2816
2858
2815
2821
2833
2816
2846
2847
1143
576
992
999
0
923
496
878
927
0
971
1103
0
304
0
0
0
0
0
0
0
0
0
0
2821
2837
2820
2867
2817
2817
2835
2817
2850
2819
2815
2817
0
0
0
0
0
0
0
0
0
0
0
0
0
0
0
0
0
0
0
0
0
0
0
0
0
0
0
0
0
0
0
0
0
0
0
0
0
160
0
181
855
1986
2719
1840
2431
2813
2829
2864
0
0
0
0
0
0
0
0
0
0
0
0
2811
2811
2841
2807
2845
2816
2815
2843
2859
1290
0
0
2829
2819
2815
2846
2816
2828
2823
2822
2859
2819
2826
2819
0
0
0
0
0
0
0
0
0
0
0
0
0
0
0
0
0
0
0
0
0
0
0
0
2799
2870
2817
2863
2832
1553
0
0
0
0
0
0
1579
1767
816
1954
1668
1740
1999
1271
2149
2124
2167
2151
0
0
0
0
0
0
0
0
0
0
0
0
2059
2112
1690
2254
943
2293
2266
1840
2394
1355
2523
2427
2858
2819
2830
2820
2810
2860
2814
2821
2832
2818
2862
2863
0
0
0
0
0
0
0
0
0
0
0
0
0
0
0
0
0
0
0
0
0
0
0
0
2825
2812
2817
2847
2817
2832
2817
2815
2846
2816
2823
2827
0
0
0
0
0
0
0
0
0
0
0
0
0
0
0
0
0
0
0
0
0
0
0
0
0
0
0
0
0
0
0
0
0
0
0
0
564
1919
1253
2005
752
1412
2288
1616
818
2816
2843
2663
0
0
0
0
0
0
0
0
0
0
0
0
2817
2814
2827
2803
2859
2815
2816
2832
2827
2867
2810
2814
2858
2817
2803
2947
2817
2862
2800
2801
2830
2815
2852
2849
0
0
0
0
0
0
0
0
95
0
315
552
0
0
0
0
0
0
0
0
0
0
0
0
2816
2834
2816
2855
2817
2815
2832
2817
2861
2814
2821
2809
2815
2809
2835
2815
2844
2821
2815
2836
2802
2853
2815
2809
976
1038
1309
337
1231
1328
1581
1635
911
1859
1644
1964
0
0
0
0
0
0
0
0
0
0
0
0
2821
2816
2855
2817
2815
2825
2814
2848
2817
2818
2800
2830
0
0
0
0
0
0
0
0
0
0
0
0
2827
2815
2833
2763
2834
2814
2902
2839
2903
2832
2814
2816
2863
2773
2814
2836
2823
2851
2816
2811
2832
2815
2800
2864
896
976
523
1136
82
1525
1568
1334
2171
995
2308
2279
0
0
0
0
0
0
0
0
0
0
0
0
2848
2853
2817
2821
2818
2845
2912
2838
2859
2913
2807
2794
2099
2407
1342
2498
2456
2271
2581
1395
2617
2636
2419
2423
2284
2207
2832
1858
163
0
0
0
0
0
0
0
2815
2802
2817
2815
2852
2809
2830
2822
2809
2851
2843
2818
2838
2816
2843
2807
2803
2858
2832
2844
2755
2822
2845
2849
0
0
0
0
0
0
0
0
0
0
0
0
2819
2811
2843
1319
84
0
0
0
0
0
0
0
2816
2827
2814
2849
2815
2817
2823
2818
2852
2818
2849
2817
2805
2520
1950
2299
2155
2819
2816
2434
2802
2847
2817
2816
0
0
0
0
0
0
0
130
0
204
0
0
0
0
0
0
0
0
0
0
0
0
0
0
2832
2819
2861
2818
2819
2827
2803
2853
2812
2815
2829
2827
0
0
0
0
0
0
0
0
0
0
0
0
2817
2813
2837
2817
2851
2878
2826
2836
2821
2848
2817
2818
2859
2829
2814
2832
2803
2864
2825
2822
2832
2819
2854
2853
0
0
0
0
0
0
0
0
97
0
271
112
0
0
0
0
0
0
0
0
0
0
0
0
2816
2832
2805
2855
2807
2806
2841
2814
2804
2815
2827
2896
1965
1878
1071
1840
1280
1995
2047
1401
2256
1664
2256
2318
0
0
0
0
0
0
0
0
0
128
0
0
2804
2839
2817
2812
2839
2800
2833
2802
2830
2878
2863
2796
2834
2816
2891
2815
2815
2839
2821
2852
2789
2809
2831
2830
0
0
0
0
0
0
0
0
0
0
0
0
2815
2816
2843
2814
2847
2747
2816
2885
2807
2839
2826
2815
2833
2817
2818
2834
2817
2842
2830
2813
2851
2832
2847
2823
0
0
0
468
0
1087
1648
1449
1809
1574
2803
2819
0
0
0
0
0
0
0
0
0
0
0
0
2815
2850
2814
2816
2832
2880
2857
2811
2800
2831
2814
2827
2832
2816
2855
2788
2818
2864
2815
2858
2823
2815
2832
2833
2811
2819
2821
2861
2816
2826
2823
2807
2862
2814
2826
2838
2819
2815
2832
2818
2864
2814
2810
2833
2813
2892
2814
2821
2851
2814
2811
2801
2826
2858
2800
2815
2844
2813
2854
2857
0
0
0
0
0
0
0
0
0
0
0
0
2864
2839
2864
2835
2832
1919
1657
431
0
0
0
0
2821
2837
2815
2862
2768
2807
2835
2805
2855
2815
2817
2815
883
880
0
569
198
0
0
0
0
0
0
0
0
0
0
0
0
0
0
0
0
0
0
0
2816
2859
2813
2874
2832
2821
2843
2801
2849
2855
2817
2817
0
341
0
66
0
1837
2467
2859
2764
2816
2845
2878
301
0
0
0
0
0
0
0
0
0
0
0
2819
2810
2842
2815
2851
2802
2825
2832
2807
2857
2815
2821
2842
2817
2833
2837
2815
2837
2817
2777
2843
2813
2825
2846
0
0
0
0
0
0
0
0
0
0
0
0
0
0
0
0
0
0
0
0
0
0
0
0
2815
2846
2827
2745
2823
2783
2851
2822
2813
2821
2812
2815
2815
2822
2849
2814
2825
2810
2803
2847
2813
2832
2825
2818
2809
2778
2867
2855
2817
2810
2832
2827
2854
2807
2814
2858
2811
2827
2819
2815
2849
2865
2826
2820
2821
2857
2815
2835
2860
2777
2773
2880
2815
2836
2819
2815
2819
2816
2849
2859
0
0
0
0
0
0
0
0
0
0
0
0
2819
2753
2790
2810
2815
2831
2812
2859
2810
2820
2823
2723
2817
2814
2821
2849
2817
2818
2829
2809
2862
2818
2835
2806
0
0
0
0
0
0
0
0
0
0
0
0
0
0
0
0
0
0
0
0
0
0
0
0
2866
2883
2814
2799
2864
2816
2859
2811
2816
2832
2817
2777
0
0
0
0
0
0
0
0
0
0
0
0
2717
2835
2831
2863
2813
2814
2833
2811
2863
2817
2810
2817
2821
2817
2832
2817
2847
2834
2816
2837
2815
2852
2816
2818
2773
2817
2807
2839
2821
2841
2826
2812
2846
2815
2837
2837
0
0
0
0
0
0
0
0
0
0
0
0
2778
2813
2857
2811
2817
2869
2801
2859
2834
2829
883
0
2813
2847
2815
2827
2816
2813
2846
2811
2838
2817
2811
2807
1172
1298
391
1216
1596
1840
2131
1425
1955
1640
1776
1488
2845
2820
2800
2839
2816
2847
2815
2819
2842
2819
2832
2843
2815
2839
2821
2815
2842
2811
2837
2815
2816
2803
2817
2820
1343
2487
2000
2737
2819
2839
1591
2831
2817
2814
2845
2842
2802
2856
464
0
0
0
0
0
0
0
0
0
2826
2812
2854
2820
2813
2828
2816
2849
2811
2819
2819
2831
2819
2832
2815
2861
2814
2849
2832
2817
2847
2812
2815
2807
0
0
0
0
0
0
0
0
0
0
0
0
0
0
0
0
0
0
0
0
0
0
0
0
2814
2858
2817
2810
2828
2815
2864
2820
2815
2831
2817
2817
0
0
0
0
0
0
0
0
0
0
0
0
2816
2863
2819
2862
2817
2815
2832
2823
2859
2818
2831
2821
2822
2752
2834
2791
2861
2816
2815
2833
2832
2861
2839
2818
1102
1803
1783
2832
2815
2829
2813
2815
2838
2815
2861
2862
0
0
0
0
0
0
0
0
0
0
0
0
2839
2819
2847
2823
2818
2837
2818
2847
2821
2814
2838
2834
2806
2839
2815
2816
2827
2817
2930
2816
2844
2819
2817
2807
0
0
0
0
0
0
0
0
0
0
0
0
2839
2807
2813
2607
2813
2845
2817
2816
2840
2814
2837
2829
2870
2849
2813
2815
2843
2818
2861
2816
2816
2839
2817
2817
0
339
276
0
0
0
339
664
0
716
0
560
2774
2838
2811
2835
2815
2814
2839
2814
2828
2822
2811
2814
2818
2796
2849
2815
2817
2826
2815
2848
2817
2815
2822
2831
2846
2807
2814
2859
2815
2823
2823
2816
2867
2816
2814
2817
0
0
0
0
0
0
0
0
0
0
0
0
1398
2190
1704
1667
1779
721
1689
1498
1402
1433
367
0
2811
2843
2805
2832
2816
2814
2845
2818
2830
2809
2815
2817
2819
2815
2853
2812
2793
2827
2805
2846
2834
2224
187
0
2821
2819
2815
2861
2814
2822
2835
2814
2859
2806
2818
2815
2818
2821
2827
2815
2855
2818
2817
2827
2817
2855
2815
2822
0
0
0
0
102
0
1136
2138
2827
2818
2862
2836
2847
2873
2713
2793
0
0
0
0
0
0
0
0
2803
2817
2859
2818
2815
2838
2815
2861
2813
2818
2838
2834
2814
2832
2813
2864
2815
2810
2832
2812
2864
2816
2815
2820
0
0
0
0
0
0
0
0
0
0
0
0
34
673
727
0
624
96
272
848
0
960
730
712
2817
2853
2817
2823
2838
2815
2850
2815
2814
2839
2815
2809
0
0
0
0
0
0
0
0
0
0
0
0
2816
2849
2818
2835
2819
2820
2848
2819
2832
2821
2822
2815
2810
2821
2838
2791
2849
2818
2861
2845
2818
2850
2818
2823
2152
2345
2814
2842
2818
2839
2886
2816
2855
2818
2841
2844
0
0
0
0
0
0
0
0
0
0
0
0
895
1585
1094
1325
1087
0
735
240
0
288
0
0
1393
363
1321
740
1119
1222
301
1168
584
1073
1023
1360
0
99
0
0
48
0
286
0
0
257
0
0
2822
2817
2813
2846
2819
2819
2829
2815
2854
2815
2815
2818
2813
2831
2812
2815
2847
2815
2832
2819
2823
2848
2816
2815
0
0
0
0
0
0
0
0
0
0
0
0
2815
2816
2797
2816
2237
2814
2093
2793
2814
2401
2816
2815
2811
2814
2850
2810
2823
2820
2814
2861
2815
2826
2829
2846
1344
1326
2819
2848
2815
2808
2832
2812
2852
2816
2816
2823
0
0
0
0
0
0
0
0
0
0
0
0
395
1284
1301
547
1106
0
913
925
374
826
0
0
2815
2857
2819
2828
2831
2815
2863
2819
2817
2832
2815
2816
2834
2821
2863
2803
2814
2837
2819
2851
2815
2819
2835
2839
2817
2814
2814
2909
2815
2811
2827
2818
2837
2832
2815
2782
2826
2800
2829
2832
2861
2819
2816
2890
2818
2866
2819
2822
0
0
0
0
0
119
1357
375
2063
2818
2864
2845
1559
1300
1488
1601
687
1439
1058
0
345
0
0
0
1422
1912
684
1535
1489
802
1289
226
1072
918
0
0
2734
2859
2857
2894
2862
2831
2833
2864
2824
817
358
0
0
0
0
0
0
0
0
0
0
0
0
0
0
0
0
0
0
0
0
0
0
0
0
0
2805
2864
2819
2831
2831
2806
2859
2814
2813
2832
2819
2819
0
0
0
0
0
0
0
0
0
0
0
0
2815
2832
2815
2858
2817
2811
2838
2844
2857
2817
2818
2816
2816
2791
2832
2821
2860
2813
2816
2831
2815
2864
2817
2817
240
993
992
564
2815
2853
2786
2814
2836
2843
2896
2849
0
0
0
0
0
0
0
0
0
0
0
0
2849
2814
2814
2817
2815
1971
2416
2192
2067
1968
835
655
0
0
0
0
0
0
0
0
0
0
0
0
363
607
0
0
56
0
27
0
0
0
0
0
2832
2819
2813
2848
2816
2825
2825
2814
2858
2819
2373
476
2814
2823
2819
2815
2847
2815
2813
2828
2815
2851
2811
2813
2843
2815
2973
2816
2815
2838
2827
2857
2807
2327
0
0
2815
2851
2813
2819
2831
2809
2823
2816
2806
2831
2815
2815
2816
2817
2832
2815
2827
2822
2818
2845
2818
2832
2815
2819
2821
2807
2817
2846
2814
2809
2820
2813
2858
2816
2819
2818
2814
2839
2816
2815
2837
2817
2831
2827
2809
2841
2813
2799
0
2124
2926
2815
2814
2848
2815
2832
2819
2811
2852
2363
2813
2839
2811
2838
2810
2806
2835
2814
2835
2817
2813
2791
2818
2841
2850
2816
2820
2832
2812
2855
2810
2815
2826
2827
2842
2832
2788
2845
2815
2829
2778
2815
2844
2801
2827
2780
2811
2835
2815
2816
2839
2818
2836
2815
2814
2841
2815
2811
0
2819
2689
2826
2814
2848
2814
2829
2835
2815
2862
2801
2833
2848
2817
2832
2815
2818
2849
2815
2833
2814
2818
2853
2815
2862
2844
2815
2791
2819
2815
2848
2814
2823
2866
2818
2829
2822
2817
2848
2819
2825
2814
2854
2836
2851
2801
2804
0
0
0
0
0
0
1360
2543
2813
2847
2817
2810
0
0
0
0
0
0
0
0
479
2025
2641
2850
0
0
0
559
1211
2724
2853
2819
2817
2894
2820
2807
0
0
0
0
0
0
0
0
0
0
0
0
0
0
0
0
0
0
363
2178
2850
2814
2815
2822
113
138
0
626
0
1803
2436
2816
2814
2848
2817
2815
0
0
0
0
1011
946
0
2782
2834
2836
2857
2832
0
0
0
0
0
0
0
0
0
0
0
0
0
0
0
0
0
0
0
0
0
0
0
0
0
0
0
0
0
0
0
0
0
0
0
0
0
0
0
0
0
0
0
0
0
0
0
0
0
0
0
0
0
0
0
0
0
0
0
0
2813
2863
2817
2813
2833
2813
2861
2817
2813
2825
2816
2818
1205
746
0
0
0
0
0
0
0
0
0
0
1294
0
0
0
0
0
0
0
0
0
0
0
2818
2001
0
0
0
0
0
0
0
0
0
0
2849
2212
2821
739
427
0
0
0
0
0
0
0
2325
576
0
0
0
0
0
0
0
0
0
0
2845
2817
2826
2399
1744
0
0
0
0
0
0
0
2815
2822
2809
2830
2831
2821
2849
2819
2835
1857
1086
0
2819
2814
2845
2816
2833
2821
2814
538
0
0
0
0
2837
2816
2817
2845
2818
2848
2815
2819
2579
1840
842
0
2815
2829
2813
2802
2850
2815
2827
2830
2818
2850
2036
456
2861
2830
2815
2831
2815
2866
2819
2822
2834
2820
2871
2914
2817
2847
2817
2832
2831
2814
2848
2815
2825
2533
1650
410
2814
2814
2848
2815
2843
2814
2815
2849
2814
2834
2819
2822
2814
2830
2816
2849
2818
2819
2821
2816
2863
2817
2821
2818
2821
2817
2833
2813
2859
2807
2815
2841
2821
2860
2839
2815
2861
2815
2815
2832
2814
2862
2813
2817
2834
2815
2864
2864
2813
2858
2819
2815
2830
2818
2864
2784
2795
2839
2812
2816
2832
2819
2870
2822
2813
2835
2818
2859
2817
2815
2838
2832
2817
2842
2816
2858
2836
2819
2838
2818
2849
2817
2815
2819
2815
2816
2847
2815
2843
2817
2814
2842
2817
2835
2815
2821
2851
2819
2816
2840
2797
2849
2802
2813
2864
2814
2817
2848
2821
2866
2818
2815
2835
2817
2863
2819
2821
2834
2817
2819
2832
2817
2894
2817
2817
2832
2818
2851
2815
2817
2832
2832
2819
2844
2819
2874
2816
2816
2839
2818
2839
2813
2815
2817
2363
2790
2850
2822
2834
2819
2807
2850
2816
2838
2783
2825
2188
2820
2818
2838
2817
2832
2822
2819
2849
2823
2830
2832
2817
2832
2829
2818
2859
2814
2819
2819
2821
2863
2826
2818
0
238
1385
1888
2805
2854
2818
2832
2823
2805
2864
2863
0
0
0
55
662
2300
2863
2818
2819
2832
2810
2812
0
0
0
0
0
0
816
887
2816
2815
2822
2832
0
353
1692
87
2809
2832
2828
2812
2864
2822
2827
2829
0
0
0
0
0
0
0
0
286
656
2787
2812
0
0
0
0
0
0
0
0
0
249
599
2856
0
0
0
0
0
0
0
0
0
0
1897
2818
0
0
0
0
0
0
0
0
0
0
0
0
0
0
0
0
0
0
0
0
0
0
0
0
0
0
0
0
0
0
0
0
0
0
0
0
0
0
0
0
0
0
0
0
0
0
251
247
0
0
0
0
0
0
0
0
0
0
0
0
0
0
0
0
0
0
0
0
0
0
0
0
0
0
0
0
0
0
0
0
0
0
0
0
0
0
0
0
0
0
0
0
0
0
0
0
0
0
0
0
0
0
0
0
0
0
0
0
2817
2839
2815
2559
255
249
0
0
0
0
0
0
2839
2832
2854
2811
1356
0
0
0
0
0
0
0
2815
2645
1874
468
0
0
0
0
0
0
0
0
2832
2815
2864
2819
2817
1087
587
0
0
0
0
0
2800
2825
2828
2851
2826
2395
2832
2517
375
0
0
0
2817
2817
2832
2818
2844
1793
571
0
0
0
0
0
2881
2759
2829
2831
2815
2863
2802
1175
0
0
0
0
2803
2864
2815
2833
2815
2837
2851
2720
2846
2817
2826
2805
2839
2814
2847
2826
2819
2841
2818
2837
2815
2817
2341
641
2811
2828
2812
2861
2820
2818
2832
2818
2854
2821
2816
1696
2813
2817
2832
2813
2902
2815
2813
2830
2815
2858
2805
2817
2858
2768
2814
2832
2815
2859
2814
2800
2810
2830
2855
2874
2815
2864
2919
2817
2831
2813
2877
2820
2816
2829
2821
2817
2834
2815
2854
2818
2813
2846
2818
2841
2818
2819
2850
2844
2817
2837
2832
2849
2821
2817
2832
2815
2838
2815
2769
2816
2823
2817
2833
2818
2862
2818
2815
2832
2810
2858
2816
2823
2850
2821
2817
2842
2816
2846
2870
2812
2839
2812
2845
2832
2818
2853
2815
2815
2843
2815
2849
2817
2816
2833
2816
2822
2836
2816
2854
2826
2815
2838
2817
2849
2811
2815
2835
2835
2817
2840
2815
2833
2812
2816
2846
2778
2835
2816
2838
2815
2817
2820
2835
2817
2850
2817
2817
2897
2823
2862
2807
2815
2846
2815
2822
2846
2815
2853
2815
2848
2837
2817
2823
2839
648
1624
2815
2822
2827
2816
2850
2816
2831
2844
2821
2795
0
287
1802
2783
2821
2843
2823
2826
2829
2821
2850
2847
1494
1615
2863
2815
2823
2802
2874
2699
2822
2830
2802
2823
0
0
0
0
320
1395
2825
2848
2819
2850
2844
2827
0
0
0
0
0
560
1884
2815
2845
2793
2851
2832
0
0
0
0
0
2385
2831
2841
2822
2853
2822
2820
0
0
0
0
0
0
0
0
0
2195
2837
2863
0
0
0
0
0
0
0
0
0
0
0
1482
0
0
0
0
0
0
0
0
734
1936
2643
2832
0
0
0
0
0
0
0
4
927
2763
2805
2826
0
0
0
0
0
0
0
0
0
0
0
0
0
0
0
0
0
0
0
0
0
0
0
0
0
0
0
0
0
0
0
0
0
0
0
0
0
0
0
0
0
0
0
0
0
0
0
0
0
0
0
0
0
0
0
0
0
0
0
0
748
0
0
0
0
0
0
0
0
0
0
0
0
0
0
0
0
0
0
0
0
0
108
0
0
0
0
0
0
0
0
0
0
0
0
0
0
0
0
0
0
0
0
0
0
0
0
0
2815
2835
2817
1448
522
0
0
0
0
0
0
0
2278
851
0
0
0
0
0
0
0
0
0
0
2839
2821
2821
735
481
0
0
0
0
0
0
0
2816
2823
2825
2819
2857
2816
2819
2033
1175
0
0
0
2845
2814
2844
2817
2819
908
432
0
0
0
0
0
2817
2846
2817
2843
2815
2813
2846
2768
1168
0
0
0
2815
2819
2846
2822
2829
2821
2814
2850
2818
2832
976
0
2834
2819
2816
2848
2926
2838
2835
2832
2829
2826
2866
2826
2814
2830
2823
2813
2857
2818
2829
2828
2818
2853
2129
391
2851
2817
2823
2826
2819
2852
2809
2819
2830
2815
2863
2864
2800
2851
2812
2830
2831
2814
2855
2816
2829
2834
2817
2823
2837
2817
2845
2820
2847
2843
2839
2846
2815
2817
2842
2845
2818
2826
2832
2856
2811
2811
2832
2813
2854
2814
2817
2819
2818
2817
2829
2800
2864
2819
2816
2835
2815
2854
2809
2815
2861
2802
2805
2754
2874
2857
2805
2817
2836
2817
2857
2865
2814
2851
2803
2800
2854
2817
2853
2817
2819
2832
2813
2815
2835
2758
2842
2816
2814
2843
2829
2845
2819
2818
2839
2838
2804
2835
2819
2857
2816
2817
2819
2794
2848
2818
2815
2815
2814
2781
2896
2817
2811
2819
2751
2841
2819
2837
2816
2818
2850
2816
2773
2833
2815
2864
2818
2816
2832
2817
2860
2855
2820
2823
2859
2815
2858
2819
2830
2820
2817
2853
2817
2815
0
2081
2827
2828
2819
2856
2817
2809
2830
2823
2863
2864
958
1314
2822
2838
2815
2816
2859
2818
2864
2845
2809
2801
2819
2818
2838
2821
2833
2821
2811
2851
2814
2829
2823
2829
0
0
0
0
1508
2689
2853
2815
2854
2881
2818
2815
0
0
0
0
0
0
128
1087
2807
2857
2816
2811
0
0
0
0
47
0
2225
2827
2851
2839
2875
2848
0
0
0
959
1343
2815
2861
2816
2816
2886
2829
2818
0
0
0
0
0
0
0
0
0
1838
2658
2837
0
0
0
0
0
0
0
0
0
0
428
343
2882
2800
2830
2819
2829
2827
2817
2833
2817
2859
2817
2800
2858
2815
2815
2832
2815
2857
2825
2818
2832
2815
2855
2861
2416
1504
2369
2278
1471
2240
1760
2283
2342
1439
2360
2300
2041
2703
2656
2559
2551
1823
2521
1777
2489
2768
1821
1959
2764
2847
2818
2843
2817
2786
2835
2816
2837
2817
2801
2818
659
838
0
729
436
439
679
0
688
688
495
336
784
839
755
0
534
120
0
242
0
0
0
0
2799
2834
2817
2815
2842
2818
2845
2817
2818
2845
2821
2813
0
0
0
0
0
0
0
0
0
0
0
0
1457
411
1394
1156
1411
1709
817
1739
1520
1616
1783
2008
2818
2817
2837
2819
2839
2815
2818
2857
2816
2847
2817
2820
156
0
68
0
0
0
0
341
0
315
272
544
223
160
0
298
0
147
285
0
324
0
370
272
2486
2821
2837
2689
2815
1776
2727
2704
2256
2415
1235
1219
2823
2849
2815
2831
2819
2816
2850
2821
2831
2825
2799
2818
0
0
0
0
0
0
0
0
0
0
0
0
698
912
961
0
755
140
768
777
0
747
266
405
2821
2827
2828
2816
2857
2817
2817
2811
2829
2859
2827
2815
2823
2815
2837
2813
2818
2849
2793
2833
2826
2815
2848
2848
546
0
496
438
0
619
0
496
576
0
675
784
2516
2815
2809
2607
2607
2037
2691
1646
2559
2669
1891
1959
1628
851
0
783
1591
1658
0
0
2864
2831
2816
2798
5
154
0
94
0
0
184
0
210
0
0
0
621
1201
1228
442
935
210
810
758
0
563
0
120
2814
2850
2817
2819
2826
2815
2857
2827
2823
2829
2816
2816
0
0
0
0
0
0
0
0
0
0
0
0
0
0
0
0
0
0
0
104
0
0
337
540
2816
2819
2837
2815
2847
2819
2818
2841
2842
2859
2817
2816
0
0
0
0
0
0
0
0
0
0
0
0
1379
839
2352
902
307
1501
1184
496
0
0
0
0
2836
2814
2852
2815
2814
2835
2817
2859
2817
2817
2838
2838
2807
2944
2816
2861
2905
2815
2829
2935
2864
2819
2817
2823
477
539
0
384
0
368
431
0
724
0
199
240
448
960
909
0
819
0
464
257
0
230
0
0
2818
2862
2802
2819
2840
2805
2855
2821
2814
2836
2820
2831
1664
2559
2289
2160
2825
2111
2817
2851
2655
2758
2617
2844
196
0
80
163
0
129
0
151
320
0
340
336
2825
2819
2843
2816
2832
2802
2817
2834
2815
2825
2637
2607
1250
1531
1557
433
1631
1591
1107
1586
975
1808
0
2842
0
0
0
0
0
0
0
0
0
0
0
0
1424
2438
2488
2047
2410
1199
2320
2410
1807
2172
978
1153
2803
2921
2836
2813
2803
2817
2859
2815
2815
2845
2815
2805
0
0
0
0
0
0
0
0
0
0
0
0
1504
669
1346
425
1133
1134
410
981
352
944
1093
1152
2812
2832
2815
2816
2844
2768
2831
2816
2814
2845
2816
2815
0
0
0
0
0
0
0
0
0
0
0
0
874
0
880
1072
496
1103
167
1255
1314
783
1297
1299
2832
2815
2861
2827
2832
2832
2818
2850
2807
2822
2816
2830
271
0
0
1568
1487
1827
446
2815
2858
2819
2815
2816
0
0
0
0
0
0
0
0
0
0
0
0
1187
1993
1893
1143
1661
708
1488
1466
565
1226
376
1456
2813
2851
2817
2814
2833
2827
2858
2815
2816
2837
2832
2812
2853
2817
2851
2818
2809
2845
2817
2846
2813
2791
2866
2849
2584
1787
2670
2442
2697
2818
2036
2816
2849
2814
2817
2818
2816
2810
2843
2818
2843
2817
2812
2850
2817
2833
2820
2822
1285
1936
2128
1233
1911
1296
1357
1858
1023
1136
1857
1766
720
221
1855
994
0
1121
555
371
237
0
1520
791
803
1721
1920
1607
1791
575
1723
1724
1456
1774
603
650
2815
2837
2815
2847
2816
2816
2845
2815
2839
2814
2816
2816
0
0
0
0
0
0
0
0
0
0
0
0
1480
839
1068
0
675
432
0
404
0
0
176
98
2815
2843
2822
2815
2848
2817
2831
2813
2815
2846
2816
2819
0
1584
3
0
0
0
0
0
0
0
0
0
1197
0
1273
1432
773
1322
66
1410
1288
943
1482
1450
2821
2815
2853
2815
2825
2823
2815
2827
2817
2820
2830
2822
0
0
0
0
0
0
0
0
0
0
0
1920
0
0
0
0
0
0
0
0
0
0
0
0
2864
2827
2815
2391
2815
1535
2806
2440
1875
2399
1375
1280
2825
2855
2820
2820
2829
2815
2862
2817
2817
2832
2814
2817
2779
2818
2863
2831
2816
2627
2818
2863
2809
2810
2833
2839
2386
1718
2492
1520
2311
2360
1520
2291
1721
2464
2536
2713
2806
2805
2819
2812
2860
2815
2815
2797
2811
2863
2822
2816
1298
1803
1634
610
1680
1420
1522
1535
735
855
1317
1456
76
0
0
161
0
128
0
0
402
0
309
355
2237
2817
2843
2771
2817
2067
2816
2512
2589
2765
1679
1809
2138
1135
2271
2859
2833
1819
2845
2814
2861
2832
2819
2855
0
0
0
0
0
0
0
0
0
0
0
0
786
1010
923
0
722
54
0
287
0
0
0
0
2815
2841
2817
2778
2841
2813
2837
2822
2812
2839
2816
2815
1261
2133
1892
1779
1941
907
1872
1445
1487
1782
657
811
1296
209
1229
1216
1158
1648
423
1599
1818
1646
2057
2129
2823
2818
2860
2819
2829
2821
2811
2855
2826
2826
2821
2828
0
0
0
0
0
0
0
0
0
0
0
0
0
53
0
60
0
0
1606
0
883
485
82
1
2845
2825
2830
2559
2819
1727
2546
2600
2274
2496
1380
1278
2813
2789
2915
2819
2853
2811
2865
2807
2823
2862
2803
2829
0
0
0
0
0
0
0
0
0
0
0
0
2815
2832
2815
2862
2818
2818
2539
2811
1904
2343
2149
1858
2821
2815
2831
2816
2859
2815
2800
2830
2819
2864
2817
2811
2839
2822
2919
2848
2832
2432
2821
2819
1719
2035
1035
1003
931
0
959
916
429
1145
400
1050
1226
546
1337
1242
2830
2815
2864
2800
2819
2559
2820
2866
2816
2815
2717
2640
1105
3
990
1039
686
1135
522
0
2530
2152
2529
2819
0
0
0
0
0
0
0
0
0
0
0
0
2088
2155
2122
1089
1968
1794
1494
1783
528
1587
1506
1362
2816
2833
2824
2774
2847
2816
2826
2825
2814
2849
2816
2816
0
304
0
0
252
0
103
0
0
156
0
0
1729
989
1715
1104
1643
1712
962
1852
1674
1872
2108
2420
2814
2816
2839
2818
2846
2818
2817
2839
2816
2851
2817
2819
0
0
0
0
0
0
0
0
0
0
0
0
338
400
0
176
0
496
432
0
645
0
611
758
2855
2834
2814
2802
2800
2857
2817
2806
2739
2830
2861
2864
0
0
0
1424
1191
0
2015
2727
2064
2087
2829
2627
0
0
0
0
0
0
0
0
0
0
0
0
1517
740
1153
226
874
798
0
549
0
0
280
187
2811
2826
2816
2833
2852
2814
2825
2821
2811
2845
2814
2816
2095
2823
2837
2693
2822
2640
2817
2837
2818
2815
2851
2851
2816
2848
2818
2823
2682
2816
2848
2813
2820
2823
2816
2820
2836
2817
2864
2820
2823
2834
2818
2855
2815
2816
2837
2843
868
7
0
0
858
0
0
0
0
0
1451
2759
336
432
0
417
0
90
493
0
470
0
16
1997
1111
1855
1858
1263
1855
793
1920
1751
1076
1674
739
624
2818
2860
2818
2820
2845
2545
2848
2816
2832
2851
2791
2826
0
0
0
0
0
0
0
0
0
0
0
0
2822
2303
2823
2855
2738
2468
1383
2000
1014
1335
940
528
2819
2815
2843
2815
2830
2816
2817
2847
2818
2829
2811
2825
1633
2811
2807
1439
2288
2419
2003
1726
1077
2501
502
1792
994
592
1008
1087
144
1013
972
1122
1451
403
1477
1431
2848
2817
2829
2823
2819
2845
2818
2832
2821
2815
2850
2847
0
0
0
0
0
0
0
0
941
737
1453
0
0
0
0
0
0
0
0
0
0
0
0
0
1144
625
911
0
760
644
0
666
0
496
432
238
2848
2859
2874
2810
2847
2816
2820
2821
2815
2853
2814
2821
0
0
0
0
0
0
0
154
0
0
0
0
1701
451
1535
1508
987
1586
594
1792
2015
1630
2199
2315
2813
2798
2862
2815
2815
2829
2814
2855
2819
2816
2844
2830
2647
1860
2268
1928
2405
2291
1364
2679
1944
2355
2584
2308
240
656
0
448
0
471
464
0
559
0
573
592
2859
2831
2816
2737
2768
2864
2816
2814
2829
2817
2864
2860
2160
1212
2367
2896
2479
2821
2862
2818
2816
2832
2814
2821
0
0
0
0
0
0
0
0
0
0
0
0
0
0
0
0
0
0
0
0
0
0
0
0
2813
2877
2832
2896
2835
2815
2830
2832
2814
2861
2815
2816
720
171
566
0
277
352
0
650
0
479
504
537
2816
2864
2929
2817
2530
2819
2849
2819
2821
2841
2813
2817
2879
2817
2843
2819
2818
2845
2817
2842
2819
2851
2844
2847
0
0
0
0
0
0
0
0
0
119
1459
1344
18
469
0
403
0
0
380
0
647
217
640
658
282
0
371
0
199
83
0
160
0
0
73
0
2818
2848
2821
2821
2851
2821
2847
2816
2818
2848
2821
2817
0
0
0
0
0
0
0
0
0
0
0
0
1360
175
1004
730
912
905
0
1232
1176
720
1013
903
2817
2817
2851
2814
2821
2855
2814
2851
2817
2819
2825
2822
2822
2825
2817
2839
2815
2832
2845
2805
2848
2809
2856
2811
2231
2331
1650
2400
1656
2273
2305
1923
2406
1874
2549
2422
2865
2821
2817
2832
2815
2858
2815
2817
2864
2817
2864
2849
1360
594
1575
1518
511
2601
1971
2812
2593
2311
2819
2817
0
0
0
0
0
0
0
0
0
0
0
0
0
0
0
0
0
0
0
0
0
0
0
0
2816
2854
2850
2833
2879
2850
2800
2861
2819
2859
2816
2817
0
0
0
0
0
0
0
0
0
0
0
0
1443
688
813
912
0
822
674
1023
1271
443
1621
1648
2839
2815
2838
2812
2819
2839
2811
2854
2817
2793
2832
2832
2352
0
690
100
271
0
0
435
59
0
0
738
1211
1232
267
1471
960
1098
1296
559
1295
984
1150
1303
1464
962
1341
127
1206
1328
849
1296
0
1047
970
1000
470
1655
2083
2352
1072
2219
2823
2831
2783
2858
2808
2825
0
0
0
0
0
0
0
0
0
0
0
0
391
0
48
32
0
0
0
0
0
0
0
0
2813
2817
2850
2819
2832
2819
2812
2846
2816
2830
2823
2825
928
783
1072
191
1598
1702
1119
1973
1183
2137
2025
2268
2820
2817
2923
2807
2864
2817
2815
2833
2813
2860
2818
2816
2863
2814
2814
2832
2821
2864
2818
2817
2821
2815
2862
2863
2811
1535
2510
2512
1631
2650
1613
2646
2139
2847
2816
2830
0
0
0
0
0
0
0
0
0
0
0
0
0
0
0
0
0
0
0
0
0
0
0
0
2819
2815
2833
2820
2865
2821
2819
2834
2812
2850
2751
2821
0
0
0
0
0
0
0
0
0
0
0
0
0
0
0
0
0
0
0
0
0
0
0
0
2832
2815
2846
2813
2800
2834
2822
2846
2815
2815
2834
2837
1304
643
1448
1248
1259
1365
407
1409
1290
1125
1344
2448
2666
2798
2276
2817
2827
2682
2818
2935
2816
2821
2819
2827
2896
2823
2823
2838
2821
2763
2819
2815
2915
2807
2801
2841
0
0
0
0
0
1587
1489
840
1371
1023
2791
2762
0
0
0
0
0
0
0
0
0
0
0
0
1100
127
848
768
528
720
0
603
369
0
344
299
2822
2850
2861
2838
2847
2827
2850
2846
2841
2855
2799
2837
0
0
0
0
0
384
0
629
0
746
1273
1260
1795
1634
1011
1215
0
1117
1014
722
1040
21
1178
1280
2844
2818
2749
2830
2818
2851
2815
2781
2821
2820
2850
2853
2817
2861
2817
2769
2826
2797
2863
2846
2803
2834
2815
2800
0
0
0
0
0
0
0
0
0
0
0
0
2279
2208
1187
0
582
638
0
666
58
511
643
652
2821
2789
2831
2886
2837
2817
2816
2835
2808
2843
2810
2826
0
0
0
0
0
0
0
0
0
0
0
0
198
0
0
0
0
0
0
0
0
0
0
0
2834
2819
2859
2817
2854
2835
2817
2861
2800
2821
2829
2843
0
0
0
0
0
0
0
0
0
0
0
0
1335
1683
799
1782
1904
1734
2031
735
2238
2349
2279
2256
2855
2820
2816
2837
2815
2858
2821
2809
2857
2817
2860
2847
0
0
0
0
0
0
648
661
785
171
2305
2397
0
0
0
0
0
0
0
0
0
0
0
0
1682
573
1082
912
1104
1147
257
1089
460
925
1033
977
2623
2813
2847
2817
2860
2833
2817
2845
2818
2834
2821
2816
240
0
5
0
0
133
0
113
0
0
756
730
402
208
0
0
0
0
0
0
0
0
0
0
2860
2783
2833
2918
2795
2853
2819
2819
2832
2817
2859
2861
2814
2699
2814
2832
2601
2810
2833
2817
2832
2810
2815
2815
0
0
0
0
0
0
0
0
0
0
0
0
2837
2818
2816
2844
2806
2903
2818
2849
2830
2799
2817
2846
2823
2832
2032
2803
2849
2878
2817
2967
2816
2864
2805
2815
0
0
0
0
0
0
0
98
0
284
0
0
1320
672
1067
1023
149
855
182
682
715
0
511
329
2833
2818
2862
2835
2813
2832
2806
2864
2815
2807
2853
2813
0
0
0
0
0
0
0
0
0
0
0
0
0
63
0
507
0
507
944
747
29
0
0
0
2861
2816
2794
2758
2800
2863
2818
2810
2832
2813
2864
2864
192
0
0
33
0
0
0
0
0
0
0
0
0
277
304
0
419
0
544
368
0
584
0
0
2833
2854
2860
2863
2786
2805
2864
2834
2848
2663
2646
2480
2815
2795
2983
2778
2839
2817
2815
2854
2815
2835
2798
2830
0
0
0
0
0
0
0
0
0
0
0
0
815
706
0
398
0
351
272
0
252
0
0
0
2849
2813
2821
2823
2816
2854
2813
2813
2830
2821
2905
2854
2224
791
1771
2105
2015
2371
1199
2639
2530
2106
817
2677
1489
1743
861
1967
1535
1584
1658
775
1790
1632
1467
1565
2835
2277
2607
1535
2383
2500
2289
2545
1401
2418
2368
2440
1583
1680
1248
1616
655
1657
1513
0
2816
2662
2823
2813
0
0
39
0
32
0
0
34
0
76
0
0
1403
151
1305
1216
863
1200
0
1108
1128
752
1091
1133
2823
2819
2853
2818
2815
2831
2815
2866
2811
2820
2829
2832
0
0
0
0
0
0
0
0
0
0
0
0
0
0
0
0
0
0
0
0
0
0
0
0
2848
2817
2819
2842
2816
2849
2821
2815
2844
2819
2864
2852
791
0
670
807
0
742
0
688
753
0
741
0
0
447
0
400
635
0
467
0
463
645
0
0
2813
2841
2818
2853
2817
2817
2617
2832
2850
2823
2835
2816
0
0
0
1260
471
1310
0
839
2112
1387
2088
2336
0
0
0
0
0
0
0
0
0
0
0
0
2635
2116
2228
2211
1099
2083
1792
1727
1670
674
1575
1376
2846
2809
2850
2823
2815
2848
2817
2844
2821
2837
2849
2839
1360
363
1290
1096
1648
1635
1176
2146
1764
2195
2557
2822
434
429
0
545
74
662
762
0
879
436
935
1247
2864
2818
2815
2837
2820
2849
2821
2807
2846
2821
2853
2851
2116
1648
2000
1840
1151
2125
1930
2005
2062
1187
2080
1932
0
299
176
0
187
0
310
282
0
407
0
0
1818
831
1679
1184
1506
1621
619
1469
1232
1422
1370
1430
2811
2820
2864
2817
2844
2812
2819
2846
2817
2833
2820
2761
0
0
0
0
0
0
0
0
0
0
6
36
935
705
141
499
0
246
131
0
293
0
0
1
2859
2862
2848
2815
2815
2839
2815
2845
2823
2817
2903
2822
0
0
0
0
0
0
0
0
0
0
0
0
0
1067
0
0
0
0
0
0
0
0
0
0
2858
2818
2815
2843
2823
2850
2816
2819
2837
2816
2845
2847
0
0
0
479
0
323
0
2160
2267
1411
0
2824
0
0
0
0
65
0
0
166
0
58
0
0
2816
2853
2817
2843
2821
2823
2701
2816
2834
2608
2809
2608
2832
2813
2859
2814
2768
2834
2821
2862
2817
2815
2834
2838
0
0
0
0
0
548
0
400
0
880
948
1748
997
996
543
832
0
709
672
0
713
0
912
1141
2866
2821
2821
2833
2819
2861
2814
2832
2833
2816
2864
2864
1682
531
1760
1792
1216
1718
511
1785
1766
1187
1710
1601
0
0
0
0
0
0
0
0
0
16
0
0
2494
1659
2244
1508
2237
2354
1445
2141
1371
2113
2123
2095
2046
2815
2705
2823
2340
2812
2821
2832
2820
2855
2814
2816
0
0
111
0
171
0
0
99
0
61
0
0
1635
1072
1429
1311
254
1023
576
692
785
0
531
402
2832
2815
2863
2815
2813
2834
2811
2863
2819
2819
2835
2834
1066
482
913
0
813
796
298
779
0
770
879
802
0
0
0
0
0
0
92
0
0
0
0
0
2864
2805
2817
2835
2817
2861
2813
2820
2837
2817
2849
2859
0
0
0
0
0
0
0
0
0
0
0
0
0
313
0
0
176
0
309
0
0
371
0
0
2668
1651
2443
2032
2211
2370
1455
2815
2842
2203
2461
1967
2817
2943
2850
2811
2831
2827
2817
2848
2820
2832
2826
2832
111
244
630
0
622
313
460
431
0
1
272
428
2310
1822
1967
1939
1055
1835
1648
1643
1535
637
1670
1743
2845
2817
2839
2810
2810
2845
2815
2838
2814
2815
2851
2849
2278
1167
2494
2776
2351
2784
1829
2811
2728
1955
2815
2814
835
1367
99
1079
1168
849
1254
63
1223
1376
958
847
2832
2608
2802
1677
2626
2554
2307
2559
1614
2493
2548
2444
1199
962
928
0
1517
2355
2448
2198
0
2845
2805
2825
0
251
310
0
407
0
0
130
0
155
0
0
1371
179
1218
864
813
1119
0
907
976
511
848
723
2817
2817
2854
2816
2832
2821
2815
2835
2816
2817
2831
2829
1280
762
1040
0
1059
1040
497
1073
0
1094
1070
968
123
69
0
167
0
0
0
0
45
0
173
290
2848
2822
2821
2826
2825
2857
2819
2826
2829
2814
2893
2855
0
0
0
0
0
0
0
0
0
0
0
0
0
0
0
0
0
0
0
0
0
0
0
0
2833
2823
2816
2857
2815
2827
2825
2819
2846
2816
2822
2821
1728
1582
1871
2815
2164
2809
2851
2950
2813
2838
2816
2820
0
0
252
0
0
0
0
48
0
0
0
0
2524
1143
2293
1968
1383
1833
375
1515
1285
912
1217
947
2831
2782
2817
2865
2817
2832
2818
2859
2822
2817
2826
2832
171
195
931
110
656
1415
592
1604
631
1442
1776
1839
0
366
0
287
0
431
622
0
639
0
615
688
2860
2819
2817
2834
2815
2863
2816
2817
2832
2814
2850
2861
2074
752
2159
2027
1338
2006
1312
2207
2210
719
2815
2815
0
0
0
0
0
0
0
0
0
0
0
0
2722
1779
2677
2378
2480
2459
1535
2351
1968
2065
2155
2222
2816
2811
2840
2891
2860
2815
2814
2841
2816
2850
2810
2808
2863
2819
2814
2161
2825
2860
2798
2821
2069
2815
2848
2858
623
0
243
447
0
405
0
0
411
0
424
460
2838
2823
2842
2818
2821
2842
2819
2849
2817
2817
2842
2850
0
0
0
0
0
0
0
0
0
0
0
0
0
68
0
176
16
0
218
0
127
242
0
0
2064
2559
2639
1791
2498
1848
2366
2485
1535
2473
2336
2169
0
0
593
554
0
492
0
807
1936
1227
0
2801
0
0
0
0
0
0
0
0
0
69
0
0
2815
1607
2559
2468
2127
2360
1251
2214
2088
1944
2039
1953
2826
2818
2839
2821
2852
2817
2817
2843
2821
2853
2817
2809
0
662
752
0
652
780
1100
1289
227
1040
1056
1620
171
0
0
0
0
0
0
0
307
0
387
432
2837
2821
2837
2819
2816
2669
2819
2845
2832
2821
2352
2354
1719
583
1675
1474
1214
1535
287
1450
1669
1087
1521
1613
0
0
0
0
3
0
18
0
0
179
0
0
2524
1905
2351
1491
2519
2226
1589
2289
1469
2204
2246
2192
2864
2837
2829
2813
2910
2831
2839
2826
2805
2838
2822
2819
2859
2816
2817
2832
2815
2855
2819
2821
2826
2827
2850
2863
2815
2862
2817
2817
2303
2672
1619
2387
2306
1691
2433
2320
2821
2809
2851
2818
2815
2827
2825
2853
2818
2815
2826
2827
0
0
0
0
0
0
0
0
0
0
0
0
442
490
0
912
0
715
901
375
1023
154
1155
1072
2850
2810
2826
2819
2816
2858
2817
2834
2832
2814
2862
2853
0
0
0
0
0
0
0
0
0
0
0
0
0
0
0
0
0
0
0
0
0
0
0
0
2819
2821
2823
2850
2819
2827
2559
2819
2672
2732
2682
2498
2821
2825
2851
2819
2854
2817
2817
2832
2814
2819
2821
2811
0
0
0
0
0
0
0
0
0
0
0
0
113
0
0
24
0
0
0
0
0
0
0
0
2830
2816
2853
2818
2817
2832
2816
2863
2816
2819
2827
2829
2367
1766
2429
1465
2277
2481
1712
2477
1534
2404
2515
2443
1443
1486
659
1383
900
1330
1399
1857
2815
1604
1658
1233
2864
2814
2828
2191
2737
1639
2704
2779
1983
2547
1733
1510
2817
2863
2813
2822
2867
2805
2858
2858
2801
2859
2708
2864
1381
2070
1776
2082
2070
1156
2033
1740
1959
2045
1200
1046
2809
2832
2847
2863
2816
2815
2832
2817
2857
2819
2813
2816
2830
2814
2830
2779
2863
2816
2817
2834
2815
2858
2814
2815
1456
1792
1940
987
1686
1156
1504
1678
783
1582
1028
649
0
0
0
0
0
0
0
0
0
0
0
0
1683
2391
1721
2333
2285
1604
2353
1728
2266
2470
1507
1516
0
0
0
0
0
0
0
0
0
0
0
0
0
0
0
0
0
0
0
0
0
0
0
0
2847
2816
2810
2841
2817
2847
2816
2821
2843
2816
2839
2862
2819
2849
2803
2811
2885
2805
2839
2822
2819
2843
2815
2813
2751
2822
2849
2819
2819
2455
2820
2832
2711
2821
2159
2128
2816
2015
2634
2558
1973
2151
1007
2039
1968
1587
1914
1982
2814
2816
2843
2813
2835
2827
2810
2845
2806
2832
2820
2821
1075
733
1234
125
1601
1586
1053
1729
535
1924
2020
1251
0
0
0
0
0
0
90
0
8
0
0
0
1791
2687
2600
2200
2525
1399
2295
2290
2126
2508
1435
1328
943
0
0
421
811
1162
1009
2035
2416
2821
2814
2813
0
0
0
0
0
0
0
0
0
0
0
0
2832
2819
2820
2908
2821
2831
2822
2818
2846
2846
2826
2829
2800
2834
2818
2815
2860
2818
2821
2821
2811
2843
2819
2789
615
1838
1648
1223
1610
471
1477
1512
1215
1570
314
285
374
0
229
346
0
487
0
685
1037
418
1047
1174
2818
2816
2843
2811
2832
2810
2812
2841
2816
2827
2820
2822
0
0
0
0
0
0
0
0
0
0
96
0
0
0
0
0
0
0
0
0
323
0
0
0
2837
2827
2824
2825
2891
2851
2817
2832
2822
2817
2857
2841
0
0
1095
1050
0
0
1136
2358
0
2831
2816
2835
0
0
0
0
0
0
0
0
0
0
0
0
2815
2824
2816
2858
2815
2786
2831
2821
2855
2817
2827
2815
2813
2813
2831
2815
2863
2817
2815
2833
2816
2860
2817
2814
691
1587
2606
1939
2799
2851
1183
2801
2842
2816
851
2528
0
0
0
0
0
0
0
0
0
0
0
0
2828
2815
2836
2823
2829
2829
2819
2855
2817
2826
2829
2822
1277
761
1071
312
1079
0
557
1232
375
256
1040
1415
0
0
0
0
0
0
0
0
0
0
0
0
0
357
344
0
345
0
468
336
0
353
0
0
2800
2847
2839
2858
2811
2805
2849
2819
2839
2818
2814
2816
165
677
0
709
681
0
655
0
776
828
0
0
2815
2826
2813
2843
2817
2800
2079
2630
2099
2674
2633
2815
2818
2811
2829
2810
2864
2811
2815
2832
2813
2858
2822
2817
0
0
0
0
0
0
0
0
0
0
0
0
446
0
226
490
0
559
24
687
944
0
785
895
2836
2820
2844
2818
2813
2841
2815
2837
2818
2815
2847
2851
0
0
0
0
0
0
0
376
0
0
544
2032
0
0
0
0
0
0
0
0
0
0
0
0
1620
1760
1835
821
1761
1239
1504
1325
603
1424
768
1008
2706
2814
2817
2813
2823
2810
2863
2811
2815
2833
2788
2813
446
1554
1012
1204
1624
879
1902
1584
1566
1936
1195
1163
1890
899
1667
1496
1535
1636
690
1658
1718
1695
1763
1891
2821
2818
2842
2813
2854
2817
2818
2838
2815
2855
2819
2832
2504
2386
2499
1501
2278
2310
2163
2587
1402
2304
2244
2304
0
0
0
120
0
0
0
0
390
0
365
337
217
897
816
609
813
0
753
520
643
701
0
0
2825
2279
2790
2759
2826
2810
2846
2819
2853
2819
2818
2819
0
0
0
0
0
0
0
0
0
0
0
0
321
336
480
0
149
64
0
0
0
0
0
0
2825
2842
2821
2816
2843
2826
2822
2816
2826
2853
2810
2910
0
0
0
0
0
0
0
0
0
0
0
0
26
0
0
52
0
219
0
107
583
0
593
591
2824
2816
2847
2817
2827
2821
2818
2854
2815
2823
2832
2823
752
0
593
0
0
0
0
701
0
0
47
756
0
0
0
0
0
0
0
0
0
0
0
0
2853
2825
2833
2653
2812
1754
2752
2576
2463
2605
1565
1451
2813
2864
2815
2815
2830
2819
2857
2823
2812
2842
2819
2806
0
0
0
0
0
0
0
0
0
0
0
0
812
0
463
0
0
0
0
0
0
0
10
147
2704
2648
2275
2464
1299
2547
2479
1794
2395
1447
2384
2299
43
791
1184
854
1264
207
1215
1552
1125
1583
387
683
191
0
135
131
0
208
0
0
240
0
272
318
2352
2819
2860
2823
2817
2202
2631
1773
2737
2857
2082
2062
1144
1041
1340
175
1535
1143
2222
2821
2864
2799
2822
2814
690
656
0
473
158
483
651
0
642
498
195
0
797
1838
1765
1239
1810
367
1342
1470
1074
1425
281
129
2816
2857
2815
2864
2835
2810
2847
2820
2802
2843
2836
2818
0
0
0
0
0
0
0
0
0
0
0
0
145
0
0
0
0
35
0
23
0
0
189
256
2807
2813
2832
2825
2861
2818
2820
2833
2800
2866
2813
2813
0
0
0
0
0
0
0
0
0
0
0
0
634
0
336
623
0
488
0
464
608
0
613
631
2833
2818
2874
2822
2827
2602
2811
2871
2800
2791
2559
2557
2264
1534
2821
2842
2827
2817
2861
2832
2837
2815
2822
2825
0
242
0
342
0
0
246
0
295
0
0
0
2862
2814
2811
2047
2711
1809
2384
2274
1603
2407
1535
1776
2821
2866
2808
2801
2832
2736
2851
2817
2823
2847
2805
2811
2615
2822
2864
2820
2807
2831
2816
2889
2817
2821
2832
2833
1603
643
1522
1216
1486
1744
871
1837
1872
1840
2051
2062
2835
2826
2851
2819
2835
2821
2819
2847
2827
2842
2821
2823
424
1015
946
48
850
505
878
979
0
1023
680
883
0
0
0
0
0
0
0
0
0
0
0
0
1243
1936
1356
1555
1648
811
1671
1264
1535
1707
705
810
2819
2849
2643
2832
2822
2821
2862
2819
2832
2822
2818
2821
0
0
0
0
0
0
0
0
0
0
0
0
0
0
0
0
0
0
0
0
0
0
0
0
2819
2844
2814
2928
2851
2882
2832
2858
2817
2519
2816
2819
0
0
0
0
0
0
0
0
0
0
0
0
774
0
849
624
647
951
0
843
908
845
993
1017
2821
2819
2851
2791
2819
2831
2825
2864
2814
2821
2830
2834
0
0
453
0
380
0
1683
2093
897
2153
0
2830
95
0
0
54
0
0
240
0
202
0
134
194
679
2007
1904
1263
1712
320
1591
1497
944
1279
146
0
2817
2849
2810
2810
2818
2828
2834
2817
2832
2825
2816
2815
0
913
0
567
929
991
1221
103
1619
1792
1415
1503
154
0
283
0
261
237
0
322
0
387
540
592
2815
2829
2835
2818
2855
2842
2810
2824
2822
2861
2827
2820
2969
2821
2801
2823
2811
2848
2818
2823
2832
2831
2853
2851
2819
2853
2835
2822
2862
2820
2851
2821
2815
2827
2813
2817
2826
2818
2851
2814
2821
2816
2819
2857
2815
2817
2825
2831
2690
2832
2821
2863
2775
2799
2830
2818
2864
2814
2815
2818
1728
2800
2827
2806
2861
2821
2817
2832
2819
2860
2818
2818
0
25
2031
2809
2817
2875
2835
2813
2835
2816
2864
2966
712
1239
2817
2817
2843
2826
2867
2815
2818
2835
2819
2797
0
0
0
0
0
687
2816
2868
2821
2823
2839
2797
0
0
0
0
0
1797
2555
2816
2848
2819
2818
2820
0
0
0
0
994
2801
2817
2836
2817
2866
2825
2815
0
0
0
0
0
0
0
0
607
2817
2847
2697
0
0
0
0
0
0
0
0
0
0
750
2735
0
0
0
0
0
0
0
0
0
1573
2507
2836
0
0
0
0
0
0
0
0
273
2445
2818
2816
0
0
0
0
0
0
0
0
0
0
0
0
0
0
0
0
0
0
0
0
0
0
0
0
0
0
0
0
0
0
0
0
0
0
0
0
0
0
0
0
0
0
0
0
0
0
0
0
0
0
0
0
0
0
0
0
0
0
0
0
0
0
0
0
0
0
0
0
0
0
0
0
0
0
0
0
0
0
0
0
0
0
0
0
0
0
0
0
0
0
0
0
0
0
0
0
159
0
0
0
0
0
0
0
0
0
0
0
2811
2865
2822
1564
0
0
0
0
0
0
0
0
1830
682
0
0
0
0
0
0
0
0
0
0
2820
2295
748
0
0
0
0
0
0
0
0
0
2816
2813
2831
2816
2859
2816
2835
2302
1573
0
0
0
2859
2819
2812
2463
1157
0
0
0
0
0
0
0
2817
2855
2818
2827
2826
2819
2852
1927
952
0
0
0
2848
2817
2849
2816
2817
2838
2820
2839
2817
2193
159
0
2819
2878
2816
2849
2817
2818
2835
2832
2853
2800
2817
1909
2821
2815
2832
2823
2864
2819
2891
2834
2823
1136
641
0
2870
2818
2809
2832
2813
2855
2815
2815
2832
2817
2928
1607
2818
2861
2818
2814
2835
2817
2838
2816
2810
2835
2826
2819
2906
2814
2843
2813
2829
2847
2815
2833
2823
2815
2850
2857
2816
2846
2813
2842
2814
2815
2841
2821
2848
2826
2819
2815
2818
2819
2838
2818
2883
2814
2813
2842
2819
2851
2825
2820
2847
2827
2819
2861
2816
2846
2822
2815
2837
2818
2814
2848
2822
2841
2826
2879
2853
2809
2830
2815
2814
2857
2811
2817
2839
2805
2843
2816
2822
2839
2818
2842
2817
2819
2845
2849
2817
2844
2819
2723
2826
2814
2851
2817
2804
2827
2819
2815
2811
2819
2854
2811
2832
2825
2819
2851
2817
2831
2819
2817
2835
2822
2821
2847
2800
2926
2819
2830
2863
2795
2827
2832
2815
2818
2822
2816
2864
2819
2817
2864
2815
2869
2818
2821
230
2422
2818
2833
2816
2851
2800
2819
2839
2812
2843
2846
2821
2850
2805
2814
2839
2803
2865
2821
2817
2830
2798
2816
2834
2817
2854
2823
2832
2823
2810
2886
2815
2812
2861
2832
1407
2075
2819
2854
2820
2828
2832
2819
2857
2816
2819
2819
0
0
0
358
561
2603
2818
2834
2814
2865
2780
2815
0
0
0
0
1483
1431
2818
2822
2822
2818
2855
2855
199
97
1586
2559
2821
2816
2865
2820
2819
2834
2819
2819
0
0
0
0
0
0
0
480
2496
2821
2839
2894
0
0
0
0
0
0
0
0
0
1713
2816
2815
0
0
0
0
0
0
0
0
752
1048
2818
2820
0
0
0
0
0
0
0
0
0
0
0
749
0
0
0
0
0
0
0
0
0
0
0
0
0
0
0
0
0
0
0
0
0
0
0
0
0
0
0
0
0
0
0
0
0
0
451
1725
0
0
0
0
0
0
0
0
0
0
0
0
0
0
0
0
0
0
0
0
0
0
0
0
1810
402
0
0
0
0
0
0
0
0
0
0
0
0
0
0
0
0
0
0
0
0
0
0
0
0
0
0
0
0
0
0
0
0
0
0
2817
2817
1305
1189
0
0
0
0
0
0
0
0
2386
629
12
0
0
0
0
0
0
0
0
0
2817
2832
1501
598
0
0
0
0
0
0
0
0
2848
2816
2829
2825
2818
976
942
0
0
0
0
0
2823
2848
2818
2817
2832
2824
2858
2471
1474
0
0
0
2833
2817
2863
2811
2818
1375
742
0
0
0
0
0
2830
2828
2817
2861
2814
2818
2832
2679
190
129
0
0
2820
2818
2827
2816
2850
2819
2804
2831
2816
2861
2820
2816
2857
2809
2810
2831
2816
2862
2818
2816
2833
2816
2864
1921
2814
2861
2816
2836
2832
2814
2864
2816
2818
2832
2813
2539
2842
2805
2862
2818
2817
2838
2815
2860
2819
2822
2834
2836
2811
2826
2805
2881
2802
2818
2829
2815
2859
2822
2814
2817
2816
2826
2817
2817
2853
2818
2822
2818
2813
2857
2822
2818
2858
2810
2815
2832
2819
2862
2817
2817
2830
2803
2862
2871
2818
2855
2819
2816
2840
2811
2859
2815
2820
2835
2787
2816
2832
2819
2844
2815
2816
2833
2822
2864
2820
2815
2832
2829
2821
2834
2818
2843
2819
2815
2835
2816
2846
2815
2816
2818
2827
2816
2845
2816
2829
2819
2818
2860
2817
2816
2832
2823
2855
2815
2826
2839
2779
2851
2828
2807
2839
2822
2845
2856
2818
2835
2821
2815
2837
2818
2833
2817
2819
2851
2811
2815
2852
2821
2832
2821
2815
2848
2817
2819
2830
2819
2851
2858
2817
2858
2823
2837
2818
2819
2851
2813
2826
2815
2827
2816
2302
2773
2855
2817
2819
2834
2821
2855
2819
2807
2828
2823
0
995
2439
2857
2841
2830
2817
2816
2849
2817
2928
2834
579
1738
2241
2818
2854
2815
2815
2832
2821
2855
2813
2816
0
0
0
0
1463
2195
2819
2816
2833
2815
2866
2866
0
0
0
0
0
1759
2856
2822
2821
2832
2822
2816
0
0
0
1239
2284
2832
2818
2861
2820
2823
2832
2839
0
0
0
0
0
0
1051
2812
2859
2822
2817
2817
0
0
0
0
0
0
0
0
116
711
2672
2817
0
0
0
0
0
0
0
0
0
1833
2256
2864
508
912
1634
2021
1924
2818
2857
2813
2819
2846
2820
2817
0
0
0
0
0
0
0
0
0
0
0
0
0
0
0
0
0
0
0
0
0
0
0
0
0
0
0
0
0
0
0
0
0
0
0
0
0
0
0
0
0
0
0
0
0
0
0
0
0
0
0
0
0
0
0
0
0
0
0
0
0
0
0
0
0
0
0
0
0
0
0
0
0
1423
1289
762
0
1700
487
1525
2341
2807
2786
2820
2038
915
0
0
0
0
0
0
0
0
0
0
2833
1426
364
0
0
0
0
0
0
0
0
0
2821
2912
2818
2127
0
0
0
0
0
0
0
0
2842
2705
1457
0
0
0
0
0
0
0
0
0
2814
2857
2819
1910
0
0
0
0
0
0
0
0
2823
2815
2853
2821
2821
2323
1169
0
0
0
0
0
2832
2827
2779
2896
2815
2837
880
114
0
0
0
0
2815
2837
2821
2817
2846
2816
2836
2255
1211
0
0
0
2848
2819
2813
2844
2831
2855
2815
2817
2843
2814
2000
448
2816
2857
2704
2822
2815
2814
2860
2829
2816
2825
2816
2819
2826
2827
2859
2822
2858
2825
2822
2858
2825
2139
458
0
2815
2829
2778
2862
2818
2815
2833
2817
2862
2820
2820
1983
2815
2815
2833
2819
2865
2781
2814
2832
2815
2863
2821
2822
2852
2819
2815
2830
2779
2859
2825
2821
2835
2821
2864
2864
2864
2863
2815
2815
2832
2803
2864
2831
2815
2842
2814
2815
2832
2819
2860
2821
2817
2839
2826
2859
2816
2814
2834
2846
2817
2839
2818
2853
2818
2834
2832
2842
2844
2863
2815
2803
2818
2815
2832
2813
2861
2820
2814
2832
2816
2859
2820
2819
2864
2814
2816
2837
2815
2864
2831
2823
2832
2820
2883
2849
2815
2835
2819
2821
2855
2819
2830
2831
2850
2848
2817
2815
2848
2823
2834
2828
2815
2849
2817
2832
2823
2813
2846
2821
2819
2833
2825
2861
2819
2816
2849
2815
2857
2815
2821
2816
2816
2791
2847
2818
2829
2817
2821
2860
2831
2817
2832
2809
1840
2827
2818
2843
2815
2836
2821
2830
2847
2823
2842
2834
0
1040
2327
2819
2832
2821
2832
2822
2821
2849
2819
2811
1390
2819
2832
2817
2822
2854
2816
2832
2815
2815
2853
2849
2731
2853
2817
2818
2827
2800
2853
2816
2806
2818
2811
2815
0
0
0
0
628
1447
2822
2866
2813
2817
2839
2832
0
0
0
0
0
0
0
1936
2866
2819
2813
2818
0
0
0
0
0
840
2379
2838
2815
2861
2817
2819
0
0
0
0
0
0
0
0
0
646
889
2860
0
0
0
0
0
0
0
0
0
655
2527
2810
0
0
0
0
0
0
0
0
623
1941
2647
2832
0
0
0
0
0
0
0
0
0
0
1763
2831
0
0
0
0
0
0
0
0
0
0
0
0
0
0
0
0
0
0
0
0
0
0
0
0
1007
880
676
0
0
227
0
0
1298
1135
2518
2817
0
0
0
0
0
0
0
0
0
0
0
0
0
0
0
0
0
0
0
0
0
0
0
0
2816
2239
549
367
0
0
0
0
0
0
0
0
1472
1171
112
0
0
0
0
0
0
0
0
0
1189
1280
894
1346
187
1247
1280
979
1425
343
1336
1270
2798
2816
2851
2815
2822
2688
2821
2847
2821
2821
2549
2811
2352
1296
2143
2845
2814
2821
2842
2815
2829
2816
2818
2915
480
793
0
575
370
0
450
0
599
613
0
0
2000
1933
2094
983
1968
1814
1653
1615
647
1527
1188
1056
2819
2837
2822
2817
2787
2820
2838
2817
2813
2848
2822
2819
0
0
0
0
0
0
0
61
0
211
0
0
0
0
0
0
0
163
0
166
432
0
379
387
2823
2817
2850
2865
2834
2819
2869
2854
2817
2864
2823
2831
0
0
0
0
0
0
0
0
0
0
0
0
1294
1136
668
1197
101
1005
1094
654
1172
195
1307
1272
2845
2829
2849
2817
2814
2523
2820
2849
2825
2818
2371
2175
2819
2726
2802
2821
2829
2819
2831
2845
2819
2834
2818
2821
0
0
0
0
0
0
0
0
0
0
0
0
1696
1107
1339
97
1115
968
609
907
0
791
736
644
2820
2818
2834
2826
2866
2821
2823
2841
2826
2865
2798
2819
1318
1591
2559
1932
2722
2880
2818
2842
2467
2806
2884
2860
1183
0
1111
1138
765
1211
452
1243
1234
716
1326
1390
2825
2819
2859
2817
2811
2831
2821
2864
2819
2818
2829
2832
0
934
2119
1664
0
2759
1878
2716
2386
2825
2827
2838
2039
1987
1283
1844
935
1667
1984
1201
1913
1200
1874
1771
2852
2818
2815
2839
2819
2851
2816
2819
2845
2819
2825
2832
2821
2860
2815
2809
2849
2820
2852
2819
2762
2869
2818
2818
0
0
0
0
0
0
0
0
0
0
0
0
0
0
0
0
0
0
0
0
0
0
0
0
2822
2814
2832
2820
2821
2820
2811
2825
2816
2863
2819
2822
0
0
0
0
0
0
0
0
0
0
0
0
94
0
0
0
0
0
0
0
0
0
0
0
2845
2832
2850
2832
2846
2848
2819
2816
2812
2829
2832
2848
2330
2862
2837
2830
2810
2815
2841
2822
2891
2802
2853
2820
2816
2818
2843
2815
2851
2816
2819
2635
2816
2848
2773
2821
2847
2815
2821
2845
2821
2851
2815
2817
2842
2911
2845
2848
2815
2845
2810
2817
2842
2812
2844
2821
2818
2853
2804
2816
258
1201
411
1487
1535
1086
1776
1284
2308
2401
2075
2250
0
0
0
0
0
0
0
0
0
0
186
242
2817
2818
2856
2817
2829
2811
2818
2768
2816
2829
2825
2783
720
604
1048
0
643
1185
511
720
0
1089
842
704
0
0
0
0
0
0
0
0
0
0
0
0
2867
2823
2816
2834
2814
2865
2883
2821
2831
2828
2862
2858
2774
2864
2821
2871
2832
2866
2863
2817
2816
2865
2815
2827
1264
2037
589
1639
1742
1187
1494
339
1685
1572
903
1055
1664
1105
1310
0
1055
808
299
720
0
771
712
672
2816
2817
2831
2818
2860
2815
2817
2830
2818
2866
2818
2812
0
0
0
0
0
0
0
0
0
0
0
0
0
0
0
0
0
0
0
0
0
0
0
0
2787
2820
2864
2817
2815
2381
2845
2829
2819
2802
2204
2215
0
0
0
0
0
204
0
161
508
1733
2064
1882
0
0
0
0
0
0
0
0
0
0
0
0
2845
2818
2815
2831
2803
2864
2821
2815
2833
2831
2859
2865
2817
2878
2813
2813
2833
2795
2849
2777
2814
2832
2805
2815
0
462
432
511
638
0
976
1576
1247
2403
990
2239
79
0
0
0
0
0
0
0
0
0
139
239
2817
2831
2843
2817
2858
2901
2824
2831
2816
2848
2819
2821
736
1207
962
544
1346
932
1122
1095
304
1179
934
880
0
0
0
0
0
0
0
0
0
0
0
0
811
1491
806
1375
1514
543
1460
882
1161
1323
382
549
2784
2728
2850
2876
2836
2847
2839
2839
2832
2794
2818
2810
1261
1450
282
1155
1328
1003
1229
0
1160
1410
975
887
2859
2818
2817
2848
2775
2837
2097
2209
1013
1928
1842
1680
2814
2834
2818
2817
2845
2819
2832
2817
2821
2831
2795
2819
0
0
348
0
0
0
0
0
0
0
0
0
180
0
191
270
0
351
0
472
386
0
590
546
2342
2481
1435
2294
2116
2107
2271
1360
2379
2196
2217
2069
0
0
0
0
0
0
0
0
0
0
0
0
0
0
0
0
0
0
0
0
0
0
0
0
1319
2192
1840
1779
1952
997
1822
1574
1492
1756
735
789
2820
2857
2816
2934
2844
2800
2859
2815
2815
2832
2814
2811
2254
2293
1435
2251
1760
2071
2128
1205
2286
2320
2271
2192
1708
1205
1360
176
1263
1504
947
1405
227
1420
1512
1413
2813
2816
2828
2819
2861
2818
2816
2832
2818
2865
2809
2819
659
1656
1824
0
1969
720
1946
1984
1431
1884
619
621
0
0
0
0
0
0
0
0
0
0
0
0
1495
1840
624
1810
1808
1391
1698
556
1616
1648
1328
1191
715
491
1914
1237
1927
2128
2559
2815
2859
2820
2820
2830
0
0
0
0
0
0
0
0
0
0
0
0
2873
2827
2817
2833
2849
2865
2818
2822
2828
2822
2863
2902
2817
2778
2814
2849
2846
2819
2858
2815
2829
2823
2818
2766
1519
1815
483
1485
1534
1058
1400
392
1659
1530
1072
1069
568
0
571
0
613
832
117
917
0
978
1152
1266
2815
2827
2799
2807
2848
2832
2822
2768
2825
2846
2844
2829
0
0
0
0
0
0
0
0
0
0
0
0
0
0
0
0
0
0
0
0
0
0
0
0
2785
2817
2864
2815
2822
2241
2702
1756
2559
2678
1955
2015
1671
2162
2787
2861
2831
2810
2859
2832
2851
2842
2844
2832
0
257
0
136
0
0
133
0
140
0
0
0
2745
2815
2815
2841
2816
2859
2817
2784
2363
2738
1751
1479
2817
2921
2818
2823
2832
2814
2861
2815
2816
2831
2807
2812
817
1711
1095
1771
1827
1242
1969
1375
2160
2128
1575
1879
0
0
0
0
0
0
0
0
0
0
0
0
2492
1672
751
2096
640
993
1129
235
1175
461
1018
898
368
0
705
0
708
256
324
1478
17
1515
1664
2835
0
0
0
0
0
0
0
0
0
0
0
0
958
1938
1744
1566
1644
822
1600
1572
1295
1664
337
423
2805
2863
2813
2830
2816
2818
2839
2832
2840
2819
2825
2839
1999
2176
1215
1891
1078
1765
1783
1083
1936
1408
1583
1696
1569
2029
1919
1105
2034
1288
1753
1955
1180
2220
1840
1848
2821
2864
2834
2815
2844
2819
2861
2818
2822
2834
2816
2816
0
0
0
0
0
0
0
0
0
0
0
0
0
0
0
0
0
0
0
0
0
0
0
0
2736
2811
2187
2819
2817
2448
2737
1403
2736
2600
2250
2201
135
0
1586
511
2
1477
1528
2820
2390
2818
2826
2823
0
0
0
0
0
0
0
0
0
0
0
0
2851
2800
2823
2349
2827
1650
2559
2524
2163
2423
979
889
2817
2839
2768
2827
2840
2815
2894
2831
2816
2829
2891
2826
2817
2819
2401
2818
2832
2822
2821
2851
2815
2805
2849
2825
0
0
0
0
0
0
0
0
0
0
0
0
2817
2819
2403
2819
2458
2695
2810
2086
2544
1623
2672
2491
44
998
902
300
1039
113
708
978
307
1230
247
484
0
0
0
0
0
0
0
0
83
0
257
374
1584
2347
1503
2218
2208
1680
2193
1261
2238
2195
1455
1517
2803
2847
2850
2858
2801
2822
2832
2817
2883
2825
2822
2825
0
0
0
0
0
0
0
0
0
0
0
0
2866
2818
2818
2695
2849
2884
2846
2843
2657
2807
973
997
2823
2864
2821
2818
2835
2815
2864
2825
2815
2830
2819
2816
0
0
0
0
0
0
0
0
0
0
0
0
0
0
0
0
0
0
0
0
0
0
107
258
2835
2843
2812
2819
2879
2843
2813
2818
2834
2854
2662
2755
0
0
0
0
0
0
0
720
823
1120
1568
0
527
0
0
218
0
0
0
0
0
0
0
176
2182
2739
1992
2382
2435
2043
2293
1680
2259
2354
1359
1405
2815
2842
2817
2846
2826
2815
2846
2830
2842
2822
2830
2809
0
0
0
0
0
0
0
0
0
0
0
0
0
0
0
0
0
0
0
0
0
0
0
0
2816
2911
2810
2816
2847
2819
2836
2818
2815
2851
2771
2817
803
1744
1535
1779
1931
1131
1873
1428
1878
2027
1165
1189
529
0
534
481
0
528
0
432
522
0
492
551
2415
2352
1267
2231
1892
2279
2294
1439
2144
1672
1954
2128
1306
2688
2818
2075
2816
2861
2820
2821
2854
2817
2838
2837
151
313
0
118
0
183
160
0
208
0
0
247
1123
2148
2119
1647
1829
688
1677
1454
969
1365
0
0
2815
2830
2817
2847
2837
2821
2838
2829
2849
2817
2819
2814
0
277
0
0
74
0
0
0
0
0
0
0
0
0
0
0
0
0
0
0
0
0
0
0
2815
2838
2842
2815
2849
2813
2831
2827
2820
2853
2819
2818
0
0
0
0
0
0
0
0
0
0
0
0
0
0
0
0
0
0
0
0
29
0
0
125
2829
2819
2864
2819
2818
2516
2817
2852
2816
2821
2367
2267
2815
2791
2864
2854
2751
2818
2833
2819
2854
2820
2797
2819
0
161
0
0
0
0
236
0
16
0
0
0
847
1685
1611
931
1394
243
1287
1442
737
1258
663
510
2818
2857
2818
2816
2838
2817
2855
2881
2819
2797
2819
2817
823
1355
503
1175
1720
1135
1692
599
1856
1728
1215
1435
1072
128
961
448
690
742
0
973
768
742
1043
991
1751
1827
1063
1726
1280
1615
1695
743
1615
1152
1264
1491
560
1259
0
1055
2534
2160
2254
2700
2839
2818
2863
2854
1255
755
1021
1119
218
896
354
511
542
0
239
301
1322
2068
1392
1772
1991
1143
1796
968
1725
1623
715
858
2822
2842
2818
2834
2821
2832
2853
2815
2831
2819
2829
2813
169
501
0
384
411
0
286
0
716
245
0
0
461
768
127
0
294
0
0
0
0
0
0
0
2815
2839
2802
2822
2851
2813
2813
2821
2832
2859
2817
2800
0
0
0
0
0
0
0
0
0
0
0
0
0
0
0
0
0
0
0
0
0
0
0
0
2831
2818
2855
2816
2817
2510
2817
2856
2821
2816
2391
2177
2056
1826
2040
1403
2815
2829
2819
2736
2850
2818
2831
2823
426
384
0
208
0
191
131
0
163
0
151
304
1933
2559
2516
1851
2241
934
2003
1920
1251
1826
470
608
2816
2863
2831
2816
2832
2822
2862
2820
2815
2832
2826
2816
0
439
0
1103
1050
545
886
251
1558
1535
627
3
0
0
0
0
0
0
0
0
0
0
0
111
2817
2815
2417
2816
2864
2823
2818
2283
2819
2864
2824
2811
401
1425
1636
0
1585
496
1675
1685
0
1683
815
831
608
0
465
369
0
291
0
271
372
0
505
331
1563
2205
1504
2176
2325
1343
1991
1400
2109
2091
1073
1168
2816
2826
2818
2849
2825
2827
2825
2817
2855
2820
2830
2820
669
738
0
620
0
666
626
0
632
0
650
511
1
68
433
0
247
0
0
159
0
237
0
0
2815
2864
2815
2819
2758
2759
2864
2817
2821
2619
2814
2820
0
0
0
0
0
0
0
0
0
0
0
0
578
0
626
464
0
479
0
491
484
593
752
781
2819
2819
2832
2823
2862
2817
2814
2835
2832
2847
2815
2822
1316
1093
1127
701
2826
2853
2775
2800
2832
2819
2842
2842
856
672
785
999
0
1177
832
579
942
0
768
502
2711
2818
2770
2741
2790
2263
2593
1232
2426
2304
1789
1427
2817
2839
2821
2864
2820
2816
2841
2816
2880
2819
2822
2817
0
0
0
0
0
0
463
0
511
219
0
809
0
0
0
0
0
0
0
0
0
0
0
144
2822
2813
2847
2821
2844
2817
2829
2772
2811
2850
2837
2818
1327
1783
685
1575
1725
1047
1648
1200
1767
1749
1221
989
307
0
47
0
0
233
0
218
64
0
350
266
2636
2626
1743
2595
2148
2372
2430
1741
2387
2304
2497
2416
2846
2803
2819
2837
2818
2834
2818
2815
2843
2823
2838
2843
1395
1368
1099
1364
311
1244
1372
1102
1239
223
1421
1221
19
727
464
531
493
0
381
0
0
27
0
0
2818
2851
2818
2829
2822
2816
2849
2816
2832
2823
2813
2819
0
0
0
0
0
0
0
0
0
0
0
0
0
0
0
0
0
21
0
136
0
0
368
202
2825
2821
2834
2815
2864
2815
2816
2830
2818
2853
2821
2815
0
0
0
0
0
0
0
0
0
0
0
0
0
0
0
0
0
39
0
0
78
0
173
80
2832
2821
2864
2793
2815
2837
2818
2862
2819
2816
2835
2706
2822
2832
2820
2861
2818
2813
2832
2817
2864
2815
2807
2817
728
560
0
343
0
339
557
0
1086
295
1671
1480
749
1719
1480
959
1286
0
1333
1303
691
1253
166
275
2832
2850
2827
2831
2812
2816
2855
2818
2822
2825
2815
2848
1346
1709
595
1756
1850
1271
2016
810
1997
1912
1709
1623
1071
585
931
69
1053
898
556
1053
76
1084
1266
1006
1956
1950
1411
1892
581
1755
1680
1296
1638
493
1616
1626
2858
2815
2819
2827
2815
2854
2827
2827
2827
2815
2853
2854
1587
1282
1481
1560
881
1682
1186
1590
1691
800
1671
1623
463
1309
744
1073
978
175
976
705
778
939
0
0
2816
2832
2921
2864
2820
2862
2832
2794
2955
2817
2826
2771
0
0
0
0
0
0
0
0
0
0
0
0
0
0
0
0
0
0
0
0
0
0
0
0
2815
2847
2810
2822
2607
2817
2851
2819
2811
2551
2823
2819
0
0
0
0
0
0
0
0
0
0
0
0
0
0
0
0
0
0
0
0
0
0
27
0
2816
2815
2831
2801
2873
2816
2815
2833
2819
2854
2817
2815
2839
2826
2817
2830
2813
2835
2821
2818
2841
2827
2833
2832
0
0
0
0
0
0
0
0
10
0
0
0
859
1676
1472
1268
1196
117
1120
880
415
854
0
0
2813
2844
2814
2827
2827
2811
2873
2817
2818
2826
2819
2818
860
1309
390
1180
1108
1095
1648
671
1681
1696
1707
1655
544
114
540
0
660
744
340
703
0
736
995
980
2816
2839
2754
2818
1982
2826
2838
2596
2816
1918
2818
2749
0
1659
1781
932
1279
1023
2458
2864
2828
2819
2854
2853
2544
1306
2416
2559
1903
2455
1295
2354
2423
1908
2523
2351
2827
2823
2880
2815
2816
2834
2817
2871
2819
2807
2822
2822
2851
2818
2821
2848
2817
2830
2827
2816
2847
2815
2828
2833
83
112
0
140
0
0
43
0
0
0
0
0
0
0
0
0
0
0
0
0
0
0
0
0
2723
2176
2695
2749
1831
2608
1691
2416
2274
1807
2528
2416
0
0
0
0
0
0
0
0
0
0
0
0
45
0
35
0
0
204
0
169
0
0
432
261
2449
2542
1746
2354
1737
2269
2237
1415
2340
1696
2314
2079
0
2044
2199
1358
2064
1992
2817
2819
2187
2754
2864
2850
0
0
0
77
0
0
0
0
0
0
0
0
1293
1789
947
1643
1722
912
1627
823
1422
1357
625
427
2819
2834
2827
2864
2818
2822
2831
2794
2864
2829
2815
2818
621
584
738
1090
175
1067
1365
1071
1656
1008
1741
2007
0
0
0
0
0
0
0
0
0
0
0
0
2818
2855
2818
2814
2832
2815
2859
2818
2816
2844
2834
2816
1311
2069
1182
1378
2623
2207
783
1588
2199
2843
2080
2227
2821
1699
2781
2836
2438
2787
1731
2781
2828
2551
2823
2817
2775
2816
1973
2732
2150
2526
2694
1887
2642
2080
2552
2489
2858
2814
2817
2842
2816
2869
2823
2811
2840
2817
2853
2854
0
0
0
0
0
159
0
0
0
0
0
0
155
1248
1200
719
906
0
803
656
0
575
0
0
2818
2840
2820
2858
2819
2817
2832
2815
2867
2817
2828
2819
0
0
0
0
0
0
0
0
0
0
0
0
969
479
535
0
144
0
0
119
0
288
234
144
2800
2838
2817
2818
2848
2818
2834
2817
2819
2850
2738
2818
0
0
0
0
0
0
0
999
991
1143
0
1897
187
0
0
201
0
0
0
0
0
0
47
130
1647
1799
817
1852
1680
1407
1571
415
1534
1366
1150
807
2812
2832
2823
2861
2775
2784
2831
2817
2864
2818
2821
2819
0
0
0
0
0
0
0
0
0
0
336
499
0
224
362
0
251
0
139
250
0
331
0
0
2818
2852
2825
2841
2768
2897
2816
2821
2832
2877
2827
2816
1170
1942
802
1891
1600
1511
1817
771
1866
1808
1443
1421
2260
1683
2307
1343
2387
2412
1759
2358
1552
2412
2559
2366
2409
2384
1619
2199
1440
2047
1951
1287
1927
1424
1967
1834
2853
2819
2807
1319
2817
2851
2821
2819
2825
2819
2857
2871
263
0
0
128
0
138
0
0
67
0
71
75
801
1169
0
856
1044
495
774
0
634
492
0
0
2818
2832
2816
2861
2820
2817
2831
2818
2860
2823
2822
2815
0
0
0
0
0
0
0
0
0
0
0
0
0
0
0
0
0
0
0
0
0
0
0
128
2819
2866
2819
2816
2837
2817
2864
2814
2822
2832
2843
2813
0
0
0
0
0
0
0
0
0
0
653
0
2819
2797
2821
2835
2818
2813
2544
2829
2864
2818
2832
2815
2816
2817
2833
2818
2864
2818
2814
2829
2740
2861
2832
2817
2850
2820
2817
2837
2800
2863
2810
2821
2839
2821
2847
2859
598
459
151
1407
0
912
1216
1288
665
0
1650
1507
495
1221
752
976
880
0
752
640
0
784
0
0
2813
2286
2817
2849
2702
2818
1789
2654
2656
2583
2732
2643
82
495
0
383
560
146
683
0
631
832
627
370
0
0
0
0
0
0
0
0
0
0
0
0
2155
2136
1938
2088
1141
2053
1920
1673
1995
913
1744
1891
375
1615
964
1327
1771
1135
2501
2092
2352
0
2875
2839
0
0
0
0
0
0
0
0
6
0
0
0
2827
2821
2848
2817
2830
2829
2775
2862
2817
2825
2820
2826
2839
2826
2815
2852
2819
2783
2827
2820
2851
2819
2814
2823
0
63
0
0
0
0
0
0
0
0
0
0
0
0
252
0
99
0
503
387
0
679
0
123
2817
2854
2813
2816
2832
2817
2867
2818
2853
2832
2815
2773
0
0
0
0
0
0
0
0
0
0
0
0
0
0
0
0
0
0
0
0
0
0
72
240
2819
2817
2838
2786
2897
2822
2814
2837
2816
2849
2816
2818
2129
2768
2817
2835
2878
2860
2822
2815
2831
2821
2860
2855
0
0
0
0
0
0
0
0
0
0
0
0
0
671
0
0
323
0
221
0
0
3
0
0
2814
2835
2820
2864
2819
2817
2831
2809
2863
2815
2817
2818
1445
1575
0
1996
1360
2261
2555
1778
2816
2859
2817
2806
0
0
0
0
96
0
0
277
0
445
0
0
2813
2864
2818
2784
2475
2813
2855
2817
2818
2527
2816
2820
455
1408
1314
987
1573
303
1394
1488
767
1655
563
426
452
0
319
215
0
299
0
368
448
0
378
342
1727
1954
943
1795
1737
1521
1730
690
1700
1589
1471
1239
2845
2826
2817
2833
2781
2841
2823
2816
2848
2818
2847
2855
0
0
0
0
0
0
0
0
0
0
0
0
0
103
1
0
0
0
0
0
0
0
0
0
2799
2610
2818
2847
2825
2826
2362
2819
2835
2819
2827
2816
0
0
0
0
0
0
0
0
0
0
0
0
0
0
177
0
160
0
0
235
0
314
200
420
2814
2817
2834
2819
2857
2813
2823
2796
2843
2860
2817
2845
0
301
144
559
2389
1328
2171
2017
2032
2879
2853
2864
445
0
440
70
0
356
0
313
177
0
289
355
2014
2160
1023
2091
1796
1680
1744
843
1691
1712
1182
1171
2891
2815
2807
2855
2819
2826
2826
2860
2774
2821
2817
2824
0
0
0
366
0
294
406
0
972
0
903
1094
0
715
752
554
880
0
850
892
782
1020
0
83
2820
2852
2810
2832
2823
2817
2841
2822
2820
2628
2810
2815
1617
1488
272
1599
1680
1060
1418
152
1280
1585
1235
0
864
396
727
0
789
736
0
663
0
601
695
641
2818
2832
2822
2835
2853
2819
2828
2819
2813
2851
2815
2785
2869
2819
2818
2819
2819
2876
2817
2823
2834
2816
2858
2871
2512
1203
2464
2624
2047
2298
1291
2148
2386
1891
2405
2314
1619
1915
689
1645
1344
790
1148
0
732
713
257
0
2814
2819
2807
2859
2807
2823
2830
2815
2859
2809
2815
2821
0
0
0
0
0
0
0
0
0
0
0
0
0
0
0
0
0
0
0
0
0
0
0
0
2801
2861
2819
2818
2832
2822
2864
2818
2818
2836
2816
2831
0
0
0
0
0
0
0
0
0
0
0
0
0
0
0
0
0
0
0
0
0
0
0
0
2640
2640
2039
2379
1135
2193
2160
1478
2181
1035
2065
1936
2860
2819
2819
2847
2811
2857
2825
2817
2836
2813
2875
2848
799
576
1011
1071
180
1125
600
1232
1381
0
1679
1748
1259
1751
767
1567
1687
981
1520
624
1470
1586
917
1040
2818
2754
2783
2850
2816
2804
2373
2816
2850
2820
2834
2834
1451
1380
684
1192
805
1328
1353
791
1312
345
1467
1276
0
147
565
0
724
224
724
811
0
883
426
119
2363
1425
2280
2128
1430
1952
1362
2029
1951
1215
2012
1953
0
2818
1889
2802
2821
2843
2813
2882
2828
2864
2832
2857
1583
807
1481
688
1213
1312
561
1367
1048
1238
1306
1507
806
834
0
726
203
401
475
0
356
0
0
0
2832
2817
2814
2848
2815
2859
2829
2851
2846
2811
2848
2816
0
0
0
0
0
0
0
0
0
0
0
0
0
0
0
0
0
0
0
0
0
110
0
0
2815
2837
2811
2832
2819
2815
2846
2817
2835
2819
2821
2817
0
0
0
0
0
0
0
0
0
0
0
0
524
0
298
0
281
328
0
412
0
555
597
562
2757
2534
2112
2455
1360
2432
2160
1655
2126
855
2047
2079
2843
2819
2843
2822
2815
2848
2815
2839
2816
2817
2849
2818
2371
1091
2134
2124
1983
2110
1119
2402
2000
1840
2193
2207
2339
2519
1351
2173
1752
1664
1775
583
1421
1232
1154
1077
2835
2817
2823
2858
2735
2831
2812
2818
2843
2815
2823
2830
895
1040
958
1036
0
1170
1418
1295
1330
429
848
1729
0
0
0
0
0
0
0
0
0
0
0
0
2821
2856
2811
2724
2125
2640
1623
2655
2624
2019
2621
2688
1023
1392
64
940
1421
1063
1352
592
1956
2382
1743
2195
0
0
0
0
0
0
0
0
0
0
0
0
2823
2815
2830
2821
2865
2819
2818
2832
2816
2839
2816
2769
2864
2814
2802
2841
2811
2864
2821
2818
2837
2815
2855
2842
1328
259
1329
1283
879
1206
260
1144
1153
611
993
1051
0
0
0
0
0
0
0
0
0
0
0
0
2816
2256
2731
1615
2695
2669
1915
2527
1779
2481
2480
2443
0
0
0
0
0
0
0
0
0
0
0
0
0
0
0
0
80
0
0
177
0
257
0
0
2817
2856
2787
2816
2227
2783
1799
2642
2631
1991
2554
2433
719
2627
1199
2331
2339
2416
2815
2847
2822
2790
2829
2831
189
0
0
0
0
47
0
0
1
0
112
68
2407
2320
1615
2038
1125
2168
2583
1891
1808
1136
2210
1711
2863
2817
2821
2835
2815
2855
2817
2813
2838
2818
2861
2864
440
22
858
850
452
1415
432
1322
1270
947
1731
1855
0
0
0
0
77
0
98
0
0
376
0
0
2068
1475
1824
941
1872
1879
1107
1759
1031
1773
1842
1788
1292
1348
543
759
0
735
1391
595
1471
976
1840
2167
29
784
711
0
698
60
786
720
0
809
236
83
2491
2146
2347
2454
1406
2374
2314
2071
2235
1489
2148
2162
2843
2815
2842
2813
2769
2845
2819
2843
2818
2811
2847
2849
272
0
183
58
0
276
0
0
250
0
334
96
523
630
0
250
0
0
0
0
0
0
0
0
2861
2819
2817
2832
2815
2863
2823
2820
2833
2823
2864
2863
0
0
0
0
0
0
0
0
0
0
0
0
0
0
0
0
0
0
0
0
0
218
0
0
2816
2848
2804
2882
2821
2813
2864
2813
2823
2825
2814
2816
0
0
0
495
0
0
0
1200
2241
2112
0
2819
187
0
481
0
336
35
0
328
0
310
195
75
2820
2848
2544
2625
1623
2494
2240
2047
2093
1111
2198
1864
2845
2819
2843
2813
2820
2847
2818
2835
2821
2897
2845
2805
0
0
0
0
0
142
0
699
397
207
656
815
0
563
0
463
443
0
622
0
635
722
251
0
2832
2517
2737
1780
2525
2376
2316
2489
1495
2502
2378
2416
1600
1520
1126
1411
251
1328
1422
1041
1490
399
1474
1440
0
635
694
0
670
0
659
592
0
807
0
0
1984
848
1876
1896
1439
1854
693
1768
1856
1491
1772
1755
2842
2914
2863
2821
2826
2831
2819
2864
2817
2672
2832
2832
858
625
825
0
767
864
380
867
0
724
720
733
1296
1222
656
1003
0
734
525
0
535
0
0
0
2862
2823
2745
2832
2823
2865
2817
2829
2832
2818
2866
2848
0
0
0
0
0
0
0
0
0
0
0
0
0
0
0
0
28
0
63
0
232
178
0
0
2819
2829
2820
2860
2815
2814
2833
2821
2863
2823
2819
2818
0
0
0
0
0
0
0
0
0
0
609
665
17
753
767
0
743
0
448
554
0
320
0
0
2817
2863
2816
2820
2531
2821
2860
2823
2791
2447
2816
2839
2749
2826
2859
2818
2809
2826
2821
2858
2813
2814
2835
2846
305
0
227
0
0
167
0
0
154
0
428
1039
1413
1236
689
1493
211
351
496
0
288
0
0
0
2863
2820
2825
2841
2815
2861
2817
2820
2834
2813
2864
2867
1723
902
1626
1863
1274
1910
848
1786
1120
1220
2015
1867
0
0
0
0
0
0
0
0
0
0
0
0
2811
2355
2814
2855
2770
2825
2207
2815
2864
2817
2811
2818
1823
1922
0
1188
1618
2177
2059
1187
2822
2852
2816
2814
0
0
0
0
0
0
0
61
0
0
0
0
1552
1352
1228
1353
423
1289
1161
907
1162
0
915
671
2860
2832
2889
2819
2817
2839
2814
2846
2818
2816
2832
2841
0
0
0
0
0
0
0
0
0
0
0
0
0
465
0
319
150
0
496
0
658
752
464
626
2847
2811
2817
2844
2810
2848
2825
2815
2838
2818
2858
2857
0
0
0
0
0
0
0
0
0
0
0
0
0
299
301
0
363
0
333
317
0
491
0
0
2807
1791
2496
2360
2336
2393
1303
2343
2120
1963
2274
2069
2825
2814
2847
2823
2841
2807
2816
2837
2816
2837
2821
2819
1072
611
1053
0
832
1040
671
934
0
961
976
1168
1753
1529
1168
1190
0
911
882
399
774
0
574
451
2839
2814
2835
2805
2815
2850
2797
2850
2821
2817
2846
2850
928
0
1424
896
1454
1739
1326
2000
1624
1954
2656
2419
591
647
0
727
464
702
807
0
591
752
530
463
2845
2815
2825
2849
2801
2832
2821
2818
2849
2833
2864
2827
2075
1872
271
2257
1019
2119
1848
1207
2822
2854
2816
2821
0
993
1044
707
1059
0
1002
949
605
1018
0
0
2095
975
2061
1984
1439
1856
592
1749
1680
1261
1674
1552
2826
2818
2858
2821
2831
2823
2818
2847
2818
2832
2825
2819
331
0
387
0
222
155
0
160
0
98
111
198
0
0
0
0
0
0
0
0
0
0
0
0
2854
2822
2833
2820
2815
2844
2828
2834
2823
2820
2851
2856
0
0
0
0
0
0
0
0
0
0
0
0
0
0
0
0
0
0
0
0
0
0
0
0
2832
2823
2821
2863
2819
2825
2832
2811
2858
2823
2822
2821
0
0
0
1760
1045
2263
2834
2835
2046
2863
2821
2816
0
752
813
96
907
0
714
702
0
604
0
0
2538
1109
2209
2177
1674
1888
654
1717
1704
1133
1431
1328
2829
2821
2862
2827
2814
2832
2815
2859
2819
2815
2832
2837
96
0
372
94
607
576
0
1127
724
1106
1331
1830
658
451
0
607
0
586
784
268
737
0
766
880
1565
2303
2244
1852
2323
1267
2043
2096
1347
2013
1457
1145
1554
317
1666
1649
1127
1510
331
1385
1392
840
1390
1586
0
0
0
464
762
277
1381
1152
2559
2823
2815
2838
0
0
0
0
0
1456
2355
2816
2864
2817
2819
2825
556
1534
1896
2805
2864
2811
2817
2842
2810
2806
2809
2813
0
0
0
0
0
0
0
0
243
2850
2833
2821
0
0
0
0
0
0
0
0
0
0
634
2240
0
0
0
0
0
0
0
0
0
1466
1527
2839
0
0
0
0
0
0
0
0
0
0
0
0
0
0
0
0
0
0
0
0
0
0
0
0
0
0
0
0
0
0
0
0
0
0
0
594
0
0
0
0
0
0
0
0
0
0
0
602
0
0
0
0
0
0
0
0
0
0
0
0
0
0
0
0
0
0
0
0
0
0
0
0
0
0
0
0
0
0
0
0
0
0
0
0
0
0
0
0
0
0
0
0
0
0
0
0
0
0
0
0
0
0
0
0
0
0
0
0
2850
2820
2128
791
187
0
0
0
0
0
0
0
2672
0
0
0
0
0
0
0
0
0
0
0
2807
2001
0
0
0
0
0
0
0
0
0
0
2832
2826
2820
2836
1778
384
0
0
0
0
0
0
2815
2825
2831
2765
2855
2819
2620
0
0
0
0
0
2864
2814
2815
2832
2821
1447
896
0
0
0
0
0
2815
2864
2816
2846
2832
2819
2855
2818
2818
991
243
0
2832
2814
2858
2817
2800
2828
2789
2859
2815
2815
2830
2276
2818
2827
2821
2860
2817
2805
2830
2815
2851
2673
1488
0
2816
2815
2828
2821
2859
2822
2827
2834
2817
2871
1979
598
2867
2819
2817
2832
2814
2861
2813
2817
2832
2820
2864
2864
2817
2859
2822
2800
2832
2817
2926
2818
2848
2849
2815
2815
2835
2815
2861
2817
2815
2838
2821
2861
2817
2817
2843
2843
2817
2848
2818
2838
2818
2814
2849
2816
2832
2822
2815
2814
2819
2805
2849
2816
2839
2769
2786
2880
2818
2837
2819
2822
2913
2805
2819
2861
2801
2837
2821
2816
2841
2816
2829
2835
2816
2838
2819
2816
2851
2816
2827
2823
2817
2855
2815
2817
2835
2823
2834
2817
2812
2842
2816
2842
2813
2815
2846
2845
2819
2850
2826
2822
2832
2817
2849
2817
2832
2822
2814
2810
2821
2845
2847
2817
2833
2820
2893
2846
2825
2823
2826
2817
2842
2819
2826
2851
2829
2833
2817
2826
2848
2817
2832
2837
2823
2841
2821
2851
2849
2832
2823
2829
2817
2864
2811
2821
0
1295
2536
2823
2823
2864
2818
2818
2835
2819
2864
2849
1187
1452
2817
2813
2841
2815
2835
2825
2823
2827
2827
2814
2832
2815
2861
2819
2816
2833
2811
2864
2815
2830
2832
2832
0
0
0
0
573
1982
2821
2818
2857
2817
2821
2821
0
0
0
0
0
1032
2464
2832
2819
2862
2819
2821
0
0
0
0
1616
1883
2815
2821
2825
2896
2864
2864
0
0
0
0
0
0
0
0
1325
2647
2831
2817
0
0
0
0
0
0
0
0
1268
2656
2836
2843
0
0
0
0
0
0
0
1090
1390
2823
2817
2825
0
0
0
0
0
0
0
0
2023
2738
2821
2816
0
0
0
0
0
0
0
0
0
0
0
0
0
0
0
0
0
0
0
0
0
0
0
0
0
0
0
0
0
0
0
0
0
0
0
0
0
0
0
0
0
0
0
0
0
0
0
0
0
0
0
0
0
0
0
0
0
0
0
0
0
0
0
0
0
0
0
0
0
0
0
0
0
0
0
0
0
0
0
0
0
0
0
0
0
0
0
0
0
0
0
0
0
0
0
0
35
0
0
0
0
0
0
0
0
0
0
0
2820
2810
2839
2336
836
0
0
0
0
0
0
0
2843
1455
314
0
0
0
0
0
0
0
0
0
2817
2902
2822
2064
0
0
0
0
0
0
0
0
2855
2815
2815
2827
2817
2855
2823
2817
1648
1047
0
0
2816
2855
2818
2882
2454
1619
0
0
0
0
0
0
2832
2809
2862
2821
2817
2831
2817
1273
990
0
0
0
2878
2817
2800
2848
2810
2834
2819
2798
2846
2777
1696
284
2817
2832
2829
2817
2849
2818
2699
2827
2822
2559
0
1299
2845
2814
2826
2821
2825
2828
2826
2847
2816
2799
751
0
2792
2854
2813
2826
2822
2817
2855
2818
2817
2830
2818
2813
2826
2817
2906
2783
2821
2830
2814
2858
2745
2831
2822
2829
2824
2839
2821
2855
2817
2815
2836
2814
2850
2822
2819
2821
2817
2820
2825
2813
2958
2815
2813
2838
2815
2855
2819
2821
2855
2821
2816
2825
2827
2859
2816
2819
2817
2800
2854
2858
2819
2864
2820
2819
2763
2859
2848
2816
2823
2819
2833
2813
2831
2813
2854
2821
2821
2834
2822
2847
2835
2836
2831
2823
2817
2831
2752
2882
2793
2750
2827
2800
2874
2815
2815
2816
2823
2819
2823
2822
2889
2729
2763
2844
2819
2865
2818
2829
2858
2819
2817
2850
2813
2843
2807
2832
2870
2836
2870
2823
2820
2799
2803
2805
2832
2818
2843
2814
2821
2841
2819
2814
2838
2815
2850
2819
2821
2828
2816
2858
2823
2818
2813
2847
1093
1296
2780
2823
2823
2812
2849
2826
2826
2821
2816
2785
1616
2817
2848
2815
2838
2821
2816
2849
2822
2834
2832
2742
1348
2451
2825
2850
2817
2835
2827
2823
2853
2830
2831
2782
0
0
0
0
0
1667
2770
2832
2826
2850
2823
2821
0
0
0
0
0
0
1535
2769
2821
2822
2847
2929
0
0
0
0
0
216
503
2751
2830
2823
2814
2817
0
0
0
2016
2816
2838
2812
2862
2818
2817
2832
2810
0
0
0
0
0
0
0
0
0
2343
2817
2825
0
0
0
0
0
0
0
0
0
0
1347
2816
0
0
0
0
0
0
0
0
0
0
0
1535
0
0
0
0
0
0
0
0
0
0
0
0
0
0
0
0
0
0
0
0
0
0
0
0
0
0
0
0
0
0
0
0
0
0
0
0
0
0
0
0
0
0
0
0
0
0
0
1907
0
0
0
0
0
0
0
0
0
0
0
0
0
0
0
0
0
0
0
0
0
0
0
0
1805
1584
16
0
0
0
0
0
0
0
0
0
0
0
0
0
0
0
0
0
0
0
0
0
0
0
0
0
0
0
0
0
0
0
0
0
2861
2815
2820
2829
2585
740
0
0
0
0
0
0
2696
971
0
0
0
0
0
0
0
0
0
0
2847
2830
2839
2407
1296
0
0
0
0
0
0
0
2813
2867
2803
2850
2811
2138
0
0
0
0
0
0
2811
2819
2850
2832
2832
2822
2812
1919
1583
304
0
0
2847
2817
2819
2838
2816
1016
0
0
0
0
0
0
2846
2842
2825
2831
2864
2821
2919
2826
2818
203
0
0
2858
2816
2822
2817
2813
2855
2821
2819
2855
2815
2861
2848
2815
2847
2834
2837
2819
2813
2851
2817
2835
2819
2816
1436
2820
2816
2855
2817
2817
2829
2816
2862
2783
2817
2833
2833
2817
2830
2771
2864
2832
2817
2835
2820
2862
2817
2815
2817
2821
2832
2832
2819
2849
2813
2845
2820
2821
2849
2816
2817
2856
2815
2832
2823
2815
2850
2816
2816
2830
2831
2851
2860
2817
2865
2817
2819
2832
2815
2765
2815
2832
2855
2819
2769
2765
2815
2861
2821
2812
2833
2830
2858
2826
2823
2820
2830
2818
2827
2815
2854
2819
2815
2832
2820
2854
2817
2817
2818
2832
2817
2836
2794
2867
2816
2820
2834
2813
2864
2815
2810
2864
2822
2815
2832
2815
2863
2825
2803
2833
2815
2858
2851
2819
2863
2815
2819
2832
2820
2863
2775
2821
2837
2817
2811
2832
2811
2864
2812
2821
2834
2815
2864
2817
2815
2832
2831
2815
2837
2819
2862
2816
2817
2834
2814
2852
2818
2815
2799
2818
2810
2851
2829
2836
2817
2827
2839
2809
2835
2816
2827
1944
2821
2822
2849
2818
2841
2820
2821
2843
2816
2832
2832
1304
2080
2817
2819
2837
2817
2842
2813
2817
2842
2816
2817
2847
2822
2831
2822
2807
2852
2818
2823
2820
2817
2851
2849
0
0
0
1016
1869
2815
2859
2813
2828
2825
2820
2811
0
0
0
0
651
1584
2822
2853
2815
2832
2820
2830
0
0
0
0
1604
2815
2822
2814
2859
2818
2817
2821
0
0
0
0
0
0
0
0
1616
1676
2832
2826
0
0
0
0
0
0
0
0
0
139
803
2861
0
0
0
0
0
0
0
0
0
0
0
1364
0
0
0
0
0
0
0
63
2198
2817
2834
2832
0
0
0
0
0
0
0
0
0
0
0
0
0
0
0
0
0
0
0
0
0
0
0
0
0
0
0
0
0
0
0
0
0
0
0
0
0
0
0
0
0
0
0
0
0
0
0
0
0
0
0
0
0
0
0
0
0
0
0
0
0
0
0
0
0
0
0
0
0
0
0
0
0
0
0
0
0
0
0
0
0
0
0
0
0
0
0
0
0
0
0
0
0
0
0
0
2821
1474
0
0
0
0
0
0
0
0
0
0
2851
2819
2838
1206
0
0
0
0
0
0
0
0
2818
2741
1994
192
0
0
0
0
0
0
0
0
2819
2819
2844
2450
848
0
0
0
0
0
0
0
2864
2833
2832
2837
2817
2851
2815
2320
112
0
0
0
2819
2843
2832
2817
2850
2816
1618
22
0
0
0
0
2847
2817
2826
2823
2822
2848
2545
1056
0
0
0
0
2821
2896
2818
2835
2849
2818
2853
2814
2831
2825
2816
2815
2819
2807
2849
2819
2834
2821
2814
2851
2819
2829
2825
2834
752
309
651
0
459
590
277
432
0
561
644
752
1908
1456
1467
1491
591
1266
816
1051
895
223
1036
950
2861
2822
2800
2841
2817
2867
2818
2817
2840
2816
2860
2864
481
0
342
426
0
414
0
225
367
0
415
341
0
498
0
688
665
0
576
0
723
768
0
0
2818
2826
2822
2843
2818
2819
2833
2800
2870
2811
2819
2822
0
33
0
0
0
0
7
0
67
0
464
400
387
883
837
0
912
517
777
853
0
656
244
120
2816
2864
2815
2814
2385
2815
2859
2776
2823
2175
2819
2811
2851
2814
2837
2816
2816
2847
2815
2853
2834
2818
2847
2838
0
0
0
0
0
0
0
0
0
0
80
488
944
1014
0
947
682
886
877
0
882
428
754
762
2865
2823
2819
2559
2825
2853
2815
2816
2451
2810
2859
2861
1715
1385
1489
1690
0
1895
1584
1623
1959
1007
1793
1834
337
1296
1082
993
1207
431
1359
1116
1073
1220
277
281
2609
1424
2391
2354
2043
2416
1215
2287
2256
1747
2060
2237
2666
2822
2398
2763
2834
2768
2817
2858
2819
2843
2813
2673
1012
1264
1376
571
1331
1152
1185
1276
336
1170
1134
1090
2821
2858
2855
2814
2835
2835
2863
2815
2827
2855
2811
2827
2853
2818
2819
2826
2819
2854
2818
2821
2827
2819
2854
2847
0
0
0
0
0
0
0
0
0
0
0
0
0
0
0
0
0
0
0
0
0
0
0
0
2822
2831
2816
2855
2814
2817
2827
2817
2864
2822
2815
2820
0
0
0
0
0
0
0
0
0
0
0
0
0
0
0
0
0
0
0
0
0
0
0
0
2822
1775
2671
2520
2115
2608
1371
2514
2498
1939
2470
2294
1623
2444
2861
2816
2822
2701
2640
2855
2818
2817
2800
2823
0
0
0
0
0
0
0
0
0
0
0
0
1691
1668
959
1439
295
1248
1221
543
1184
227
993
833
2849
2816
2819
2832
2819
2863
2863
2817
2832
2820
2861
2866
710
0
1191
1186
719
0
615
1584
1587
1190
1955
1827
0
432
0
445
629
0
543
0
439
620
0
0
2831
2559
2816
2848
2821
2870
2291
2805
2848
2815
2811
2818
1734
1846
980
990
1856
1712
1957
0
2187
1680
1967
1168
300
564
646
0
752
473
293
524
0
645
364
376
2001
1023
1904
1952
1361
1889
923
2032
1818
1147
1771
1603
2833
2817
2862
2821
2842
2832
2821
2849
2817
2830
2836
2851
82
0
0
0
0
0
0
0
0
0
0
0
723
750
0
594
336
0
441
0
395
353
0
0
2851
2822
2816
2840
2817
2844
2817
2823
2795
2823
2858
2845
0
0
0
0
0
0
0
0
0
0
0
0
0
629
408
243
649
0
672
320
678
713
0
0
2822
2827
2819
2855
2820
2816
2598
2819
2843
2817
2820
2815
2342
2531
1856
2814
2838
2827
2811
2849
2821
2825
2823
2831
960
497
976
0
725
1014
400
852
0
723
784
800
1984
1856
1663
1684
801
1571
1400
1312
1501
511
1344
1169
2849
2817
2836
2821
2813
2847
2823
2845
2815
2813
2852
2848
0
0
398
258
0
896
0
896
918
816
1484
1470
0
148
0
0
64
0
187
0
258
316
0
0
2827
2822
2814
2857
2819
2819
2829
2816
2858
2821
2827
2818
1587
1796
1487
1648
735
1671
1634
1398
1139
378
1862
1623
0
225
106
0
28
0
0
226
0
223
0
0
2799
1744
2732
2618
2223
2559
1502
2514
2545
2239
2448
2454
2827
2821
2849
2810
2833
2816
2819
2848
2813
2832
2822
2820
457
0
462
0
479
532
0
590
0
503
652
664
720
672
0
413
0
471
338
0
240
0
0
0
2864
2815
2829
2835
2825
2864
2821
2821
2838
2821
2869
2854
0
0
0
0
0
0
0
0
0
0
0
0
0
144
0
0
132
0
64
0
0
196
0
0
2816
2832
2821
2868
2818
2801
2834
2818
2864
2817
2817
2815
0
0
0
0
0
0
1680
754
1344
595
2800
2819
0
636
608
0
506
0
564
548
0
609
0
0
2266
1291
2184
2142
1427
2033
1212
1927
1987
1306
1792
1904
2832
2814
2851
2818
2815
2832
2816
2863
2823
2818
2832
2833
48
0
59
0
315
752
0
743
0
1078
1149
1376
1434
1455
735
1234
522
1353
1287
499
1203
684
1264
1202
2856
2817
2817
2523
2814
2848
2819
2818
2541
2831
2920
2147
1589
460
1744
1808
1464
1421
655
1767
1792
0
1566
1695
0
791
96
837
775
0
677
344
863
680
0
0
2466
1755
2200
1023
2188
1980
1603
2128
923
2096
2015
1973
2886
2822
2832
2809
2864
2819
2817
2833
2817
2861
2813
2819
960
1154
1233
337
1081
616
834
1088
0
933
848
720
848
112
752
631
0
444
0
0
311
0
251
0
2833
2817
2852
2816
2820
2839
2818
2852
2816
2816
2842
2843
0
0
0
0
0
0
0
0
0
0
0
0
0
0
0
0
0
0
0
0
0
0
0
0
2829
2823
2818
2833
2822
2862
2818
2818
2835
2791
2853
2861
0
0
0
0
0
0
0
0
0
0
0
0
0
0
0
0
0
0
0
0
0
0
0
0
2815
2850
2823
2836
2817
2826
2851
2819
2827
2822
2832
2815
2821
2835
2832
2829
2845
2819
2821
2849
2813
2837
2827
2823
0
0
0
0
0
0
0
0
0
0
0
194
1077
998
707
752
0
575
506
0
473
0
544
637
2830
2815
2864
2816
2809
2528
2817
2864
2819
2845
2385
2244
1459
592
1472
1396
1563
1712
711
1776
1504
1699
1808
1951
998
1062
167
953
400
1010
912
127
1190
614
999
1076
2864
2815
2832
2383
2820
2851
2641
2720
1904
2765
2608
2528
2840
1800
2819
2816
2839
2815
2843
2816
2816
2839
2820
2831
1515
1636
1344
1522
1552
701
1584
1510
1168
1606
413
499
2736
1346
2241
2346
1936
2202
919
2147
2096
1425
1875
1655
2817
2819
2862
2819
2818
2821
2819
2845
2819
2855
2817
2816
0
0
0
0
0
0
0
0
0
0
0
0
0
0
0
0
0
0
0
0
0
0
0
0
2847
2820
2834
2835
2814
2839
2819
2835
2822
2819
2848
2726
0
0
0
0
0
0
0
0
0
0
0
0
532
758
0
624
448
400
687
0
656
440
528
407
2320
2390
2559
1483
2441
2250
2132
2351
1379
2242
2296
2288
2469
2180
1343
2819
2839
2812
2855
2800
2825
2880
2815
2788
0
0
16
0
0
0
0
0
0
0
0
0
1472
401
1494
1184
787
1199
0
899
800
423
624
633
2823
2819
2857
2858
2826
2823
2815
2854
2816
2826
2830
2827
924
663
1457
218
1401
1460
1179
2028
811
2063
1897
2426
0
198
0
217
0
0
80
0
197
0
0
0
2854
2815
2813
2819
2817
2852
2807
2819
2710
2814
2848
2864
2802
1571
1408
2827
2279
2820
1792
2619
2751
2133
2817
2813
631
896
0
816
856
501
890
0
874
752
429
430
2829
2559
2965
2840
2823
2819
2391
2816
1823
2586
2666
2534
2815
2805
2834
2818
2833
2816
2816
2834
2818
2863
2768
2817
0
0
0
0
0
0
0
0
0
0
0
0
240
0
0
0
0
125
0
0
800
0
176
288
2821
2810
2854
2811
2821
2820
2839
2855
2818
2827
2815
2821
0
0
0
0
0
0
0
0
0
0
0
0
464
531
0
555
0
592
467
0
578
0
754
707
2840
2823
2835
2479
2821
2760
2821
2814
2255
2815
2032
1571
0
0
0
1104
439
1266
0
2100
2662
1855
2127
2805
0
176
0
0
173
0
203
0
0
22
0
0
2595
1759
2541
1367
2210
2372
1415
1971
1065
1955
1886
1718
2817
2818
2844
2816
2854
2816
2816
2878
2822
2834
2815
2829
11
0
522
0
922
452
816
1005
499
1305
816
1360
290
0
0
303
0
413
0
0
252
0
421
524
2031
2821
2848
2708
2618
1968
2559
2032
2591
2475
1728
1575
1984
1360
1958
1123
1556
1944
1299
1904
1388
1840
2014
2283
2548
2640
1827
2485
1892
2359
2443
1557
2479
1928
2240
2266
2864
2791
2750
1899
2672
2169
2586
2559
1797
2435
2288
2468
2819
2864
2821
2819
2837
2821
2858
2862
2736
2887
2817
2823
0
0
0
0
0
0
0
0
0
0
0
0
1223
255
1094
272
751
629
0
407
0
0
7
165
2816
2815
2835
2815
2855
2819
2817
2880
2819
2860
2800
2813
0
0
0
0
0
0
0
0
0
0
0
0
0
0
0
0
0
0
0
0
0
0
0
0
2850
2817
2844
2821
2821
2844
2821
2843
2832
2827
2848
2858
0
0
0
0
0
0
0
291
166
0
177
1648
1190
1412
336
1415
1344
1053
1319
259
1411
1312
1072
963
