0
0
0
0
0
0
0
0
0
0
0
0
0
0
0
0
0
0
0
0
0
0
0
0
2810
2842
2814
2833
2819
2813
2847
2814
2816
2821
2817
2811
0
0
0
0
0
0
0
0
0
0
0
0
2815
2753
2812
2848
2815
2815
2831
2807
2854
2815
2809
2815
2871
2815
2559
2800
2840
2800
2816
2823
2832
2852
2805
2801
2848
2811
2825
2826
2800
2862
2811
2804
2830
2814
2849
2864
0
0
0
0
0
0
0
0
0
0
0
0
0
0
0
0
0
0
0
0
0
0
0
0
1658
1375
1608
539
1653
1737
1446
1751
785
1872
1904
2026
2819
2817
2131
2752
2868
2794
2813
2047
2809
2853
2752
2727
0
0
0
0
0
0
0
0
0
0
0
0
2817
2863
2818
2815
2839
2810
2843
2815
2815
2834
2810
2813
0
2313
1830
2045
1788
2823
2832
2919
2806
2815
2833
2849
2816
2845
2815
2845
2816
2814
2834
2815
2846
2800
2815
2819
2803
2832
2832
2833
2861
2820
2818
2832
2815
2855
2825
2824
2863
2819
2817
2841
2812
2855
2819
2816
2836
2818
2850
2858
2833
2853
2814
2802
2841
2818
2851
2817
2817
2840
2842
2817
2845
2818
2813
2819
2816
2387
2819
2833
2820
2816
2842
2846
2815
2843
2809
2816
2818
2817
2843
2818
2833
2809
2814
2816
0
0
0
0
0
0
0
0
0
0
0
0
0
0
0
0
0
0
0
0
0
0
0
0
2815
2832
2826
2817
2815
2811
2826
2818
2815
2897
2818
2815
2857
2768
2816
2827
2817
2867
2795
2815
2827
2814
2865
2864
2801
2864
2821
2820
2835
2832
2852
2818
2815
2841
2822
2817
2831
2815
2864
2816
2813
2831
2816
2862
2821
2814
2835
2743
2818
2829
2818
2864
2819
2816
2837
2830
2864
2819
2817
2815
2519
2422
1535
2359
1936
2305
2362
1371
2361
1932
2243
2234
0
803
770
0
863
0
723
959
384
1104
484
467
2803
2856
2815
2815
2843
2820
2865
2819
2817
2833
2818
2747
542
1203
228
1089
1171
445
1104
803
960
1265
375
557
72
0
31
0
0
176
0
237
0
0
272
483
2817
2813
2836
2819
2864
2816
2818
2835
2819
2864
2821
2821
1224
1808
1769
1315
2818
2858
2823
2819
2853
2817
2859
2871
543
0
0
387
0
280
211
0
353
0
474
491
1653
2398
1493
1987
2001
1223
1591
727
1388
1363
551
336
2545
1447
2609
2672
2455
2718
1709
2821
2826
2383
2794
2814
1501
1806
787
1711
1744
1766
2187
1347
2128
2544
2337
2477
608
558
965
0
1000
1056
851
1188
243
1306
1414
1408
1453
1410
1081
1207
0
1134
1329
976
1360
304
1327
1328
783
1739
1712
1397
1576
790
2016
2128
1467
2315
2004
2842
1712
496
1571
1432
1297
1520
383
1628
1732
1270
1535
1693
0
0
0
0
0
0
0
0
0
0
0
0
2843
2822
2815
2841
2774
2880
2803
2822
2837
2806
2829
2832
0
0
0
0
0
0
0
0
0
0
0
0
95
1073
1023
767
1008
0
996
976
857
1080
63
110
2815
2863
2823
2837
2835
2814
2864
2811
2816
2838
2813
2818
783
1230
459
546
1021
323
1205
449
1240
1421
538
559
1422
703
1420
1080
1419
1554
720
1669
1426
1510
1858
1959
2817
2814
2832
2815
2862
2817
2821
2834
2812
2853
2819
2800
0
1269
1237
623
1249
0
2829
2818
2367
0
2864
2862
1010
256
1023
976
271
832
9
975
888
470
970
1044
1515
2069
1266
1895
2001
1223
1788
1264
1851
1926
1002
814
2815
2826
2829
2849
2818
2814
2837
2817
2847
2815
2817
2819
1261
1456
381
1208
1260
899
2111
910
1760
543
1979
2221
0
0
0
0
0
0
0
0
0
0
0
0
2826
2861
2814
2817
2837
2820
2843
2816
2817
2845
2817
2834
1464
2508
2412
2135
2219
1350
2496
2056
2146
2014
647
1459
0
0
0
0
0
0
0
0
144
0
0
41
2301
2598
1519
2337
2464
2256
2491
1655
2453
2480
2286
2319
2004
0
2821
2543
2704
2830
2815
2814
2859
2815
2839
2832
698
657
0
485
0
362
706
0
511
0
511
552
1529
2455
2187
1686
1799
757
1527
1264
975
1135
0
0
2822
2849
2819
2822
2819
2819
2850
2813
2833
2818
2813
2814
0
0
0
0
0
0
0
0
0
0
0
0
0
0
0
0
0
0
0
0
0
0
0
0
2821
2821
2826
2816
2850
2818
2818
2829
2815
2858
2813
2815
0
0
0
0
0
0
0
0
0
0
0
0
1409
592
1229
1175
387
1199
832
1207
1296
498
1343
1431
2065
2680
1862
2507
2398
1915
2477
1760
2483
2354
1718
1570
2817
2829
2784
2858
2815
2814
2833
2817
2854
2815
2816
2815
1346
1392
432
1283
916
1264
1245
485
1408
1061
1262
1297
1894
2255
2020
1071
1872
1216
1490
1535
821
1345
1028
934
2819
2823
2819
2817
2832
2800
2862
2816
2813
2832
2826
2805
1455
2284
2144
1650
2813
1712
2751
1403
2559
2704
1735
1811
1186
0
1023
1084
671
1101
108
1356
1336
1003
1402
1648
2817
2816
2843
2828
2845
2825
2817
2423
2819
2832
2807
2819
1620
566
479
1663
2678
2192
0
2810
2847
2815
2859
2941
955
704
459
943
0
789
756
719
839
0
1019
935
1483
2448
2520
1954
2299
1023
2144
2204
1639
2216
969
1328
2855
2852
2816
2821
2827
2816
2854
2822
2829
2825
2819
2823
0
51
0
0
0
0
0
0
0
0
0
0
0
0
0
0
0
0
0
0
0
0
0
0
2821
2814
2826
2831
2867
2819
2815
2830
2818
2864
2816
2819
0
0
0
0
0
0
0
0
0
0
0
0
0
0
0
0
0
0
0
0
0
0
0
0
2830
2811
2854
2817
2821
2829
2819
2869
2815
2821
2827
2827
0
90
0
0
0
0
0
0
1535
1712
0
2819
0
0
0
0
0
0
0
0
0
0
0
0
0
0
0
0
0
0
0
0
0
0
0
0
2807
2859
2813
2816
2833
2805
2858
2818
2781
2164
2812
2825
1170
1591
1112
1884
1648
1527
2256
1570
1887
2818
2159
1824
2155
1099
2197
2032
2094
2290
1425
2435
2377
2239
2657
2785
2816
2818
2837
2816
2845
2818
2817
2844
2813
2839
2822
2825
2837
2789
2816
2208
2819
2832
2651
2804
2288
2816
2833
2768
1411
816
1085
1143
311
1284
832
1050
1147
343
1192
1242
0
0
0
0
0
0
0
0
0
0
0
0
2810
2850
2814
2829
2819
2822
2849
2806
2819
2825
2807
2828
0
0
0
0
0
0
0
0
0
0
0
0
0
0
0
0
0
0
0
0
0
0
0
0
0
0
0
0
0
0
0
0
0
0
0
0
0
0
0
0
0
0
0
0
0
0
0
0
0
0
0
0
0
0
0
0
0
0
0
0
2915
2817
2858
2811
2803
2827
2815
2855
2816
2829
2833
2832
0
0
0
0
1391
2800
2828
2832
2863
2811
2814
2816
2781
2813
2828
2814
2853
2828
2813
2826
2811
2789
2815
2817
2858
2819
2815
2837
2817
2861
2821
2815
2832
2812
2860
2849
2800
2858
2820
2822
2830
2813
2864
2817
2816
2834
2815
2785
0
0
0
0
0
0
0
0
0
0
0
0
0
0
0
0
0
0
0
0
0
0
0
0
2816
2809
2832
2811
2842
2815
2811
2844
2813
2853
2814
2807
0
0
0
0
0
0
0
0
0
0
0
0
0
0
0
0
0
0
0
0
0
0
0
0
2841
2814
2833
2816
2816
2839
2814
2835
2812
2834
2829
2854
1756
2000
2823
2835
2817
2689
2846
2817
2832
2820
2800
2802
2683
2815
2800
2817
2858
2864
2195
715
992
0
0
0
171
0
0
0
0
0
0
0
0
0
0
0
2815
2830
2800
2829
2883
2809
2827
2835
2832
2830
2838
1835
0
0
0
0
0
0
0
0
0
0
0
0
984
0
0
0
0
0
0
0
0
0
0
0
2827
2812
2853
2815
2805
2825
2810
2860
2833
2815
2828
2822
0
0
0
0
0
0
0
0
0
0
0
0
2810
2817
2827
2811
2843
2825
2814
2827
2818
2835
2813
2815
2887
2832
2853
2835
2818
2847
2812
2811
2830
2799
2846
2839
2810
2837
2819
2819
2833
2811
2851
2821
2811
2833
2772
2775
0
0
0
0
0
0
0
0
0
0
0
0
578
0
219
0
0
0
0
0
0
0
0
0
0
0
0
0
0
0
0
0
0
0
0
0
0
0
0
0
0
0
0
0
0
0
0
0
0
0
0
0
0
0
0
0
0
0
0
0
2790
2839
2847
2820
2847
2837
2798
2866
2813
2901
2830
2834
0
0
0
0
0
879
1184
2823
2825
2852
2862
2816
2864
2809
2833
2813
2849
2815
2816
2835
2816
2861
2705
2822
1504
1183
1624
787
1651
1664
1467
1667
560
1535
1556
1424
2815
2824
2821
2835
2850
2817
2821
2794
2815
2860
2812
2814
0
0
0
0
0
0
0
0
0
0
0
0
0
0
0
0
0
0
0
0
0
0
0
0
2827
2811
2858
2818
2806
2832
2821
2850
2815
2810
2874
2832
0
0
0
0
0
0
0
0
0
0
0
0
662
896
345
1084
0
1291
1440
1277
1876
720
1968
2160
2858
2815
2811
2832
2820
2864
2816
2812
2825
2774
2855
2859
0
1085
0
2815
2827
2811
2858
2829
2826
2800
2805
2814
2391
2831
2847
2807
2812
2842
2810
2839
2828
2832
2886
2840
2157
1131
1716
951
1379
941
0
720
0
203
268
234
2804
2813
2832
2818
2844
2817
2851
2832
2843
2859
2833
2845
0
0
0
0
0
0
0
0
0
0
32
0
2639
2704
2499
2851
447
2218
0
0
0
0
0
0
2837
2811
2839
2817
2813
2839
2815
2833
2896
2823
2846
2843
2842
1847
566
0
0
0
0
0
0
0
0
0
2693
2819
2579
2814
2828
2803
2813
2847
2810
2821
2826
2816
2869
2817
2826
2869
2815
2862
2817
2821
2851
2825
2814
2810
2813
2822
2818
2816
2843
2814
2827
2917
2802
2851
2832
2813
0
0
0
0
0
0
0
0
0
0
0
0
0
0
0
0
0
0
0
0
0
0
0
0
2023
1210
317
1181
1152
400
1287
768
1483
1633
915
1023
0
0
0
0
0
0
0
0
0
0
0
0
0
0
0
0
0
0
0
0
0
0
0
0
2848
2817
2811
2857
2815
2818
2811
2813
2835
2823
2858
2880
0
0
0
0
0
0
0
0
1865
1679
2812
2811
2832
2813
2848
2866
2805
2834
2810
2846
2812
2815
2843
2844
2121
1047
1923
1932
1605
1796
851
1722
1836
1680
1826
1765
2811
2822
2841
2811
2846
2790
2704
2860
2819
2829
2813
2811
0
0
0
0
0
0
0
0
0
0
0
0
0
0
0
0
0
0
0
0
0
0
0
0
2837
2815
2826
2917
2832
2752
2831
2815
2849
2815
2848
2836
2813
2843
2816
2787
2865
2814
2843
2803
2821
2822
2806
2815
0
0
0
0
0
0
0
0
0
0
0
0
2815
2832
2817
2849
2816
2816
2837
2807
2860
2813
2815
2814
0
0
0
2819
2851
2864
2821
2822
2815
2861
2809
2811
1163
1967
2000
1487
1988
1374
2099
2322
1535
2640
2852
2838
2111
611
1611
1466
974
1061
0
537
436
0
0
0
2838
2809
2849
2811
2800
2813
2839
2845
2814
2812
2841
2832
0
0
0
0
0
0
0
0
0
0
0
0
0
0
0
0
0
0
803
325
1392
906
0
0
2861
2817
2811
2846
2815
2858
2801
2815
2826
2813
2855
2863
0
0
0
0
0
0
0
0
0
0
0
0
2239
2806
2853
2817
2809
2511
2807
2852
2813
2810
2832
2830
2811
2821
2806
2846
2852
2830
2864
2819
2850
2850
2798
2846
2814
2798
2835
2878
2849
2818
2819
2847
2818
2858
2815
2815
2384
457
0
0
0
0
0
0
0
0
0
0
1441
1188
507
878
0
460
320
0
135
0
0
0
2818
2806
2830
2800
2800
2850
2807
2829
2818
2810
2846
2849
0
0
0
490
0
890
0
1481
1784
1425
1936
2211
0
0
0
0
0
0
0
0
0
0
0
0
2832
2827
2813
2842
2863
2831
2821
2817
2859
2814
2811
2736
0
0
0
0
0
0
0
0
0
0
0
1535
2790
2754
2809
2434
2809
2838
2812
2811
2718
2812
2844
2859
1737
707
1903
2075
1535
2219
1385
2218
2415
1773
2305
2144
2829
2806
2849
2813
2816
2821
2816
2849
2818
2823
2823
2831
0
0
0
0
0
0
0
0
0
0
0
0
0
0
0
0
0
0
0
0
0
0
0
0
2874
2803
2803
2807
2810
2849
2810
2806
2832
2811
2852
2864
0
0
0
0
0
0
0
0
0
0
0
0
0
0
0
0
0
0
0
0
0
0
0
0
2790
2857
2854
2861
2815
2809
2831
2819
2853
2815
2815
2811
0
0
0
0
0
1743
2811
2783
2814
2832
2822
2807
2853
2817
2811
2857
2813
2855
2815
2814
2833
2814
2848
2861
2813
2858
2815
2824
2832
2811
2857
2747
2626
1631
2096
1648
2832
2816
2849
2821
2812
2832
2816
2847
2814
2821
2835
2832
0
0
0
0
0
0
0
0
0
0
0
0
0
0
0
0
0
0
383
0
799
640
1309
1584
2847
2813
2810
2835
2815
2848
2818
2811
2841
2815
2832
2833
567
286
775
1005
215
1285
1232
277
1937
1271
2849
615
0
0
0
0
245
0
432
152
544
718
0
144
2822
2848
2811
2829
2832
2811
2889
2847
2815
2832
2797
2801
2816
2819
2831
2813
2807
2815
2801
2836
2811
2838
2815
2847
2830
2816
2810
2832
2264
2012
1071
0
0
0
0
0
0
0
0
0
0
0
0
0
0
0
0
0
2846
2795
2863
2861
2835
2832
2795
2771
2843
2798
2869
31
0
0
0
0
0
0
0
0
0
0
0
0
0
0
0
0
0
0
0
0
0
0
0
0
2819
2819
2819
2850
2817
2815
2832
2813
2903
2807
2800
2813
0
0
0
0
0
0
0
0
0
0
0
0
2860
2812
2768
2829
2812
2851
2804
2803
2834
2814
2875
2858
2832
2224
2424
2384
1783
2293
1155
2371
2424
2103
2549
2366
2831
2820
2864
2811
2816
2837
2820
2867
2815
2816
2835
2838
0
0
0
0
0
0
0
0
0
0
0
0
0
0
0
0
0
0
0
0
0
0
0
0
315
1345
1271
859
1328
665
1427
1424
723
1535
1090
1408
0
0
0
0
0
0
0
0
0
0
0
0
0
0
0
0
0
0
0
0
0
0
0
0
2815
2835
2817
2849
2817
2813
2833
2816
2910
2817
2816
2815
0
0
0
0
0
0
0
2000
2814
2843
2806
2819
2859
2811
2813
2832
2813
2851
2818
2815
2832
2811
2846
2833
2058
1456
1996
1983
1239
1839
1097
1463
1450
304
912
471
2841
2815
2834
2816
2811
2842
2816
2851
2807
2814
2834
2835
0
0
0
0
36
0
0
0
0
0
0
0
0
0
0
0
0
0
0
0
0
0
0
0
2841
2807
2813
2835
2814
2843
2816
2811
2834
2813
2834
2834
0
0
0
0
0
0
0
0
0
0
0
0
0
169
110
0
592
0
889
1016
969
1207
335
306
2816
2837
2820
2839
2815
2817
2841
2815
2833
2818
2815
2818
2806
2823
2834
2815
2849
2828
2811
2832
2864
2832
2817
2843
2832
2801
2818
2839
2817
2831
2823
2813
2891
2800
2826
2828
1735
1525
1406
1399
138
976
906
442
653
0
208
107
2850
2817
2819
2827
2818
2903
2815
2831
2842
2830
2849
2887
0
0
0
0
0
0
0
0
0
0
0
0
0
2705
0
0
0
0
0
0
0
0
0
0
2818
2827
2815
2859
2817
2805
2831
2812
2854
2806
2811
2813
2819
892
0
0
0
0
0
0
0
0
0
0
1009
2083
2172
1535
2234
1687
2496
2559
1979
2811
2554
2833
2851
2877
2831
2835
2860
2767
2836
1891
2065
1481
2115
2268
2832
2816
2863
2813
2810
2832
2819
2849
2764
2814
2831
2827
0
0
0
0
0
0
0
0
0
0
0
0
0
0
0
0
0
0
0
0
0
0
0
0
692
1168
1134
464
1282
864
1405
1515
858
1711
1464
1512
0
0
0
0
0
0
0
0
0
0
0
0
0
0
0
0
0
0
0
0
0
0
0
0
2810
2838
2814
2842
2819
2815
2832
2814
2845
2814
2817
2815
0
0
0
0
0
0
0
0
2263
2663
2809
2805
2841
2815
2819
2841
2818
2835
2818
2816
2839
2818
2832
2834
2814
2853
2813
2815
2349
2811
2858
2813
2813
2114
2699
2416
2834
2810
2850
2814
2811
2835
2814
2832
2822
2815
2839
2832
0
0
0
0
0
0
0
0
0
0
0
0
0
0
0
0
0
0
0
0
0
0
0
0
2862
2807
2813
2836
2859
2839
2815
2811
2836
2806
2832
2834
0
0
0
0
0
0
0
0
0
0
0
0
0
0
0
0
0
0
0
0
0
0
0
0
2809
2859
2814
2822
2818
2815
2848
2817
2831
2813
2806
2816
2781
2803
2850
2823
2802
2823
2813
2853
2830
2817
2825
2806
2813
2819
2816
2851
2815
2831
2815
2803
2848
2817
2820
2814
1529
1560
1055
1326
0
760
544
0
43
0
0
0
2850
2807
2814
2821
2814
2849
2811
2821
2826
2816
2851
2878
0
0
0
0
0
0
0
0
0
0
0
0
0
0
0
0
0
0
1403
125
0
0
0
0
2813
2836
2807
2862
2821
2802
2829
2809
2855
2810
2807
2810
722
835
463
1199
789
0
0
0
0
0
0
0
2850
2817
2815
2832
2769
2852
2817
2813
2838
2807
2849
2842
2829
2846
2829
2865
2846
2816
2843
2803
2835
2837
2791
2845
2821
2832
2853
2816
2806
2961
2801
2858
2811
2813
2845
2842
2807
2832
2811
2864
2843
2801
2854
2829
2850
2809
2819
2812
2812
2818
2847
2819
2834
2818
2815
2844
2815
2833
2817
2816
2830
2814
2831
2854
2811
2831
2824
2815
2847
2809
2815
2811
2818
2831
2822
2815
2847
2814
2823
2814
2816
2853
2816
2826
2834
2764
2825
2814
2807
2849
2811
2816
2826
2817
2809
2867
2815
2849
2815
2817
2820
2814
2852
2815
2819
2815
2815
2823
2736
2818
2840
2815
2898
2822
2805
2847
2809
2823
2825
2830
2834
2816
2809
2838
2819
2843
2783
2815
2836
2815
2834
2843
2815
2832
2819
2821
2842
2816
2843
2794
2815
2839
2817
2815
2861
2815
2830
2817
2815
2847
2813
2719
2821
2814
2851
2851
0
0
0
0
0
0
0
0
0
0
0
0
0
576
0
297
282
0
339
0
0
272
0
0
2832
2819
2815
2854
2812
2821
2831
2800
2881
2811
2798
2822
0
0
0
0
0
0
0
0
0
0
0
0
2893
2823
2817
2835
2817
2861
2817
2819
2836
2811
2855
2849
2815
2846
2817
2829
2821
2813
2848
2817
2825
2829
2809
2816
942
2224
2855
1707
2815
2821
2814
2849
2832
2823
2827
2816
1528
1097
1373
183
1176
1344
945
1360
155
1318
1402
1506
2535
2416
1839
2139
738
1759
1620
1087
1312
0
976
658
2880
2815
2816
2831
2813
2855
2802
2797
2827
2819
2864
2858
0
0
0
0
0
0
0
0
0
0
0
87
0
0
0
0
0
0
0
0
0
140
0
895
2812
2826
2817
2851
2815
2807
2826
2803
2850
2814
2816
2814
2347
2816
2186
2819
2176
2814
2818
2592
2821
2847
2814
2828
1391
2310
2263
1616
2356
1343
2285
2318
1713
2433
1431
1232
2811
2861
2809
2814
2829
2830
2880
2803
2804
2835
2821
2799
2830
2819
2844
2815
2813
2835
2817
2896
2821
2823
2874
2834
850
849
2006
1696
1487
2176
0
271
816
0
0
0
0
144
0
0
0
0
0
0
0
0
0
0
2869
2842
2839
2849
2837
2801
2826
2839
2864
2832
2853
2867
0
0
0
0
0
0
0
0
0
0
0
0
0
0
0
0
0
0
0
0
0
0
0
0
2819
2847
2811
2832
2821
2815
2850
2813
2815
2818
2814
2816
0
0
0
0
0
0
0
0
0
0
0
331
1672
1289
1904
400
1564
1620
1131
1569
391
1599
1703
1648
2810
2855
2815
2815
2835
2815
2853
2817
2879
2837
2818
2815
2848
2820
2833
2807
2815
2912
2807
2832
2823
2815
2843
2843
0
0
0
0
0
0
0
0
0
0
0
0
0
0
0
0
0
0
0
0
0
0
0
0
2832
2556
2781
1618
2736
2642
2340
2633
1431
2480
2472
2448
0
0
0
64
0
11
456
0
477
0
581
432
80
1485
1268
843
1499
647
1554
1781
1227
2021
1103
1039
2781
2871
2813
2814
2820
2787
2851
2811
2802
2817
2803
2814
1355
1872
1399
2524
2826
2823
2804
2853
2835
2821
2827
2832
298
0
208
0
0
111
0
0
0
0
73
0
2505
2599
1941
2387
1211
2164
2166
1603
1693
503
1322
1149
2856
2815
2815
2820
2816
2854
2814
2814
2832
2814
2847
2843
0
0
0
0
0
0
0
0
0
0
0
0
0
0
0
0
0
0
0
0
0
0
0
0
2816
2838
2821
2846
2802
2812
2837
2825
2845
2817
2814
2815
0
0
0
0
0
0
0
0
0
0
0
0
2864
2819
2815
2351
2817
2867
2815
2815
2659
2815
2864
2863
2814
2850
2815
2813
2841
2813
2843
2805
2815
2835
2832
2809
2832
2979
2853
2816
2817
2834
2818
2855
2811
2815
2850
2832
851
0
863
239
1116
1178
779
1701
955
2294
1593
2204
1223
1199
0
743
80
175
287
0
0
0
0
0
2858
2814
2814
2858
2811
2849
2830
2814
2863
2800
2887
2855
0
0
0
0
0
0
0
0
137
0
729
1009
939
552
0
0
703
0
0
0
0
0
0
0
2812
2835
2814
2837
2815
2816
2842
2817
2835
2814
2814
2810
2842
2801
2861
2831
2800
2606
2832
1161
1695
1327
0
1296
2532
2728
2756
2039
2816
1770
2613
2822
1956
2702
1913
1973
2834
2849
2842
2827
2862
2814
2831
2821
2814
2849
2816
2815
2843
2818
2855
2815
2815
2840
2818
2851
2814
2814
2859
2838
0
0
0
0
0
0
0
0
0
0
0
0
0
0
0
0
0
0
0
0
0
0
0
0
2832
2815
2819
2848
2815
2832
2815
2820
2846
2819
2821
2831
0
0
0
0
0
0
0
0
0
0
0
0
0
305
457
0
627
0
568
826
396
999
49
279
2811
2841
2814
2833
2817
2816
2853
2816
2823
2815
2816
2803
0
0
0
0
480
1244
1557
2199
2817
2845
2816
2950
438
0
403
0
670
632
0
554
0
784
576
657
0
23
0
1604
1723
2820
2815
2832
2821
2862
2743
2814
131
2559
2816
2828
2817
2851
2817
2823
2822
2815
2853
2851
0
0
0
0
0
0
0
0
1680
2821
2817
2819
0
0
0
0
0
0
0
0
0
827
1898
2830
0
0
0
0
0
0
0
0
0
954
2497
2816
0
0
0
0
0
0
0
0
0
0
0
0
0
0
0
0
0
0
0
0
0
0
0
0
0
0
0
0
0
0
0
0
416
826
2816
2818
0
0
0
0
0
0
2381
1532
2822
2800
2830
2819
0
0
0
0
0
0
0
0
0
0
0
0
0
0
0
0
0
0
0
0
0
0
0
0
0
0
0
0
0
0
0
0
0
0
0
0
0
0
0
0
0
0
0
0
0
0
0
0
0
0
0
0
0
0
0
0
0
0
0
0
2806
2894
2810
2867
2815
2816
2129
2181
997
1671
1739
1911
0
0
0
0
0
0
0
0
0
0
0
0
2843
2267
1016
0
0
0
0
0
0
0
0
0
2829
2868
2830
2801
2855
2846
546
0
0
0
0
0
2847
2831
2845
2818
2799
2844
2384
344
0
827
0
0
2817
2870
2799
1836
0
0
0
0
0
0
0
0
2817
2816
2849
2813
2823
941
0
0
0
0
0
0
2847
2821
2842
2849
2811
2823
2830
2819
2852
2800
2384
1014
2811
2829
2814
2802
2849
2816
2826
2825
2733
135
0
0
2844
2807
2821
2815
2813
2848
2818
2887
1332
530
0
0
2817
2842
2815
2843
2817
2785
2850
2808
2835
2815
2815
2815
2815
2809
2916
2816
2841
2813
2787
2832
2818
2833
2800
2819
2839
2816
2816
2837
2814
2837
2816
2863
2835
2786
2797
2845
2820
2832
2815
2814
2850
2812
2836
2820
2811
2851
2813
2816
2768
2799
2834
2825
2777
2849
2834
2830
2818
2819
2845
2847
2801
2849
2815
2815
2817
2811
2846
2815
2835
2827
2814
2812
2831
2810
2848
2813
2830
2821
2897
2914
2816
2823
2837
2818
2813
2830
2817
2858
2812
2734
2853
2819
2891
2815
2813
2815
2832
2815
2835
2816
2830
2811
2813
2847
2815
2859
2811
2823
2861
2817
2814
2832
2848
2863
2813
2811
2817
2790
2858
2858
2817
2850
2815
2817
2825
2896
2850
2775
2821
2816
2807
2811
2756
2819
2864
2815
2907
2815
2803
2832
2832
2832
2839
2832
2549
2829
2827
2864
2779
2810
2829
2811
2831
2802
2819
2814
2817
2816
2821
2829
2873
2818
2815
2825
2812
2864
2827
2813
2864
2816
2840
2831
2830
2860
2815
2815
2832
2814
2863
2865
0
0
0
123
696
2825
2854
2817
2821
2833
2825
2813
0
0
0
0
0
619
2750
2849
2816
2825
2831
2871
0
0
2014
2845
2842
2815
2846
2809
2833
2815
2818
2811
0
0
0
0
0
567
2349
2877
2819
2832
2803
2864
0
0
0
0
0
0
0
1145
1747
2814
2851
2864
0
87
1090
2832
2813
2814
2827
2848
2829
2836
2838
2825
0
0
0
0
600
422
1424
2863
2822
2825
2838
2848
0
0
0
0
0
0
0
0
0
0
0
0
0
0
0
0
0
0
0
0
0
0
0
0
0
0
0
0
0
0
0
0
0
0
0
0
0
0
0
0
0
0
0
0
0
0
0
0
0
0
0
0
0
0
0
0
0
0
0
0
2815
2839
2819
2838
2848
2819
2005
2812
2847
2816
2816
2816
0
0
0
0
0
0
0
0
0
0
0
0
0
0
0
0
0
0
0
0
0
0
0
0
647
0
0
0
0
0
0
0
0
0
0
0
2924
1640
1443
0
0
0
0
0
0
0
0
0
0
0
0
0
0
0
0
0
0
0
0
0
2717
2828
431
0
0
0
0
0
0
0
0
0
2768
2754
2806
2845
2842
2831
1335
345
0
0
0
0
2823
2827
2831
2369
2
0
0
0
0
0
0
0
2846
2864
2815
2823
2434
0
0
0
0
0
0
0
2783
2858
2800
2811
2801
2813
2864
2820
2817
2829
2816
1257
2833
2831
2919
2817
2809
2832
2761
2862
2817
2819
2823
2208
2837
2833
2797
2854
2817
2853
2835
2821
2853
1938
405
0
2817
2821
2830
2816
2861
2844
2814
2823
2816
2864
2817
1187
2864
2815
2830
2830
2773
2861
2819
2814
2832
2809
2864
2861
2821
2853
2832
2811
2832
2813
2862
2804
2821
2832
2818
1392
2846
2800
2847
2816
2814
2834
2820
2849
2816
2813
2843
1187
2816
2832
2802
2859
2809
2814
2832
2809
2858
2808
2816
2812
2816
2818
2827
2817
2842
2807
2815
2837
2814
2787
2819
2810
2835
2813
2814
2847
2814
2835
2815
2811
2839
2768
2833
2835
2816
2832
2809
2814
2843
2815
2823
2832
2847
2965
2791
2827
2835
2820
2833
2825
2820
2845
2817
2836
2817
2814
2846
2845
2816
2847
2821
2820
2818
2789
2880
2837
2807
2836
2844
2800
2822
2813
2849
2814
2815
2821
2815
2842
2819
2814
2818
2809
2832
2803
2839
2845
2833
2853
2810
2838
2818
2845
2830
2831
2816
2837
2816
2826
2850
2813
2823
2837
2797
2841
2832
2813
2835
2832
2814
2849
2828
2839
2805
2826
2837
2827
2842
2839
2818
2859
2817
2828
2823
2811
2853
2817
2827
2813
2813
2794
0
2173
2688
2811
2823
2867
2821
2939
2787
2851
2791
2832
0
0
0
0
0
0
561
2607
2863
2807
2823
2812
0
560
0
1057
527
2629
2815
2835
2818
2898
2812
2854
2896
2817
2817
2989
2811
2862
2832
2809
2832
2811
2864
2859
0
0
0
0
0
0
0
0
929
1799
2815
2813
0
0
0
0
0
0
0
0
0
858
1415
2832
0
0
0
0
0
0
0
0
0
1093
2597
2811
0
0
0
0
0
0
0
0
0
0
0
0
0
0
0
0
0
0
0
0
0
0
0
0
2815
2861
2819
2811
2832
2816
2861
2816
2779
2839
2814
2815
0
0
0
0
0
59
904
2832
2812
2817
2839
2847
0
0
0
0
0
0
0
0
0
0
0
0
0
0
0
0
0
0
0
0
0
0
0
0
2352
2076
1486
0
0
0
0
0
0
0
0
0
0
0
0
0
0
0
0
0
0
0
0
0
0
0
0
0
0
0
0
0
0
0
0
0
2808
2842
2382
821
0
0
0
0
0
0
0
0
1909
600
0
0
0
0
0
0
0
0
0
0
898
0
0
0
0
0
0
0
0
0
0
0
2816
2839
2813
2820
2846
2818
2696
1141
463
0
0
0
2843
2816
2832
2752
2816
2843
2768
2837
0
2423
0
0
2815
2848
2810
2829
2774
1534
0
0
0
0
0
0
2826
2814
2742
2814
2812
2865
2821
650
0
0
0
0
2815
2828
2800
2862
2815
2821
2829
2834
2871
2808
2813
2851
2813
2828
2815
2817
2841
2816
2104
371
0
0
0
0
2858
2817
2857
2835
2830
2843
2815
2837
2848
2424
752
0
2822
2857
2817
2817
2832
2809
2857
2813
2813
2823
2827
2869
2829
2842
2839
2835
2806
2810
2819
2883
2827
2836
2819
2738
2814
2822
2749
2848
2814
2819
2819
2803
2847
2813
2822
2813
2833
2813
2816
2829
2862
2832
2815
2842
2811
2855
2816
2805
2864
2815
2810
2817
2819
2854
2802
2817
2834
2822
2841
2859
2834
2863
2809
2828
2863
2812
2864
2815
2810
2832
2815
2815
2833
2816
2882
2811
2811
2834
2815
2837
2815
2814
2841
2838
2807
2852
2814
2857
2813
2810
2832
2813
2864
2816
2811
2815
2817
2819
2838
2813
2855
2773
2800
2832
2811
2864
2815
2816
2862
2819
2815
2832
2814
2857
2815
2812
2835
2810
2848
2855
2810
2851
2815
2810
2833
2834
2855
2816
2811
2831
2816
2813
2845
2874
2854
2818
2815
2934
2809
2835
2807
2811
2832
2845
2813
2835
2835
2857
2817
2810
2836
2811
2857
2813
2818
2814
2585
2813
2839
2821
2859
2817
2816
2828
2817
2859
2814
2815
2837
2821
2819
2838
2811
2810
2817
2817
2842
2810
2832
2831
0
0
0
334
719
2820
2844
2806
2814
2844
2818
2813
0
0
0
0
0
0
1920
2816
2825
2817
2854
2854
0
0
0
546
1875
2812
2848
2813
2841
2818
2787
2810
0
0
0
0
0
0
0
0
0
1171
1943
2832
0
0
0
0
0
0
0
501
707
2817
2816
2818
2817
2835
2858
2815
2842
2818
2818
2820
2813
2851
2811
2816
0
0
0
0
1072
2855
2815
2832
2815
2767
2839
2843
0
0
0
0
0
0
0
0
0
0
0
0
0
0
0
0
0
0
0
0
0
0
0
0
0
0
0
0
0
0
0
0
0
0
214
1383
0
0
0
0
0
0
0
0
0
0
0
0
0
0
0
0
0
0
0
0
0
0
0
0
1873
0
0
0
0
0
0
0
0
0
0
0
0
0
0
0
0
0
0
0
0
0
0
0
0
0
0
0
0
0
0
0
0
0
0
0
2814
2080
1759
1337
0
0
0
0
0
0
0
0
2850
2887
2200
2787
2129
872
0
1424
0
0
0
0
2813
2240
1359
0
0
0
0
0
0
0
0
0
2846
2809
2854
2095
640
0
0
0
0
0
0
0
2832
2818
2830
2860
2845
2845
2861
1616
0
0
0
0
2816
2818
1383
558
0
0
0
0
0
0
0
0
2832
2811
2817
2311
708
0
0
0
0
0
0
0
2814
2849
2816
2813
2843
2819
2821
2818
2812
2848
2820
2734
0
2094
2843
2812
1691
2834
2812
2846
2805
2818
2851
2829
2811
2243
2818
2855
2817
2814
2379
2814
2839
2769
2815
2814
2815
2819
2832
2812
2839
2811
2818
2845
2799
2836
2832
2817
2736
2736
2814
2837
2813
2848
2815
2803
2830
2755
2838
2831
0
0
0
0
0
0
0
0
0
0
0
605
0
320
464
0
265
0
51
145
0
299
0
0
2813
2793
2815
2833
2818
2832
2559
2815
2832
2783
2816
2807
444
717
0
937
864
752
999
15
1075
1076
785
603
1337
1262
1591
555
1586
1552
1456
1743
564
1946
1718
1616
2815
2826
2811
2813
2846
2813
2825
2818
2814
2849
2811
2815
2438
2819
2830
2916
2813
2843
2814
2874
2828
2827
2851
2834
621
0
548
484
0
595
0
355
320
0
349
373
2825
2816
2851
2816
2818
2157
2559
1533
2236
2115
1405
1161
2811
2823
2813
2848
2813
2817
2819
2814
2848
2813
2819
2812
0
0
0
0
0
0
0
0
0
0
0
0
0
0
0
0
0
0
0
0
0
0
0
0
2816
2854
2817
2812
2828
2818
2864
2816
2821
2853
2816
2814
0
0
0
0
0
0
0
0
0
0
0
0
2805
2817
2817
2855
2816
2821
2829
2803
2846
2821
2829
2835
2815
2830
2821
2811
2858
2809
2820
2845
2809
2835
2837
2839
2854
2803
2800
2729
2822
2851
2818
2809
2832
2810
2859
2855
778
0
881
1529
842
1214
119
1815
1488
0
759
97
1327
1413
499
1071
999
155
701
0
533
483
0
0
2802
2809
2807
2839
2828
2827
2864
2834
2853
2830
2730
2846
0
0
0
0
0
0
0
0
6
0
0
0
0
0
0
0
0
0
0
0
0
0
0
0
2811
2857
2816
2813
2832
2807
2858
2815
2832
2831
2817
2817
2290
1363
1281
1910
2750
623
2608
2839
2336
2815
2835
2858
2820
2499
2815
2863
2818
2817
2365
2812
2850
2819
2816
2818
2833
2829
2834
2814
2851
2809
2815
2835
2816
2855
2818
2819
2847
2801
2813
2837
2821
2874
2826
2817
2842
2815
2831
2837
0
0
0
0
0
0
0
0
0
0
0
0
0
0
0
0
0
0
0
0
0
0
0
0
2814
2835
2819
2847
2817
2815
2835
2814
2845
2819
2819
2818
0
0
0
0
0
0
0
0
0
0
0
0
0
0
0
0
0
0
0
401
0
465
149
230
2797
2894
2814
2800
2841
2811
2820
2811
2812
2837
2813
2813
0
1311
1264
2809
2829
2838
2863
2842
2815
2798
2864
2828
854
0
732
776
347
679
0
661
624
0
676
526
2815
2816
2842
2818
2838
2817
2816
2848
2826
2831
2239
2161
2836
2819
2823
2843
2812
2837
2831
2815
2839
2816
2829
2831
0
0
0
0
0
0
0
0
0
0
0
0
0
0
0
0
0
0
0
0
0
0
0
0
2807
2841
2815
2855
2822
2810
2851
2818
2825
2822
2827
2815
671
1098
0
994
968
527
576
0
1015
1131
660
787
2813
2179
2751
1967
2675
2815
1983
2797
2852
2719
2814
2815
2815
2813
2833
2815
2848
2811
2806
2839
2828
2834
2813
2818
2864
2817
2816
2831
2803
2855
2815
2818
2832
2813
2858
2862
0
0
0
0
0
117
0
0
252
846
473
1706
0
254
0
0
0
0
0
0
0
0
0
0
2813
2823
2814
2861
2813
2821
2854
2843
2843
2803
2842
2832
0
0
0
0
0
0
0
0
0
0
0
0
0
0
134
0
919
0
0
0
0
0
0
0
2818
2841
2813
2812
2842
2813
2835
2814
2815
2848
2807
2781
0
0
485
0
557
0
0
596
2135
2845
2741
2919
2815
2848
2815
2832
2817
2819
2847
2816
2831
2816
2811
2813
2813
2815
2838
2814
2837
2815
2822
2847
2815
2833
2817
2816
2847
2816
2815
2832
2817
2836
2821
2818
2847
2819
2831
2829
0
0
0
0
0
0
0
0
0
0
0
0
0
187
0
0
0
0
0
0
0
0
0
0
2818
2843
2821
2850
2819
2827
2838
2821
2833
2816
2813
2817
0
455
0
649
608
387
844
0
794
784
423
624
0
0
0
0
0
0
0
0
0
0
0
0
2817
2839
2814
2811
2831
2813
2832
2816
2815
2842
2815
2814
871
0
2171
2477
2814
2850
2815
2834
2823
2821
2854
2851
1248
247
951
976
391
967
0
873
1102
354
885
950
2826
2821
2796
2754
2825
2823
2814
2840
2662
2522
1818
1557
2832
2820
2813
2848
2815
2822
2821
2818
2831
2800
2815
2827
0
0
0
0
0
0
0
0
0
0
0
0
0
0
0
0
0
0
0
0
0
0
0
0
2832
2851
2828
2819
2823
2821
2854
2817
2822
2829
2821
2814
0
0
0
0
0
0
0
0
0
0
0
0
1284
943
1399
144
1377
1578
1200
1507
359
1616
1648
1776
2813
2815
2834
2818
2848
2812
2814
2839
2822
2835
2815
2816
2863
2819
2848
2822
2804
2862
2811
2818
2834
2815
2857
2863
362
0
0
393
0
621
0
611
725
0
855
1058
634
1106
279
779
624
0
464
0
0
0
0
0
2816
2830
2817
2859
2819
2823
2834
2815
2861
2819
2832
2847
0
0
0
0
0
0
0
0
418
0
405
0
0
0
0
0
0
0
0
1664
1042
410
0
0
2817
2836
2818
2814
2847
2815
2842
2822
2816
2844
2823
2819
1347
2094
1608
2170
2826
1923
2795
1528
2075
2806
2848
2843
2821
2434
2818
2865
2818
2816
2327
2818
2816
2817
2854
2791
2827
2839
2846
2834
2843
2805
2837
2864
2810
2862
2835
2800
2851
2772
2813
2843
2807
2817
2822
2815
2846
2815
2822
2828
1213
1104
0
0
0
327
0
0
0
0
0
0
0
0
0
0
0
0
0
0
0
0
0
0
2831
2841
2805
2866
2832
2836
2846
2819
2822
2823
2819
2817
0
0
0
0
0
0
0
0
0
0
0
0
0
0
0
0
0
0
0
0
0
0
0
0
2820
2817
2823
2815
2854
2823
2786
2849
2817
2860
2811
2814
0
0
0
0
0
0
0
880
0
1531
2864
2891
1233
39
1216
1156
783
1294
121
1063
1120
931
1123
1078
2821
2818
2847
2800
2833
2820
2816
2849
2807
2835
2537
2411
2831
2821
2819
2862
2813
2858
2819
2817
2839
2815
2818
2832
0
0
0
0
0
0
0
0
0
0
0
0
0
0
0
0
0
0
0
0
0
0
0
0
2814
2845
2820
2827
2688
2820
2840
2813
2820
2487
2817
2816
0
0
0
385
402
0
455
0
613
752
0
0
752
399
791
0
1089
977
479
1094
0
1121
1128
1245
2815
2810
2833
2813
2857
2821
2815
2833
2813
2849
2815
2816
2845
2815
2816
2832
2814
2852
2815
2831
2837
2816
2849
2835
1565
359
1283
1242
511
1259
425
1140
1250
497
1153
1153
923
1465
582
963
945
0
606
0
0
63
0
0
2815
2832
2811
2853
2816
2765
2835
2839
2836
2816
2818
2811
0
0
0
0
0
0
0
0
0
0
0
0
0
0
0
0
0
0
0
0
0
0
0
246
2820
2851
2815
2815
2841
2819
2844
2818
2816
2843
2811
2823
0
0
0
0
0
0
0
0
0
0
0
0
2649
1615
2625
2652
2335
2759
1797
2699
2696
2384
2711
2816
2814
2813
2842
2806
2846
2821
2886
2849
2800
2881
2818
2816
2828
2818
2816
2919
2813
2828
2832
2831
2845
2815
2826
2823
1263
1280
1265
1489
359
2075
2388
463
816
83
1130
0
0
219
1
0
0
0
0
0
0
0
0
0
2811
2832
2850
2836
2831
2797
2854
2827
2841
2849
2832
2832
0
0
0
398
500
0
580
0
0
1152
431
368
304
0
0
0
0
0
0
0
0
0
0
0
2818
2826
2819
2811
2850
2822
2837
2816
2814
2835
2815
2816
1487
2843
2296
1039
1856
1143
0
2241
2823
2816
2855
2855
1855
592
1796
1936
1341
1881
711
1819
1728
1275
1834
1823
2817
2851
2277
2615
2544
2384
2503
1414
2471
2256
1695
1583
2807
2838
2832
2877
2811
2818
2833
2807
2861
2805
2815
2794
0
0
0
0
0
0
0
0
0
0
0
0
0
0
0
0
0
0
0
0
0
0
0
0
2814
2864
2817
2819
2705
2825
2861
2819
2814
2625
2818
2811
0
0
0
0
0
0
0
0
0
0
0
0
0
0
0
0
0
0
0
0
0
0
0
0
2817
2818
2833
2819
2841
2810
2815
2836
2813
2839
2815
2817
2864
2719
2822
2769
2815
2821
2821
2823
2828
2777
2846
2859
2547
1462
2249
2268
1591
2058
1592
2134
2001
1200
1889
1970
1943
2285
1307
1871
1779
961
1377
256
1037
939
0
0
2814
2841
2816
2864
2815
2818
2832
2814
2857
2811
2819
2765
0
0
0
0
0
0
0
0
0
0
0
0
0
0
0
0
0
0
0
0
0
0
0
0
2821
2847
2738
2819
1967
2758
2228
2656
2794
1841
2557
2666
0
407
496
0
482
0
0
561
345
900
16
550
1905
871
1785
1600
1671
1767
805
1696
1464
1860
1827
2010
2816
2817
2837
2815
2851
2854
2811
2838
2810
2850
2815
2816
2765
2800
2811
2843
2817
2868
2817
2817
2843
2816
2843
2755
880
980
783
1043
229
1360
1316
2371
2475
1525
2137
2329
0
775
544
0
88
0
0
0
0
0
0
0
2818
2837
2817
2835
2840
2833
2866
2856
2832
2817
2843
2843
0
0
0
0
0
0
0
0
0
0
0
0
0
0
0
0
0
0
0
0
0
0
0
0
2834
2830
2817
2817
2822
2814
2826
2821
2816
2850
2815
2817
0
0
0
0
319
0
0
0
984
0
1511
1676
2655
1397
2621
2647
2032
2686
1775
2592
2632
1981
2765
2708
2851
2800
2855
2801
2838
2846
2817
2865
2819
2815
2832
2841
2814
2939
2818
2862
2818
2849
2889
2817
2855
2813
2753
2815
0
0
0
0
0
0
0
0
0
0
0
0
0
0
0
0
0
0
0
0
0
0
0
0
2826
2855
2815
2817
2831
2819
2857
2817
2819
2823
2821
2815
893
1332
666
1488
1426
942
1301
219
131
1526
731
643
0
0
0
0
0
0
0
0
0
0
187
157
2802
2821
2830
2815
2850
2813
2815
2827
2817
2859
2815
2821
2892
2819
2811
2837
2817
2853
2817
2815
2892
2814
2854
2857
2822
2848
2715
2611
1851
2585
1936
2545
2451
1750
2465
2538
1781
2290
1509
1895
1785
834
1575
752
1056
944
0
0
2815
2823
2819
2854
2825
2818
2832
2810
2875
2819
2800
2817
0
0
0
0
0
0
0
0
0
0
0
0
0
0
0
0
0
0
0
0
0
0
0
0
2816
2863
2818
2811
2559
2815
2859
2821
2826
2479
2802
2819
0
0
0
0
0
0
0
0
0
0
0
0
1984
995
1968
1912
1855
2006
1139
2027
2106
1810
2230
2151
2814
2815
2831
2815
2858
2814
2815
2832
2813
2863
2815
2864
2815
2815
2813
2842
2830
2845
2817
2803
2835
2830
2838
2847
751
548
0
498
0
762
467
443
797
0
1074
1089
0
231
121
0
0
0
0
0
0
0
0
0
2819
2847
2816
2832
2816
2810
2837
2782
2832
2829
2822
2823
0
0
0
304
486
476
987
0
810
1040
1008
304
0
0
0
0
112
38
1472
643
0
1136
1535
768
2821
2826
2819
2816
2848
2820
2817
2830
2816
2851
2820
2821
999
1975
2818
2808
2766
1607
2432
2809
2124
2825
2849
2846
2025
1213
2009
2067
1392
2079
1190
2053
2011
1622
2041
2037
2844
2845
2881
2830
2830
2818
2832
2839
2811
2848
2832
2825
2816
2844
2814
2788
2822
2810
2836
2814
2837
2821
2821
2817
0
0
0
0
0
0
0
0
0
0
0
0
0
0
0
0
0
0
0
0
0
0
0
0
2819
2881
2819
2839
2832
2816
2947
2885
2823
2832
2817
2831
0
0
0
0
0
0
0
0
0
0
0
0
0
0
0
0
0
0
0
0
0
0
0
0
2817
2807
2848
2818
2829
2818
2815
2845
2816
2817
2821
2823
636
0
2818
2845
2819
2852
2821
2810
2855
2816
2833
2902
2386
2292
2112
2289
1234
2221
1896
1915
2137
1132
2102
1997
2850
2817
2829
2810
2818
2589
2766
2559
2162
2307
789
583
2825
2895
2813
2807
2829
2815
2846
2815
2812
2828
2811
2814
0
0
0
0
0
0
0
0
0
0
0
0
0
0
0
0
0
0
0
0
0
0
0
0
2820
2826
2647
2816
2736
2818
2818
2379
2815
2784
2818
2823
0
0
0
0
238
0
0
0
0
73
0
0
1023
23
1156
968
935
1262
129
1115
1164
1040
1296
1265
2813
2815
2841
2814
2852
2813
2814
2842
2812
2848
2818
2815
2815
2835
2805
2852
2810
2813
2817
2800
2850
2819
2818
2813
565
572
0
368
0
368
453
0
495
0
448
491
0
232
105
0
0
0
0
0
0
0
0
0
2814
2864
2813
2815
2832
2805
2859
2815
2818
2832
2816
2816
0
0
0
0
0
0
0
0
0
0
0
0
0
0
0
0
0
0
0
0
0
0
0
1258
2820
2815
2833
2817
2864
2817
2816
2830
2816
2864
2821
2818
0
0
0
0
0
0
0
0
0
0
0
48
2128
955
2129
2040
1535
2182
931
2239
2132
1815
2074
2175
2893
2815
2855
2810
2817
2845
2815
2854
2815
2817
2823
2832
2833
2845
2832
2865
2823
2813
2832
2826
2855
2817
2814
2864
0
323
0
293
21
0
746
0
0
0
0
0
0
0
0
0
0
0
0
0
0
0
0
0
2836
2864
2826
2816
2831
2832
2886
2833
2812
2835
2817
2815
0
905
1319
1097
1329
247
1367
1290
1277
1618
367
418
729
0
0
0
0
0
0
0
0
0
0
0
2827
2818
2851
2815
2830
2822
2800
2850
2817
2823
2829
2829
981
2171
2261
1288
2458
2834
2826
2817
2854
2815
2821
2819
2711
2658
2189
2640
1328
2559
2458
1999
2330
1240
2224
2266
967
1989
1792
1403
1677
654
1488
1524
987
1256
0
0
2813
2846
2814
2831
2827
2818
2845
2815
2833
2815
2799
2811
0
0
0
0
0
0
0
0
0
0
0
0
0
0
0
0
0
0
0
0
0
0
0
0
2821
2821
2870
2819
2857
2819
2815
2831
2821
2859
2820
2816
0
0
0
0
0
0
0
0
0
0
0
0
280
0
204
268
0
396
0
471
662
0
578
720
2823
2816
2861
2816
2815
2832
2815
2855
2819
2819
2835
2831
2813
2835
2818
2830
2822
2828
2834
2821
2861
2819
2813
2815
1128
1014
175
953
332
901
1003
239
860
126
706
768
2852
2755
2416
1585
1968
1257
1648
1587
647
1015
277
0
2816
2855
2817
2820
2839
2790
2853
2819
2815
2845
2814
2818
0
0
0
0
0
0
59
520
0
777
0
27
0
0
0
0
0
0
0
0
0
0
0
0
2817
2822
2838
2818
2851
2821
2814
2839
2821
2838
2818
2817
484
927
1022
0
833
629
948
1003
559
1183
1296
1562
1904
1568
1964
1882
1115
1888
1514
1855
2081
1232
1947
2026
2846
2821
2854
2821
2817
2499
2821
2855
2826
2810
2837
2845
2811
2879
2815
2781
2818
2803
2845
2821
2867
2819
2817
2815
0
266
0
426
186
0
1261
447
771
444
365
0
1413
907
1088
0
820
838
486
774
0
752
596
602
2816
2849
2833
2813
2838
2800
2854
2839
2832
2837
2832
2837
0
0
0
0
0
0
0
0
0
0
0
0
13
0
960
0
0
507
0
0
0
0
0
0
2820
2857
2865
2815
2845
2827
2819
2857
2823
2823
2827
2827
153
0
0
2368
2816
2962
2733
2815
2861
2820
2815
2813
2818
2822
2826
2815
2854
2816
2822
2823
2821
2852
2829
2816
2870
2839
2837
2851
2819
2854
2817
2822
2780
2819
2848
2848
2827
2844
2815
2818
2830
2823
2858
2815
2801
2827
2817
2815
0
0
0
0
0
0
0
0
0
0
0
0
0
0
0
0
0
0
0
0
0
0
0
0
2844
2821
2832
2928
2862
2817
2819
2733
2818
2848
2817
2811
301
0
1303
223
1062
256
1081
1019
359
1302
385
640
0
0
0
0
0
0
0
0
0
0
0
0
1619
2314
2056
2125
2315
1289
2125
1764
1747
1951
1008
855
2810
2843
2822
2857
2776
2822
2839
2821
2839
2816
2819
2820
1572
1839
759
1761
1442
1402
1601
511
1535
1468
1504
1142
2137
2439
2404
1383
2032
1377
1598
1582
570
1035
568
304
2816
2865
2826
2814
2833
2814
2859
2821
2805
2833
2816
2806
0
0
0
0
0
0
0
0
0
0
0
0
0
0
0
0
0
0
0
0
0
0
0
0
2826
2817
2855
2819
2820
2832
2819
2861
2826
2819
2830
2829
0
0
0
0
0
0
0
0
0
0
0
0
976
971
364
961
0
808
856
411
868
0
940
977
2850
2815
2818
2815
2816
2875
2815
2815
2823
2816
2852
2849
2817
2858
2826
2816
2819
2822
2864
2811
2812
2837
2815
2815
0
48
0
0
147
0
277
0
0
348
0
750
1602
911
1169
0
969
848
319
699
0
570
665
459
2819
2822
2832
2826
2854
2815
2820
2831
2817
2864
2843
2814
0
381
464
0
718
0
1198
1200
899
1365
272
231
0
0
0
425
0
846
81
949
1535
0
523
278
1963
2530
2112
2384
2359
1745
2445
1920
2346
2388
1607
1467
0
1920
1849
763
2400
2160
1739
2812
2846
2815
2854
2821
2818
2821
2247
2623
1743
2751
2838
2159
2679
1727
2672
2750
2865
2842
2813
2845
2832
2890
2841
2829
2858
2839
2018
1780
2806
2861
2832
2818
2832
2820
2859
2817
2814
2832
2815
2817
0
764
260
0
0
0
0
0
0
0
0
0
0
0
0
0
0
0
0
0
0
0
0
0
2843
2807
2881
2814
2834
2819
2815
2854
2822
2810
2819
2827
0
0
0
0
0
0
0
0
0
0
0
0
0
0
0
0
0
0
0
0
0
0
0
0
2847
2815
2836
2832
2795
2843
2773
2839
2837
2812
2843
2848
2817
2843
2830
2843
2821
2818
2893
2807
2831
2810
2823
2828
2622
2686
1583
2503
2274
2411
2605
1383
2459
2634
2067
2079
2834
2818
2818
2098
2685
2544
2164
2301
956
2021
1916
1616
2818
2818
2825
2817
2858
2819
2851
2819
2818
2845
2817
2822
0
0
0
0
0
0
0
139
0
561
0
277
0
0
0
0
0
0
0
0
0
0
0
0
2821
2819
2849
2813
2827
2826
2818
2848
2817
2827
2768
2694
1168
0
920
93
1151
1009
662
1071
0
1023
1060
0
0
0
0
0
0
0
2
0
0
0
0
0
2851
2815
2819
2822
2815
2859
2816
2815
2822
2817
2862
2858
2817
2864
2805
2822
2831
2817
2860
2816
2818
2820
2816
2815
0
129
0
0
0
0
3
0
0
231
0
0
528
0
63
0
0
0
0
0
0
0
0
0
2818
2818
2832
2819
2864
2821
2814
2832
2827
2869
2822
2819
0
0
0
0
0
0
0
0
0
0
0
0
0
0
0
0
0
0
0
0
0
0
1052
880
2846
2815
2843
2816
2819
2846
2821
2846
2819
2818
2849
2847
0
0
0
0
0
0
0
1856
1376
1645
2515
47
2415
2726
1711
2755
2552
2449
2819
1747
2789
2448
2557
2377
2833
2806
2811
2851
2825
2832
2816
2818
2866
2828
2866
2857
2804
2831
2806
2903
2843
2814
2823
2807
2818
2852
2815
2815
386
1679
640
110
1007
123
336
0
0
0
0
0
46
0
0
0
0
0
0
0
0
0
0
0
2829
2819
2850
2818
2834
2812
2821
2851
2817
2837
2822
2816
688
193
928
0
982
666
978
995
0
991
1056
1002
107
980
171
0
0
0
0
0
0
0
0
0
2864
2820
2818
2832
2819
2863
2821
2816
2835
2816
2860
2878
2816
2853
2821
2813
2832
2813
2861
2825
2816
2827
2799
2761
1600
2052
995
1902
1818
1177
1775
1092
1822
1872
1175
911
2481
1924
2281
949
2116
2032
1516
1907
325
1360
1196
1172
2815
2799
2815
2817
2851
2820
2815
2830
2813
2873
2818
2815
0
0
0
0
0
0
0
0
0
0
0
0
0
0
0
0
0
0
0
0
0
0
0
0
2832
2819
2865
2821
2816
2833
2818
2861
2843
2811
2876
2832
0
0
0
0
0
0
0
0
0
0
0
0
0
0
0
0
0
0
0
0
0
0
0
0
2855
2818
2811
2828
2816
2855
2819
2816
2833
2811
2852
2851
2810
2849
2814
2816
2835
2823
2857
2815
2815
2853
2817
2813
0
689
448
0
418
0
389
336
0
322
0
0
1413
585
1089
421
752
433
0
232
0
0
23
0
2816
2815
2845
2817
2816
2826
2781
2810
2811
2801
2822
2822
163
767
1086
0
1087
804
1429
1355
775
2031
1692
1760
0
0
0
0
0
0
0
0
162
0
226
368
2397
2669
2836
2379
2659
1485
2674
2624
2205
2559
1506
1115
617
0
668
0
59
759
0
0
1600
1411
1847
2825
735
1003
0
976
944
681
1047
0
982
946
674
784
2847
2814
2817
2855
2815
2831
2784
2809
2858
2831
2843
2826
2855
2842
2827
2815
2854
2815
2807
2822
2817
2914
2847
2813
0
434
466
0
1369
0
1178
1616
0
463
0
0
0
0
0
0
0
0
0
0
0
0
0
0
2830
2839
2869
2846
2805
2836
2813
2865
2822
2817
2832
2827
0
0
0
0
0
0
0
0
0
0
0
0
1319
510
0
601
0
59
57
0
243
0
0
0
2855
2821
2821
2829
2822
2853
2818
2822
2823
2818
2858
2853
1252
1677
2635
2102
2818
2819
2862
2807
2814
2810
2833
2822
1668
2092
975
2117
2032
1501
2167
887
1840
1983
1376
1267
2778
2846
2818
2861
2779
2821
2641
2821
2864
2736
2552
2282
2815
2815
2829
2821
2855
2817
2804
2832
2814
2864
2816
2815
0
0
0
0
273
0
0
934
211
1082
277
1664
0
0
0
0
0
0
0
0
0
0
0
0
2543
2819
2888
2820
2816
2441
2815
2864
2817
2817
2074
2107
1190
126
784
386
848
730
0
793
105
767
118
798
0
0
0
0
0
0
0
0
0
0
0
0
2861
2815
2818
2850
2800
2851
2826
2821
2832
2817
2830
2850
2896
2859
2727
2799
2814
2818
2861
2816
2820
2841
2815
2816
509
1113
499
1089
1063
399
937
347
865
907
0
0
1562
415
1079
80
620
496
0
268
0
0
71
0
2815
2817
2838
2818
2843
2814
2829
2843
2814
2839
2822
2815
0
0
0
0
0
0
0
0
0
0
0
0
0
0
0
0
0
0
0
0
0
0
0
0
2844
2827
2863
2816
2813
2847
2805
2836
2817
2814
2845
2847
0
0
0
0
0
0
0
0
0
0
0
443
645
741
0
663
368
672
855
0
791
932
527
680
2838
2815
2818
2843
2819
2835
2811
2817
2842
2881
2832
2830
2821
2821
2826
2832
2874
2825
2832
2820
2810
2859
2817
2816
0
0
16
0
0
0
0
78
0
0
0
144
183
0
0
0
0
0
0
0
0
0
0
0
2832
2818
2859
2817
2821
2832
2838
2883
2828
2817
2826
2845
1054
625
1408
339
1373
1606
1063
1403
523
1438
1616
1090
0
231
0
560
0
991
1455
0
532
218
1264
780
2896
2784
2815
2617
2819
2848
2821
2827
2469
2815
2816
2852
2848
2827
2843
2804
2880
2823
2854
2837
2858
2831
2843
2810
1771
2364
1130
2253
2255
1710
2245
1221
2249
2176
1671
1565
2831
2811
2819
2861
2832
2817
2827
2810
2862
2797
2739
2815
2798
2817
2827
2822
2862
2816
2815
2829
2816
2859
2815
2817
0
0
0
0
0
0
0
0
0
0
0
0
0
0
0
0
0
0
0
0
0
0
0
0
2827
2845
2867
2819
2819
2834
2825
2865
2819
2815
2833
2837
0
0
0
0
0
0
0
0
0
0
0
0
0
0
0
0
0
0
0
0
0
0
0
0
2859
2814
2815
2837
2812
2843
2816
2807
2846
2815
2842
2832
2833
2864
2813
2815
2842
2816
2833
2818
2814
2838
2821
2821
775
1480
1288
1232
1313
365
1289
1398
903
1312
127
140
2334
1525
1899
960
1410
1299
222
828
298
722
600
560
2837
2813
2832
2813
2864
2817
2807
2832
2817
2857
2819
2821
0
0
0
0
559
37
815
1172
479
1500
1306
1976
0
0
0
0
0
0
0
0
0
0
0
0
1406
2525
2232
2338
2384
1289
2460
2216
2015
2322
1359
1095
624
0
468
298
0
388
0
559
770
770
1191
2559
889
816
0
851
468
555
759
0
850
803
687
751
2848
2817
2815
2841
2819
2839
2815
2826
2850
2832
2845
2839
2819
2831
2815
2834
2853
2817
2837
2828
2816
2845
2812
2806
0
244
0
0
64
0
104
0
0
353
0
0
576
0
353
203
0
109
0
0
0
0
0
21
2817
2807
2847
2815
2811
2821
2814
2849
2839
2825
2820
2859
0
0
0
0
0
0
0
0
0
0
0
0
0
0
0
0
0
0
0
0
1040
0
466
420
2864
2825
2814
2831
2819
2860
2821
2807
2826
2811
2864
2811
0
0
0
0
0
0
1792
1683
2126
1727
2806
2688
1841
2059
1047
1979
1920
1613
2103
915
1878
1869
1501
1682
2822
2846
2832
2869
2813
2825
2830
2829
2866
2839
2823
2843
2817
2819
2827
2822
2929
2817
2813
2843
2805
2848
2817
2816
0
613
1072
0
0
161
1040
128
0
1244
0
144
0
0
0
0
0
0
0
0
0
0
0
0
2831
2835
2879
2832
2811
2834
2817
2878
2838
2809
2834
2846
1729
1006
1453
1252
1584
1488
631
1197
848
1315
1330
1193
0
0
0
0
0
0
0
0
0
0
0
0
2863
2820
2819
2839
2817
2861
2820
2816
2832
2811
2858
2854
2814
2845
2817
2820
2831
2958
2843
2823
2817
2839
2817
2818
1151
1518
569
1392
1382
932
1327
521
1328
1468
491
527
2815
2842
2819
2849
2839
2768
1715
2179
1842
1619
1632
1689
2814
2742
2910
2737
2845
2812
2812
2843
2815
2831
2816
2821
0
0
0
0
0
0
0
0
0
0
0
0
0
0
0
0
0
0
0
0
0
0
0
0
2850
2818
2831
2818
2819
2847
2814
2832
2819
2818
2855
2858
0
0
0
0
0
0
0
0
0
0
0
0
0
0
0
0
0
0
0
0
0
0
0
0
2821
2827
2823
2858
2816
2818
2827
2822
2855
2820
2817
2820
2896
2859
2827
2814
2864
2809
2815
2827
2811
2855
2815
2817
767
2033
1826
1217
2007
541
1535
1568
1323
1567
414
273
1715
391
1415
1360
775
1043
0
1010
924
583
943
931
2830
2814
2853
2818
2818
2831
2895
2837
2816
2818
2838
2831
496
0
370
0
833
944
667
1280
212
1194
1296
1288
0
0
0
0
0
0
0
0
0
0
0
413
932
2113
2162
1421
1876
721
1808
1716
1328
1837
567
671
1078
196
144
1278
1500
2359
1839
2825
2816
2829
2743
2827
861
1561
978
1452
1488
755
1363
816
1357
1520
623
453
2818
2810
2813
2856
2815
2815
2829
2832
2866
2817
2793
2807
2817
2811
2840
2823
2843
2818
2818
2848
2819
2851
2823
2815
0
244
400
695
1246
159
491
907
567
259
0
0
0
0
0
0
0
0
0
0
0
0
0
0
2858
2822
2843
2839
2805
2848
2818
2848
2809
2802
2830
2844
0
0
0
0
0
0
0
0
0
0
0
0
0
0
0
0
0
0
0
0
0
0
0
0
2863
2823
2815
2837
2815
2863
2834
2821
2834
2818
2846
2846
2367
2841
2837
2832
2847
2864
2847
2616
2830
2853
2818
2817
1945
2695
2554
2386
2689
1617
2433
2524
2207
2431
1479
1279
2809
2842
2816
2835
2825
2820
2354
2825
2584
2379
2499
2139
2819
2816
2849
2817
2832
2821
2815
2864
2873
2832
2821
2819
0
0
0
0
0
0
0
753
0
843
1240
1344
0
0
0
0
0
0
0
0
0
0
0
0
2853
2820
2822
2823
2799
2848
2821
2827
2703
2796
2832
2848
1136
0
960
880
242
854
0
0
823
431
926
1153
0
0
0
0
0
0
0
0
0
0
0
0
2818
2832
2816
2864
2819
2821
2841
2812
2863
2815
2818
2817
2817
2831
2942
2815
2860
2817
2814
2835
2810
2850
2813
2803
565
1455
1456
655
1328
544
1266
1211
477
1232
484
560
1194
64
742
714
0
445
0
0
366
0
191
128
2832
2814
2864
2821
2819
2833
2814
2864
2816
2816
2828
2832
0
0
0
0
0
0
0
0
0
0
0
0
0
0
0
0
0
0
0
0
0
0
0
0
2864
2827
2818
2803
2815
2856
2821
2817
2717
2816
2858
2859
0
0
0
0
0
0
0
0
1015
785
1872
1872
203
929
106
1040
1214
447
1326
487
1155
1160
551
241
2823
2641
2820
2864
2817
2820
2833
2821
2863
2829
2814
2818
2935
2819
2838
2815
2859
2817
2816
2841
2823
2851
2822
2821
0
0
0
0
0
0
0
0
0
0
0
0
0
0
0
0
0
0
0
0
0
0
0
0
0
0
0
0
0
0
0
0
0
0
0
0
0
0
0
0
0
0
0
0
0
0
0
0
0
0
0
0
0
0
0
0
0
0
0
0
2838
2828
2816
2854
2821
2814
2823
2820
2861
2817
2821
2815
0
2759
2825
2813
2829
2810
2814
2816
2819
2850
2819
2843
0
0
0
0
0
0
0
0
0
0
0
0
2815
1315
1129
0
0
0
0
0
0
0
0
0
2813
2818
2838
2817
2845
2813
2811
2842
2821
2846
2819
2816
0
0
0
0
0
0
0
0
0
0
0
0
0
0
0
0
0
0
0
0
0
0
0
0
1751
2816
2813
2219
2811
2852
2823
2813
2679
2811
2855
2855
0
0
0
0
0
0
0
0
0
0
0
0
0
0
0
0
0
0
0
0
0
0
0
0
2814
2882
2819
2855
2801
2802
2832
2815
2911
2831
2839
2831
2817
2761
2870
2816
2846
2935
2811
2834
2819
2837
2810
2817
2002
2471
2418
1556
2559
2696
849
412
0
0
0
0
880
0
0
0
0
0
0
0
0
0
0
0
2832
2812
2855
2811
2832
2865
2821
2863
2860
2842
1855
96
0
0
0
0
0
0
0
0
0
0
618
1065
0
0
0
0
0
0
0
0
0
0
0
0
2848
2810
2820
2837
2817
2848
2823
2820
2837
2819
2835
2841
0
0
0
0
0
0
0
0
0
0
567
0
415
1171
817
1154
1156
359
989
584
647
640
0
0
2838
2450
977
0
0
0
0
528
498
542
835
929
2803
2813
2846
2817
2809
2835
2815
2854
2818
2811
2818
2832
0
0
0
0
0
0
0
0
0
0
0
0
0
0
0
0
0
0
0
0
0
0
0
0
0
0
0
0
0
0
0
0
0
0
0
0
0
0
0
0
0
0
0
0
0
0
0
0
0
0
0
0
0
0
0
0
0
0
0
0
2812
2831
2814
2863
2815
2803
2834
2813
2861
2811
2813
2816
2807
2813
2832
2815
2853
2812
2847
2821
2822
2861
2814
2816
2855
2806
2815
2826
2815
2861
2816
2815
2830
2815
2842
2858
2814
2857
2813
2815
2832
2806
2861
2812
2806
1094
154
0
2837
2816
2845
2815
2815
2837
2815
2842
2812
2807
2832
2841
0
0
0
0
0
0
0
0
0
0
0
0
0
0
0
0
0
0
158
0
1520
1692
2387
2778
0
0
0
0
1131
1504
2329
2810
2839
2813
2859
2841
0
0
0
0
0
0
0
0
0
0
1375
2131
0
0
0
0
0
0
0
0
0
848
415
1171
2821
2842
2816
2848
2815
2817
2859
2816
2835
2817
2810
2816
2821
2814
2864
2815
2815
2832
2958
2848
2822
2815
2831
2832
0
0
0
0
443
1033
1597
2607
2739
2815
2871
2829
0
0
0
0
0
0
0
0
0
0
0
0
2843
2813
2831
2818
2800
2846
2810
2842
2806
2832
2887
2864
0
0
0
0
0
0
0
0
0
0
0
0
0
0
0
0
0
0
0
0
0
0
0
0
1389
466
891
0
726
924
915
2086
1601
2815
2815
2817
0
0
0
0
0
0
0
0
0
0
0
283
0
0
0
0
0
0
0
0
0
0
0
0
2799
2873
1741
111
0
0
0
0
0
0
0
0
2833
2815
2860
2814
2817
2834
2807
2850
2813
2805
2799
2841
0
0
0
0
0
0
0
0
0
0
0
0
0
0
0
0
0
0
0
0
0
0
0
0
2704
0
0
0
0
0
0
0
0
0
0
0
0
0
0
0
0
0
0
0
0
0
0
0
0
0
0
0
0
0
0
0
0
0
0
0
2816
2841
2819
2833
2816
2817
2842
2813
2825
2819
2815
2813
0
0
0
0
0
0
1328
1267
0
2813
2819
2835
2827
2822
2813
1891
1871
1232
0
0
0
0
0
0
2816
2846
2832
2810
2857
2815
2320
464
0
0
0
0
2858
2815
2815
2928
2803
2864
2815
2790
2848
2814
2845
2875
0
0
0
0
0
0
0
0
0
0
0
0
0
0
0
0
0
0
0
0
0
0
0
0
2806
2831
2815
2865
2821
2815
1735
1794
108
0
0
0
0
0
0
0
0
0
0
0
0
0
0
0
90
0
0
0
0
0
0
0
0
0
0
0
2814
2854
2818
2818
2837
2801
2842
2806
2835
2832
2812
2813
2836
2807
2817
2816
2813
2896
2811
2832
2821
2816
2845
2859
2814
2832
2813
2849
2813
2814
2836
2818
2842
2064
1308
426
2826
2810
2847
2813
2826
2814
2819
2845
2814
2666
1264
0
2838
2814
2815
2842
2814
2833
2817
2819
2845
2813
2830
2848
2873
2832
2809
2815
2835
2815
2832
2814
2803
2843
2815
2842
2853
2815
2817
2819
2815
2850
2813
2850
2819
2816
2839
2877
2813
2885
2832
2815
2819
2818
2849
2816
2821
2827
2813
2814
2828
2811
2848
2814
2814
2853
2800
2851
2818
2855
2838
2853
2822
2817
2810
2836
2816
2823
2811
2814
2837
2838
2831
2801
2816
2851
2835
2832
2896
2847
2821
2809
2804
2869
2817
2816
2855
2822
2814
2822
2821
2854
2814
2815
2827
2815
2859
2894
2533
2871
2813
2817
2636
2800
2886
2693
2768
2827
1041
1360
0
0
0
1133
2470
2831
2811
2852
2814
2814
2830
2832
2110
2352
2815
2877
2849
2843
2831
2815
2855
2809
2811
2819
0
0
0
0
0
0
0
0
0
0
0
763
0
0
0
0
0
0
0
0
0
0
0
0
2815
2848
2812
2830
2836
2815
2842
2766
2843
2841
2819
2815
0
0
0
0
0
0
2827
2863
2919
2813
2841
2821
0
0
0
0
0
0
0
0
181
1163
2640
2814
837
1502
811
2366
2882
2832
2813
2864
2823
2825
2831
2825
0
0
583
0
1732
2602
2832
2851
2896
2817
2816
2823
0
0
0
0
0
0
0
0
1248
1381
2818
2815
0
0
0
0
0
0
0
0
0
0
0
1359
905
0
0
0
0
0
0
0
873
759
2263
2817
0
0
0
0
0
0
0
0
0
0
0
0
0
0
0
0
0
0
0
0
0
0
0
0
905
0
0
0
0
0
0
0
0
0
0
0
1135
1581
951
0
0
0
0
0
467
912
1459
2864
624
0
0
0
0
0
0
0
0
0
0
0
2836
2441
644
0
0
0
0
0
0
0
0
0
2819
2842
2818
1728
470
0
0
0
0
0
0
0
2818
2820
2842
2815
2851
2817
2381
511
261
0
0
0
2825
2818
2821
2848
2819
2829
2826
2821
2862
2823
2832
2829
2819
2821
2817
2816
2857
2821
2821
2820
2813
2854
2819
2817
0
0
0
0
0
0
0
787
552
1080
430
756
912
0
1164
1247
1077
1770
735
2208
2620
2215
2814
2817
2825
2815
2854
2822
2832
2827
2803
2848
2795
2806
2831
2826
2819
2825
2814
2866
2818
2817
2832
2827
2810
2822
2757
2819
0
0
0
0
0
0
0
0
0
0
533
1380
0
0
0
0
0
0
0
0
0
0
0
580
410
0
628
825
503
1516
1360
2224
2827
2555
2819
2817
0
0
0
0
0
0
0
0
0
0
0
0
0
0
0
0
0
0
0
0
0
0
0
0
0
217
0
320
613
593
1185
505
2253
2835
2827
2830
0
0
0
0
0
0
0
0
0
292
1231
2660
0
0
0
0
0
0
0
0
0
0
0
0
0
0
0
0
0
0
0
0
0
0
0
0
421
0
0
0
0
0
0
0
0
0
509
976
0
0
0
0
0
0
0
0
0
0
0
0
0
0
0
0
0
0
0
0
0
0
0
0
2815
2817
2831
2815
2864
2818
2468
1363
1519
195
961
767
369
0
0
0
0
0
0
0
0
0
0
0
641
0
0
0
0
0
0
0
0
0
0
0
2835
2816
1968
976
0
0
0
0
0
0
0
0
2819
2826
2742
2857
1927
511
0
0
0
0
0
0
2815
2818
2834
2832
557
0
0
0
0
0
0
0
2853
2822
2807
2832
2827
2841
2816
1614
0
0
0
0
2819
2864
2816
2816
2846
2819
2848
2631
1138
0
0
0
2837
2923
2863
2833
2807
2832
2823
1257
79
0
0
0
2820
2835
2843
2863
2813
2832
2832
2809
1264
421
0
0
2820
2933
2851
2877
2837
2822
2811
2843
2807
2838
2445
893
2826
2822
2813
2854
2827
2826
2819
2812
2864
2821
2835
2831
2817
2831
2827
2817
2850
2821
2819
2827
2818
2862
2815
2814
2849
2798
2827
2821
2798
2835
2815
2843
2817
2823
2854
2853
2874
2863
2826
2816
2837
2891
2864
2800
2819
2830
2817
2831
2834
2818
2864
2821
2818
2841
2818
2861
2821
2819
2836
2843
2858
2818
2815
2859
2816
2817
2832
2822
2864
2826
2817
2752
2822
2819
2881
2825
2867
2896
2823
2834
2826
2864
2806
2819
592
1101
1329
465
992
266
1063
1046
431
1061
302
167
720
2
762
693
0
770
260
976
966
208
945
1040
2749
2818
2851
2818
2819
2321
2818
2855
2821
2817
2411
2391
0
0
0
0
0
0
0
0
0
0
0
0
0
0
0
0
0
0
0
0
0
0
0
0
2865
2829
2815
2829
2813
2845
2782
2814
2845
2815
2838
2845
2847
2944
2815
2815
2838
2815
2862
2817
2818
2837
2819
2896
191
1109
1028
731
976
286
1325
1428
833
1535
791
785
1487
429
1362
1432
923
1280
338
1255
1228
1018
1365
1429
2815
2795
2845
2814
2848
2816
2817
2848
2819
2842
2816
2807
1952
1809
1969
1343
2096
1689
2039
2000
1167
2215
1890
2024
0
0
0
0
0
0
0
0
0
0
0
0
2835
2817
2839
2818
2819
2846
2816
2829
2802
2813
2848
2857
0
0
0
0
0
0
1992
2814
2830
2735
2801
2816
0
0
0
0
0
0
0
0
0
0
0
0
0
0
0
0
0
0
0
0
0
0
0
0
2812
2814
2819
2811
2847
2821
2826
2823
2821
2851
2814
2822
0
0
0
0
0
0
0
0
0
0
0
0
0
0
0
0
0
0
0
0
0
0
0
0
0
0
0
0
0
0
0
0
0
0
0
0
177
0
478
0
0
575
0
487
0
0
1344
1392
2814
2816
2830
2816
2855
2817
2814
2830
2820
2849
2816
2817
2861
2815
2832
2832
2816
2859
2821
2813
2837
2816
2854
2865
2789
2867
2817
2815
2866
2803
2860
2817
2822
2834
2818
2814
2403
2815
2837
2758
2813
2521
2816
2837
2822
2818
2837
2855
0
0
0
0
0
0
0
0
0
0
0
0
2815
2814
2850
2816
2846
2815
2816
2844
2813
2846
2833
2809
0
0
0
0
0
0
0
0
0
0
0
0
2815
2825
2819
2814
2864
2819
2823
2826
2800
2868
2851
2815
2845
2816
2831
2815
2813
2832
2815
2832
2762
2850
2850
2822
1173
0
0
2803
620
762
0
1015
2164
2559
2832
2837
0
0
0
0
0
0
0
0
0
0
0
0
2817
2809
2807
2882
2853
2799
2833
2823
2843
2847
2832
2643
2783
2815
2827
2817
2850
2813
2818
2826
2814
2846
2816
2827
490
0
0
0
0
0
0
0
0
0
0
0
0
0
0
0
0
0
0
0
0
0
0
0
2819
2843
1492
786
757
0
0
0
0
0
0
0
0
0
0
0
0
0
0
0
0
0
0
0
0
0
0
0
0
0
0
0
0
0
0
0
2851
2815
2810
2834
2815
2851
2815
2815
2832
2812
2859
2850
0
0
156
1392
594
2831
2849
2823
2712
2855
2814
2621
2842
2811
2838
2813
2815
2848
2816
2838
2810
2812
2839
2841
2403
1308
2143
1653
1442
1232
0
654
234
0
0
0
2822
2811
2847
2818
2833
2814
2817
2845
2815
2832
2817
2834
0
0
0
0
0
0
0
0
0
0
0
0
2817
2847
2816
2827
2832
2791
2846
2816
2818
2835
2814
2814
191
1263
1260
1071
1231
305
1535
1424
1103
1488
487
543
0
0
0
0
0
0
0
0
0
0
0
0
0
0
0
0
0
0
0
0
0
0
0
0
2819
2831
2815
2850
2819
2819
2791
2806
2841
2815
2815
2829
2823
2771
2836
2820
2853
2832
2832
2821
2791
2811
2815
2817
2837
2809
2819
2624
2839
2848
2814
2837
2745
2816
2852
2869
0
0
0
0
0
0
0
0
0
0
0
0
2813
2813
2862
2814
2813
2830
2803
2851
2816
2810
2827
2830
0
0
0
0
0
0
0
0
0
0
0
0
0
76
0
436
6
675
868
207
1241
1097
1779
1904
2859
2815
2813
2704
2815
2864
2816
2811
2832
2816
2848
2832
0
0
0
0
0
0
0
0
1216
0
0
2066
0
0
0
0
0
0
0
0
0
0
0
0
2818
2848
2816
2843
2815
2844
2832
2832
2849
2819
2795
2818
2812
2816
2835
2811
2842
2833
2848
2835
2817
2833
2815
2826
2835
2802
2801
2066
2627
2534
0
0
0
0
0
0
2813
2848
2797
2816
2851
2814
2840
2817
2814
2845
2814
2816
2882
2822
2832
2801
2829
2830
2818
2843
2842
2190
0
0
0
0
0
0
0
0
0
0
0
0
0
0
0
0
0
0
0
0
0
0
0
0
0
0
2817
2822
2816
2850
2807
2834
2832
2811
2922
2753
2817
2762
2797
2833
2823
2835
2842
2811
2790
2821
2812
2844
2823
2804
0
964
1114
615
971
0
1049
1265
606
1295
167
57
2810
2855
2805
2810
2826
2813
2855
2809
2813
1903
2219
1936
2821
2813
2851
2815
2815
2826
2815
2855
2815
2817
2823
2819
0
0
0
0
0
0
0
0
0
0
0
0
0
0
0
0
0
0
0
0
0
0
0
0
0
784
979
567
1035
0
989
1264
840
1458
288
550
0
0
0
0
0
0
0
0
0
0
0
0
0
0
0
0
0
0
0
0
0
0
0
0
2810
2829
2814
2861
2875
2815
2832
2813
2853
2816
2816
2813
2818
2819
2842
2811
2838
2813
2815
2749
2791
2864
2815
2814
2839
2815
2815
2672
2815
2831
2815
2813
2843
2814
2830
2819
2813
2838
2814
2811
2845
2811
2832
2800
2809
2845
2817
2817
2850
2816
2825
2820
2818
2847
2815
2825
2881
2810
2846
2853
0
0
0
0
0
0
0
0
0
0
0
0
0
0
0
0
0
0
46
0
219
448
46
382
1
0
307
0
355
0
0
236
0
315
83
352
0
0
0
0
0
0
0
0
767
160
2032
2814
0
0
0
0
0
0
0
0
0
0
0
0
2815
2849
2819
2832
2812
2817
2849
2814
2829
2823
2819
2855
2815
2815
2829
2815
2832
2816
2821
2841
2815
2832
2818
2815
2826
2815
2817
2858
2813
2815
2822
2813
2863
2845
2825
1258
0
0
0
0
0
0
0
0
0
0
0
0
2861
2816
2815
2845
2818
2891
2841
2845
2819
2822
2854
2885
0
0
0
0
0
0
0
0
0
0
0
0
2641
2845
80
0
0
0
0
0
0
0
0
0
2811
2837
2807
2863
2814
2811
2838
2818
2855
2813
2813
2815
1294
2814
1423
2807
2883
2797
2815
2832
2732
2863
2819
2831
1424
1758
1867
995
1870
1690
1835
2039
939
2032
1832
2076
2826
2863
2815
2816
2842
2832
2853
2817
2840
2848
2813
2819
2832
2815
2853
2806
2812
2839
2810
2864
2816
2810
2834
2832
0
0
0
0
0
0
0
0
0
0
0
0
0
0
0
0
0
0
0
0
0
0
0
0
37
0
154
0
315
370
0
464
0
507
474
480
0
0
0
0
0
0
0
0
0
0
0
0
0
0
0
0
0
0
0
0
0
0
0
0
2833
2849
2747
2853
2816
2811
2847
2818
2832
2803
2809
2811
2804
2816
2896
2831
2847
2830
2721
2848
2814
2832
2794
2814
1816
1891
1878
979
1927
1766
1829
1988
1241
2112
2002
1920
2183
1840
818
1131
0
631
401
0
173
0
0
0
2854
2823
2818
2835
2758
2851
2814
2819
2839
2815
2853
2859
0
0
0
0
0
0
0
0
0
0
0
0
0
0
0
0
0
0
260
0
595
658
0
381
1498
1008
1507
334
1735
1743
1279
1842
770
1801
1904
1960
0
0
0
0
0
0
0
0
0
0
0
1178
0
0
0
0
0
0
0
0
0
0
0
0
2818
2847
2817
2825
2817
2816
2851
2811
2813
2823
2817
2811
2837
2867
2854
2815
2818
2832
2815
2839
2813
2811
2841
2840
2815
2831
2815
2864
2813
2778
2827
2816
2854
2816
2822
2811
0
88
0
263
0
140
362
0
420
0
0
301
2859
2817
2807
2830
2814
2862
2816
2813
2848
2825
2861
2896
0
0
0
0
0
0
0
0
0
0
0
0
539
1313
793
1815
1847
2811
1511
1664
0
0
0
0
1232
497
1224
496
1207
1367
502
1345
714
1381
1424
1292
807
0
2853
2859
2845
1467
2853
2864
2832
2884
2853
2831
0
0
0
0
0
0
0
0
0
48
0
0
2837
2893
2801
2798
2863
2844
2834
2850
2831
2849
2830
2097
2845
2814
2815
2814
2813
2835
2815
2849
2815
2809
2832
2833
348
0
0
0
0
0
0
0
0
0
0
0
0
0
0
0
0
0
0
0
0
0
0
0
2841
2811
2850
2860
2378
1592
2336
2383
1923
2463
1927
2849
0
0
0
0
0
0
0
0
0
0
0
0
0
0
0
0
0
0
0
0
0
0
0
0
2814
2838
2809
2833
2816
2813
2848
2816
2832
2815
2813
2817
2696
2800
2842
2818
2871
2873
2815
2894
2813
2831
2823
2830
2650
2325
2742
1403
2496
2506
2335
2559
1796
2559
2656
2714
2808
2824
2719
2813
2332
2659
2450
1863
2333
639
1750
1535
2850
2810
2821
2800
2815
2847
2815
2819
2830
2817
2851
2859
0
0
0
0
0
0
0
0
0
0
0
0
0
0
0
0
0
0
0
0
0
0
0
0
1324
903
1360
106
1362
1424
977
1421
495
1619
1712
1628
0
0
0
0
0
0
0
0
605
0
0
2811
0
0
0
0
0
0
0
0
0
0
0
0
2815
2853
2815
2816
2836
2815
2853
2819
2815
2838
2817
2817
2831
2816
2858
2829
2811
2839
2815
2855
2811
2813
2833
2829
2818
2835
2813
2854
2817
2819
2834
2815
2842
2813
2815
2811
1097
1202
285
1117
748
1232
1388
649
1583
1285
1570
1767
2864
2811
2815
2833
2813
2861
2818
2816
2832
2817
2766
2867
0
0
0
0
0
0
0
0
0
0
0
0
0
430
260
295
839
57
1237
1408
1435
1842
2227
2788
982
91
955
628
953
1175
319
1181
816
1360
1422
1232
304
0
2832
2818
2845
1681
2811
2833
2835
2783
2848
2815
0
0
0
0
0
0
0
0
0
0
0
0
2819
2835
2819
2807
2885
2858
2865
2845
2807
2835
2849
2685
2832
2821
2841
2813
2811
2839
2811
2850
2806
2815
2839
2832
2850
2818
2817
1984
1972
1987
0
0
0
0
0
0
0
0
0
0
0
0
87
0
350
32
0
530
2865
2832
2830
2875
2801
2813
2848
1204
0
0
0
0
0
0
0
0
0
0
0
0
0
0
0
0
0
0
0
0
0
0
0
0
0
0
0
0
2812
2838
2813
2833
2816
2816
2843
2815
2846
2817
2815
2811
2959
2799
2843
2814
2827
2823
2815
2841
2785
2827
2832
2815
876
912
909
0
1040
698
917
1042
640
1142
1018
980
2821
2815
2815
2813
2836
2815
2682
2131
2228
845
1712
1363
2847
2815
2834
2815
2815
2844
2815
2849
2806
2815
2843
2842
0
0
0
0
0
0
0
0
0
0
0
0
0
0
0
0
0
0
0
0
0
131
0
0
2813
2463
2810
2834
2816
2817
2512
2817
2863
2819
2811
2814
2069
2048
239
2423
1279
2217
1000
2272
2480
1687
1882
2721
0
0
0
0
0
0
0
0
0
0
0
0
2811
2854
2814
2815
2835
2814
2863
2818
2817
2807
2734
2815
2821
2817
2799
2821
2814
2829
2789
2846
2832
2809
2798
2816
2815
2830
2816
2859
2813
2816
2890
2814
2799
2817
2816
2815
816
879
0
734
234
751
860
86
1038
522
1238
1040
2859
2815
2815
2832
2813
2863
2818
2809
2827
2769
2864
2859
0
0
0
0
0
0
0
0
0
0
0
0
0
550
0
647
742
240
963
252
1312
1535
1009
1295
568
0
497
0
651
620
0
651
0
703
758
749
0
0
368
1140
1732
2818
2817
2826
2815
2805
2826
2803
0
0
0
0
0
0
0
0
0
0
0
0
2815
2848
2813
2811
2834
2807
2846
2814
2805
2845
2846
2827
2838
2810
2835
2814
2819
2843
2814
2842
2815
2813
2842
2832
2822
2835
2810
2848
2816
2807
2829
2806
2496
1360
857
0
0
0
0
36
221
0
643
0
813
1088
1035
1090
2837
2816
2794
2880
2841
2839
2811
2829
2841
2854
2811
2815
1858
1872
1216
1594
80
1955
1840
1607
719
1296
1956
2115
417
0
0
0
0
0
0
0
0
0
0
0
2813
2852
2818
2803
2835
2864
2860
2819
2811
2830
2814
2814
1906
2817
2884
2779
2853
2848
2886
2910
2815
2810
2832
2832
0
0
0
0
0
0
0
0
0
0
0
0
2861
2805
2262
2327
0
400
336
0
430
0
727
603
2854
2815
2815
2822
2719
2790
2815
2813
2824
2807
2852
2848
0
0
0
0
0
0
0
0
0
0
0
0
0
0
0
0
272
0
832
49
864
1040
346
651
1386
850
1390
432
1519
1535
991
1570
849
1647
1767
1758
0
0
0
0
0
0
0
0
0
0
0
0
0
0
0
0
0
0
0
0
0
0
0
0
2815
2842
2815
2807
2843
2825
2827
2827
2815
2845
2819
2817
2837
2818
2853
2814
2790
2834
2800
2832
2817
2806
2833
2841
2346
1404
2279
1892
2217
2261
1535
2390
1968
2387
2559
2496
1851
1844
669
1483
1484
1414
1461
721
1787
1760
1809
1919
2833
2811
2815
2837
2817
2833
2815
2816
2842
2817
2835
2838
1370
1456
957
1335
136
1347
1395
703
1490
239
1488
1479
0
0
0
0
166
0
344
352
0
603
0
0
1185
122
1151
1240
970
1156
211
1385
1504
1242
1578
1594
0
0
0
0
0
0
378
0
0
2832
2773
1361
0
0
0
0
0
0
0
0
0
0
0
0
2817
2815
2804
2821
2847
2816
2815
2831
2811
2850
2818
2814
2853
2928
2768
2829
2831
2875
2814
2815
2832
2811
2864
2859
2815
2863
2803
2806
2833
2801
2861
2815
2795
2829
2851
2842
0
0
0
0
112
0
204
0
401
704
0
221
2815
2832
2816
2890
2809
2817
2832
2832
2861
2827
2801
2799
0
0
0
0
0
0
0
0
0
0
0
0
240
509
874
0
2800
32
0
0
0
0
0
0
2533
1936
2523
2432
1791
2463
1904
2445
2475
1808
2475
2715
2779
2820
2801
2813
2926
2863
2843
2843
2827
2805
2847
2851
0
0
0
0
0
0
0
0
0
0
0
0
2840
2819
2830
2822
2917
2809
2800
2851
2812
1328
1648
1628
2834
2815
2813
2833
2807
2838
2811
2817
2842
2815
2832
2837
2797
2832
2825
2811
2832
2817
2829
2515
2817
2833
2814
2782
0
0
0
0
0
0
0
0
0
0
0
0
2855
1157
0
0
0
0
0
0
116
0
384
499
0
0
0
0
0
0
0
0
0
0
0
0
0
0
0
0
0
0
0
0
0
0
0
0
2818
2807
2829
2813
2859
2816
2816
2832
2815
2857
2816
2811
2842
2832
2809
2823
2842
2865
2815
2815
2842
2807
2857
2923
1632
575
1520
1488
850
1552
1136
1615
1589
895
1757
1904
1595
2032
1196
1639
1278
407
851
174
684
712
0
0
2817
2832
2810
2854
2815
2811
2834
2811
2843
2827
2817
2811
0
0
0
0
0
0
0
0
0
0
0
0
256
931
960
352
1159
673
1227
1454
675
1599
1324
1360
17
0
0
137
0
364
161
0
423
0
449
560
0
0
0
0
0
1073
1956
2776
2815
2810
2832
2837
0
0
0
0
0
0
0
0
0
0
0
0
2810
2811
2847
2816
2832
2816
2815
2844
2822
2832
2820
2815
2835
2815
2813
2875
2807
2835
2816
2817
2844
2815
2838
2837
2815
2838
2822
2811
2836
2833
2833
2819
2812
2832
2815
2810
0
0
0
0
0
0
0
0
0
0
0
0
2800
2843
2813
2839
2815
2815
2835
2815
2841
2813
2817
2816
0
0
0
0
0
0
0
0
0
0
0
0
539
0
647
0
844
1240
830
1563
742
2482
2143
641
2713
2752
2346
2669
1511
2752
2720
2306
2530
1411
2592
2746
256
2310
2624
1088
2868
2851
2661
2814
2855
2830
2875
2881
0
0
0
0
0
0
0
0
0
0
0
0
2829
2815
2909
2812
2832
2863
2802
2876
2826
2800
2864
1503
2794
2822
2810
2858
2815
2827
2823
2810
2849
2815
2815
2817
2814
2845
2659
2846
2260
1023
159
0
0
0
0
0
0
0
0
0
0
0
0
0
0
277
203
725
2849
2838
2843
2848
2865
2797
2192
511
702
0
733
861
0
0
0
0
0
0
0
0
0
0
0
0
0
0
0
0
0
0
0
0
0
0
0
0
2816
2813
2838
2806
2831
2817
2813
2847
2816
2765
2815
2823
2875
2816
2828
2828
2811
2869
2815
2757
2843
2879
2838
2850
0
0
0
0
0
0
0
0
0
0
0
0
0
0
0
0
0
0
0
0
0
0
0
0
2818
2841
2816
2838
2818
2815
2837
2815
2835
2815
2814
2818
0
0
0
0
0
0
0
0
0
0
0
0
1609
1247
1711
839
1955
2188
1782
2547
1357
2636
2802
2821
1739
1860
1520
1873
671
1935
2000
1535
2081
733
2139
2141
0
0
0
0
0
0
0
0
1365
2025
0
2859
0
0
0
0
0
0
0
0
0
0
0
0
2817
2813
2850
2815
2829
2815
2815
2843
2818
2830
2821
2817
2799
2749
2809
2958
2779
2779
2823
2813
2858
2817
2817
2805
2813
2818
2814
2815
2848
2801
2819
2816
2822
2850
2815
2815
0
807
1072
567
892
0
1136
1088
775
1148
238
238
2816
2845
2819
2810
2831
2813
2852
2816
2817
2830
2814
2815
0
0
0
0
0
0
0
0
0
0
0
0
622
125
828
171
1083
1061
583
1282
935
1657
1811
2090
0
183
0
179
0
0
432
0
400
0
482
592
1585
2092
2773
2828
2861
2865
2830
2809
2843
2829
2847
2817
0
0
0
0
0
0
0
0
0
0
0
0
2842
2814
2832
2816
2817
2845
2878
2874
2837
2806
2885
2855
2810
2845
2814
2831
2815
2821
2844
2811
2839
2812
2811
2813
2811
2811
2844
2814
2829
2851
2835
2286
2637
2221
0
0
0
0
0
0
0
0
0
333
0
598
592
608
2841
2963
2861
2838
2781
2873
2846
2857
2827
2849
2810
2805
0
0
0
0
0
0
0
0
0
0
0
1
0
0
0
0
0
0
0
0
0
0
0
0
2559
2611
1648
2638
2549
2452
2610
1811
2559
2528
2359
2447
2812
1919
2838
2869
2832
2863
2815
2809
2890
2725
2815
2813
354
313
0
297
0
444
457
0
734
0
694
814
2891
2826
1735
1247
1696
571
1841
1808
1295
1733
447
335
2809
2857
2813
2832
2811
2807
2881
2817
2823
2818
2813
2814
0
0
0
0
0
0
0
0
0
0
0
0
595
0
682
113
1085
1008
461
1229
421
1415
1495
1535
0
0
0
0
0
0
0
0
0
0
0
0
0
0
0
0
0
0
1079
2811
2151
2813
2846
2849
0
0
0
0
0
0
0
0
0
0
0
0
2854
2816
2854
2815
2813
2823
2815
2859
2813
2817
2827
2825
2816
2845
2823
2850
2815
2815
2845
2813
2832
2822
2813
2815
2815
2814
2835
2816
2861
2815
2812
2850
2800
2857
2814
2823
2861
2819
2813
2835
2818
2849
2813
2811
2836
2816
2849
2853
2810
2862
2817
2812
2835
2815
2857
2818
2854
2832
2816
2814
2839
2826
2867
2821
2817
2849
2812
2847
2815
2817
2831
2833
2822
2839
2821
2846
2835
2811
2835
2811
2850
2816
2816
2814
2817
2815
2837
2818
2842
2819
2816
2811
2815
2845
2815
2815
1728
544
2370
2840
2811
2821
2829
2807
2849
2809
2826
2841
1584
1188
1232
1486
385
1364
1424
1233
1297
331
1374
1443
2850
2815
2823
2820
2815
2845
2811
2826
2822
2818
2850
2843
2781
2849
2829
2823
2823
2814
2849
2815
2815
2828
2816
2814
2769
2815
2851
2817
2828
2832
2883
2861
2819
2849
2841
2861
2128
1819
2060
912
1856
1920
1535
1941
939
2095
2170
2172
2815
2832
2817
2811
2849
2822
2807
2848
2838
2836
2823
2817
1059
2258
2117
1456
1921
674
1863
1860
1339
1902
1471
1202
1392
330
2842
2790
1478
1677
982
2343
1040
703
1350
639
1579
1830
560
1743
1632
1491
1798
501
1789
1778
1424
1195
2817
2855
2842
2832
2835
2837
2826
2843
2862
2895
2834
2831
1819
1872
1443
1957
566
1837
1810
1221
1723
705
1814
1600
2879
2848
2809
2826
2816
2859
2802
2851
1874
2319
877
822
2815
2862
2816
2814
2826
2811
2862
2817
2815
2826
2814
2805
0
0
0
0
0
0
0
0
0
0
0
0
193
0
287
0
141
456
0
463
0
689
720
835
2847
2818
2825
2814
2859
2815
2811
2832
2816
2865
2816
2810
0
0
0
0
0
0
0
0
0
0
0
0
0
0
0
0
0
0
0
0
0
0
0
0
2826
2813
2844
2811
2820
2822
2817
2848
2816
2829
2823
2828
2818
2713
2813
2861
2815
2830
2801
2817
2849
2818
2813
2821
2373
2314
1651
2545
1511
2119
2125
1532
2096
1383
2160
2207
1319
2218
2023
1315
1872
683
1796
1613
1217
1744
763
627
2813
2862
2808
2816
2827
2822
2856
2813
2819
2826
2815
2802
750
1393
677
471
1895
1235
1817
795
1983
2270
1259
1229
0
0
0
0
0
0
0
0
0
0
0
0
2816
2815
2780
2819
2861
2814
2816
2511
2823
2864
2818
2822
564
0
0
0
1179
1276
1824
2022
1488
2827
2839
2832
0
0
0
0
0
0
0
0
0
0
0
0
2811
2818
2850
2814
2815
2839
2816
2847
2819
2823
2846
2842
2812
2863
2814
2863
2818
2803
2832
2815
2855
2815
2816
2809
1977
2028
1021
1809
1386
1683
1808
907
2147
1696
1811
2096
58
603
663
0
539
141
695
656
0
991
904
946
2815
2846
2799
2816
2842
2819
2841
2815
2815
2834
2816
2810
0
0
0
0
0
0
0
0
0
0
0
0
0
0
0
0
0
0
0
631
156
661
0
777
2815
2818
2602
2811
2864
2819
2815
2315
2819
2860
2749
2608
1684
2493
2815
2290
2844
2731
2807
2849
2862
2799
2861
2848
296
123
0
138
0
0
281
0
254
0
0
0
2882
2844
2815
2859
2807
2873
2811
2850
2857
2832
2880
2847
2789
2846
2815
2819
2817
2814
2860
2769
2810
2830
2813
2814
2640
1779
1072
2303
2048
1264
2140
1601
1447
1104
135
1093
33
0
176
0
308
352
0
528
0
819
596
420
2816
2827
2829
2815
2848
2819
2823
2821
2818
2859
2818
2819
0
0
184
328
600
0
606
672
0
304
0
0
0
0
0
0
0
0
0
0
0
0
0
0
2325
2768
1557
2448
2624
2235
2469
1229
2532
2784
1995
1873
2963
2829
2827
2851
2815
2832
2827
2815
2850
2820
2815
2830
1332
1218
624
1072
0
899
944
597
1058
234
992
1019
1664
2354
2222
1355
1831
1025
1718
1808
1011
1830
1192
1696
2823
2864
2815
2817
2831
2816
2855
2811
2815
2830
2810
2821
0
0
0
0
0
0
0
0
0
0
0
0
0
0
0
0
0
0
0
0
0
0
0
0
2827
2818
2835
2817
2851
2815
2818
2842
2817
2864
2817
2832
0
0
0
0
0
0
0
1599
971
1962
0
2864
0
0
0
0
0
0
0
0
0
0
0
0
2833
2817
2839
2823
2821
2849
2819
2832
2821
2819
2845
2849
2811
2832
2810
2861
2815
2811
2832
2816
2859
2814
2767
2817
2819
2812
2098
2816
2843
2687
2817
2764
2781
2841
2818
2820
288
863
691
0
651
250
593
523
0
944
482
884
2817
2861
2818
2816
2835
2795
2862
2817
2816
2835
2817
2819
0
1415
495
1195
1416
391
1285
454
936
1503
503
526
0
0
0
0
0
0
0
0
0
0
0
0
2619
2484
1723
2381
2208
2127
2438
1103
2286
2550
2047
2047
2836
2797
1835
2827
2817
2862
2832
2753
2832
2823
2875
2846
0
0
0
0
0
0
0
0
0
0
0
0
2836
2815
2837
2817
2847
2849
2820
2864
2847
2832
2867
2864
2817
2829
2809
2851
2815
2816
2841
2815
2834
2832
2816
2814
1462
1329
1836
2675
1777
2832
1408
587
1489
740
509
176
257
0
204
0
362
568
0
705
0
1039
1104
1107
2804
2863
2832
2866
2800
2836
2833
2818
2811
2817
2848
2814
0
0
0
0
0
0
0
0
0
0
0
0
551
0
1192
0
0
0
0
0
0
0
0
0
2816
2822
2850
2818
2834
2818
2815
2849
2817
2832
2815
2822
2851
2845
2833
2864
2823
2832
2819
2807
2839
2819
2831
2813
1170
912
471
858
0
872
859
503
915
0
761
841
2860
2523
2154
1409
1757
487
1558
1418
911
1389
81
39
2807
2842
2810
2858
2813
2820
2832
2815
2850
2816
2824
2818
847
1135
175
1186
1680
1381
2079
452
2035
2242
1679
1917
0
0
0
0
0
0
0
0
0
0
0
0
2807
2827
2559
2817
2389
2815
2784
2479
2700
1671
2759
2559
48
1088
1153
580
1346
1584
2166
2797
2525
2772
2862
2865
0
0
0
0
0
0
0
0
0
0
0
0
2832
2817
2864
2816
2813
2704
2816
2832
2812
2928
2128
1843
2803
2832
2819
2859
2797
2811
2825
2811
2864
2784
2937
2813
1818
1815
1091
1680
469
1726
1504
959
1528
622
1479
1409
157
640
777
0
806
162
602
882
0
872
448
736
2813
2854
2815
2815
2835
2816
2859
2815
2816
2924
2813
2815
0
0
0
0
0
0
0
0
0
0
0
0
0
0
0
0
0
0
0
0
0
0
0
0
2815
2816
2603
2819
2848
2819
2818
2335
2816
2880
2747
2615
0
0
112
0
2291
2196
0
0
2845
2834
2127
2832
0
0
0
0
0
0
0
0
0
0
0
0
2837
2816
2849
2811
2819
2832
2797
2850
2817
2829
2829
2858
2816
2848
2823
2853
2832
2813
2842
2816
2852
2832
2829
2815
2041
2072
1643
2559
1665
2334
2470
2820
2846
2889
2847
2826
0
0
0
0
0
0
0
28
0
305
0
0
2818
2864
2815
2811
2860
2850
2854
2837
2829
2832
2843
2811
0
243
0
0
571
0
91
0
0
577
60
71
336
0
720
476
1520
0
0
265
306
0
0
0
1328
1328
439
1308
976
1060
1259
181
1295
1350
1177
990
2910
2805
3003
2913
2800
2865
2850
2927
2834
2803
2832
2850
409
0
0
361
0
186
0
0
256
0
119
300
2847
2818
2864
2806
2846
2775
2819
2859
2559
2658
1743
1591
2813
2839
2819
2850
2822
2816
2835
2816
2839
2814
2812
2814
0
935
0
0
0
0
0
0
0
0
0
0
0
0
0
0
0
0
0
0
0
0
0
0
2817
2839
2825
2816
2849
2817
2833
2816
2817
2837
2818
2817
0
0
0
0
0
0
0
0
0
0
0
359
0
0
0
0
0
0
0
0
0
0
0
0
2827
2816
2855
2819
2821
2786
2766
2895
2818
2827
2820
2820
2851
2824
2837
2838
2811
2832
2819
2832
2864
2823
2832
2845
2702
2450
2191
2384
1159
2323
2312
2262
2373
1099
2139
2757
0
0
284
0
70
0
0
60
0
126
0
0
2814
2845
2813
2823
2823
2815
2864
2815
2815
2832
2815
2815
1180
1436
461
1308
1300
257
1466
400
1368
1514
1079
1074
0
0
0
0
0
0
0
0
0
0
0
0
2371
2352
1953
2259
943
2150
2288
1597
1979
946
1903
2065
1103
1371
2817
2677
881
2870
2822
2832
2848
2832
2864
2864
0
0
0
0
0
0
0
0
0
0
0
0
2831
2818
2864
2879
2816
2837
2800
2863
2817
2816
2837
2839
2815
2832
2817
2863
2819
2811
2831
2815
2854
2799
2815
2799
981
1104
527
944
0
952
1003
646
1271
77
1312
1301
0
0
0
0
218
0
301
588
0
743
26
0
2811
2859
2822
2815
2829
2819
2864
2816
2817
2859
2842
2803
0
0
0
0
0
0
0
0
0
0
0
0
16
0
103
0
0
446
0
1383
788
1419
1580
1139
2720
2820
1799
2683
2304
2435
2418
1403
2278
1844
2020
1914
2160
0
2767
2841
2849
2842
2803
2864
2768
2807
2883
2800
44
0
0
72
0
0
0
0
157
0
0
0
2857
2832
2847
2798
2843
2834
2847
2879
2837
2854
2840
1127
2817
2845
2713
2864
2831
2812
2837
2832
2863
2815
2814
2816
2843
2839
2384
2893
2464
1079
2826
2828
1872
1801
2207
2426
2855
2799
2883
2836
2898
2839
2817
2800
2843
2815
2820
2833
2851
2890
2806
2811
2833
2809
2861
2817
2813
2835
2821
2811
1278
2825
2861
2820
2817
2845
2814
2848
2810
2819
2837
2838
0
0
0
0
821
2326
2851
2816
2832
2822
2821
2814
0
511
415
2465
2830
2821
2819
2845
2826
2831
2817
2822
2819
2729
2843
2848
2817
2830
2821
2813
2894
2817
2817
2853
0
0
0
241
247
2623
2817
2830
2822
2855
2811
2823
0
0
0
0
0
0
1345
2768
2825
2817
2851
2850
654
403
1992
2865
2817
2815
2844
2818
2832
2818
2814
2816
0
0
0
0
0
0
0
0
0
0
0
667
0
0
0
0
0
0
0
0
0
0
0
1264
0
0
0
0
0
0
0
591
2074
2845
2800
2816
0
0
0
0
0
0
0
0
0
979
720
2854
0
0
0
0
0
0
0
0
0
0
0
0
0
0
0
0
0
0
0
0
0
0
0
0
2834
2253
2023
663
1710
1623
1354
1979
1151
2824
2816
2815
0
0
0
0
0
0
0
0
0
0
0
0
0
0
0
0
0
0
0
0
0
0
0
0
2406
427
610
0
0
0
0
0
0
0
0
195
0
0
0
0
0
0
0
0
0
0
0
0
0
0
0
0
0
0
0
0
0
0
0
0
0
0
0
0
0
0
0
0
0
0
0
0
431
2031
1666
0
0
0
0
0
0
0
0
0
2275
386
0
0
0
0
0
0
0
0
0
0
2830
2813
2847
2816
2809
2875
2844
1938
742
0
0
0
2815
2845
2815
2832
2811
2815
2843
2821
2832
2818
2818
2817
2825
2832
2863
2839
2818
1455
560
0
0
0
0
0
2825
2827
2814
2846
2816
1776
402
0
0
0
0
0
2832
2826
2811
2800
2870
2807
2829
2854
2832
2867
2792
2130
2864
2819
2821
2826
2768
2855
2826
1994
0
0
0
0
2816
2846
2814
2825
2822
2814
2854
2783
2818
2225
1328
0
2819
2813
2847
2816
2832
2823
2814
2847
2815
2829
2831
2810
2783
2858
2814
2851
2807
2813
2818
2786
2862
2833
2818
2815
2814
2817
2831
2811
2859
2816
2818
2827
2813
2851
2825
2818
2842
2817
2840
2821
2843
2841
2816
2843
2815
2812
2845
2848
2817
2859
2815
2901
2896
2814
2871
2835
2825
2833
2809
2813
2821
2815
2852
2815
2816
2823
2811
2943
2817
2834
2821
2824
2813
2802
2813
2864
2815
2814
2832
2811
2855
2809
2813
2815
2817
2814
2832
2814
2851
2821
2814
2829
2816
2852
2815
2821
2858
2819
2817
2837
2829
2854
2818
2810
2845
2820
2877
2864
2814
2861
2813
2814
2833
2815
2847
2813
2816
2836
2815
2810
2834
2815
2859
2813
2813
2834
2817
2854
2817
2815
2835
2832
2817
2836
2815
2861
2813
2813
2834
2814
2867
2815
2814
2816
2817
2818
2901
2797
2815
2811
2813
2847
2815
2827
2819
2822
2831
2816
2817
2846
2825
2821
2814
2816
2851
2811
2817
2815
2814
2835
2832
2768
2848
2814
2822
2816
2813
2838
2816
2819
0
0
0
0
0
0
1601
2834
2842
2803
2854
2879
0
0
0
0
0
54
418
2606
2815
2833
2817
2815
0
0
0
0
208
841
2795
2860
2821
2819
2834
2830
0
0
0
0
1219
2810
2818
2815
2852
2820
2819
2818
0
0
0
0
0
0
0
0
0
0
0
1625
0
0
0
0
0
0
0
0
0
2608
2876
2837
0
0
0
581
447
2119
2792
2812
2775
2832
2787
2821
0
0
0
0
0
0
0
0
0
0
0
1459
0
0
0
0
0
0
0
0
0
0
0
0
1152
833
0
701
433
455
1583
1139
1652
2320
2821
2819
0
0
0
0
0
0
0
0
0
0
0
0
0
0
0
0
0
0
0
0
0
0
0
0
0
0
0
0
0
0
0
0
0
0
0
0
2831
0
2155
2609
948
0
1232
2833
2192
744
2096
2815
0
0
0
0
0
0
0
0
0
0
0
0
2783
2806
1499
0
0
0
0
0
0
0
0
0
2812
2815
2816
2813
2841
2752
2811
2705
2445
537
1285
1078
1808
0
0
0
0
0
0
0
0
0
0
0
1763
0
0
0
0
0
0
0
0
0
0
0
2825
2810
2851
2817
1988
0
0
0
0
0
0
0
2818
1687
1251
0
0
0
0
0
0
0
0
0
2815
2816
2833
2819
2864
1847
496
0
0
0
0
0
2862
2815
2820
2827
2813
2850
2817
2814
2715
1761
0
0
2816
2863
2815
2815
2832
2816
2858
2814
2815
2830
2815
2815
2834
2831
2858
2817
2807
2810
2793
2848
2817
2474
495
0
2816
2837
2813
2851
2813
2815
2834
2815
2847
2815
2815
1525
2819
2814
2838
2817
2859
2817
2814
2810
2815
2833
2815
2818
2862
2822
2811
2832
2815
2864
2817
2812
2833
2818
2864
2853
2794
2842
2839
2832
2837
2832
2832
2810
2815
2866
2815
2860
2845
2820
2841
2812
2811
2843
2819
2834
2818
2813
2845
2845
2810
2850
2811
2837
2799
2825
2846
2817
2834
2818
2810
2814
2815
2814
2835
2815
2838
2814
2807
2840
2816
2842
2814
2815
2870
2817
2823
2832
2813
2849
2806
2814
2832
2811
2861
2863
2816
2843
2819
2814
2857
2817
2815
2826
2813
2863
2815
2818
2841
2815
2832
2815
2821
2851
2815
2831
2821
2817
2855
2859
2811
2850
2811
2821
2830
2815
2855
2817
2816
2827
2800
2815
2821
2817
2845
2817
2835
2821
2811
2800
2815
2851
2832
2819
0
0
954
901
1519
2829
2822
2813
2855
2818
2819
2803
0
0
637
2542
2873
2849
2826
2837
2803
2852
2839
2835
2864
2813
2816
2835
2817
2861
2813
2815
2834
2826
2865
2864
2357
2742
2802
2809
2851
2801
2882
2825
2834
2800
2839
2842
0
0
0
0
0
0
1842
2858
2818
2817
2821
2830
0
0
0
0
0
2011
1295
2841
2889
2820
2817
2815
1414
2292
2629
2816
2857
2822
2820
2819
2816
2864
2815
2804
0
16
0
0
0
0
0
434
1104
2816
2874
2864
0
0
0
0
0
0
0
0
169
399
2809
2821
0
0
0
0
0
0
0
0
1131
2279
2835
2846
0
0
0
0
0
0
0
0
0
0
1071
2821
0
0
0
0
0
0
0
0
0
0
0
0
0
0
0
0
0
0
0
0
0
0
0
0
2806
2816
2831
2832
2861
2807
2847
2819
2834
2843
2865
2822
0
0
0
0
0
0
0
0
0
0
0
0
0
0
0
0
0
0
0
0
0
0
0
0
0
0
0
0
0
0
0
0
0
0
0
0
0
0
0
0
0
0
0
0
0
0
0
0
0
0
0
0
0
0
0
0
0
0
0
0
2832
1693
296
0
0
0
0
0
0
0
0
0
0
667
0
0
0
0
0
0
0
0
0
0
1488
619
0
0
0
0
0
0
0
0
0
0
2823
2819
2817
2860
2815
1950
0
0
0
0
0
0
2825
2811
2831
2813
2861
2816
2809
2831
2816
2864
2816
2818
2849
2815
2809
2834
2826
2848
2805
1683
0
0
0
0
2800
2854
2813
2818
2829
2809
575
0
0
0
0
0
2829
2818
2854
2832
2815
2829
2785
2865
2815
2813
2833
2832
2805
2832
2814
2858
2811
2821
2826
2813
2864
2823
791
0
2807
2813
2829
2813
2855
2823
2828
2832
2820
2853
2811
2812
2853
2822
2809
2832
2815
2855
2815
2822
2839
2812
2848
2851
2813
2864
2814
2814
2832
2816
2862
2804
2835
2854
2817
2817
2848
2813
2832
2820
2819
2842
2815
2829
2822
2816
2850
2851
2814
2832
2814
2847
2807
2816
2823
2833
2864
2810
2805
2826
2801
2818
2832
2819
2851
2814
2817
2833
2823
2859
2815
2814
2852
2813
2805
2864
2839
2848
2807
2801
2880
2843
2845
2816
2816
2851
2816
2817
2838
2813
2845
2814
2815
2837
2815
2800
2835
2832
2855
2819
2818
2834
2818
2848
2817
2813
2850
2844
2809
2832
2818
2843
2816
2819
2838
2823
2841
2817
2819
2815
2829
2803
2861
2794
2835
2823
2817
2851
2814
2818
2821
2823
2816
2815
2769
2840
2827
2843
2825
2820
2874
2818
2838
2818
2813
2793
2826
2818
2854
2835
2814
2825
2813
2855
2817
2817
0
2375
2832
2823
2829
2846
2819
2831
2815
2817
2848
2849
0
0
2593
2829
2815
2819
2846
2810
2817
2830
2817
2815
2821
2818
2853
2825
2810
2831
2816
2858
2814
2815
2842
2830
0
0
0
119
1295
2818
2835
2801
2863
2818
2830
2817
0
0
0
0
0
2192
2819
2832
2819
2861
2822
2816
0
0
0
0
1647
2419
2818
2815
2830
2785
2864
2896
0
0
0
0
0
2815
2851
2813
2816
2848
2822
2816
0
0
0
0
0
0
0
0
0
177
723
2131
0
0
0
0
0
0
0
0
0
0
0
1132
0
0
0
0
0
0
0
0
0
0
1686
2819
0
0
0
0
0
0
0
0
0
0
0
0
0
0
0
0
0
0
0
0
0
0
0
0
2210
2390
1626
1617
1615
1163
2241
2168
2817
2815
2843
2846
0
0
0
0
0
0
0
0
0
0
0
0
0
0
0
0
0
0
0
0
0
0
0
0
0
0
0
0
0
0
0
0
0
0
0
0
0
0
0
0
6
0
0
0
0
0
0
0
0
0
0
0
0
0
0
0
0
0
0
0
2813
719
593
0
0
0
0
0
0
0
0
0
2814
2817
2851
2821
2832
2834
2822
2854
2815
2823
2815
2819
2826
2819
2818
2853
2843
2847
2859
2806
2848
2810
2839
2813
2679
2701
2269
2811
2408
2821
2822
2485
2817
2848
2821
2818
2858
2841
2818
2839
2844
2880
2803
2826
2836
2810
2847
2858
685
63
1116
902
407
1232
369
1290
0
1366
2219
0
991
2320
0
223
1104
0
0
0
0
0
0
0
2139
1535
2186
1280
1970
1968
1233
1866
1310
1931
1977
1792
2815
2815
2831
2815
2832
2817
2832
2834
2815
2857
2811
2819
0
0
0
0
0
0
0
0
0
0
0
0
2816
2864
2775
2819
2800
2812
2870
2815
2817
2767
2826
2817
2831
2819
2842
2814
2815
2832
2827
2860
2816
2815
2832
2835
0
0
0
0
0
0
0
0
0
0
0
0
638
817
0
821
175
819
971
0
990
416
970
878
2858
2817
2819
2461
2817
2864
2818
2825
2343
2817
2852
2848
0
0
0
352
767
1680
1680
410
2818
2837
2818
2815
0
0
0
0
0
0
0
0
0
0
0
0
2858
1702
2693
2556
2160
2338
1168
2262
1944
1597
1687
1731
2817
2815
2846
2815
2846
2817
2814
2841
2821
2845
2811
2813
1832
1425
1772
447
1611
2208
1777
2481
1073
2362
2738
2807
2256
2336
1939
2143
971
2223
2230
1829
2164
1145
2330
2243
2821
2811
2832
2809
2814
2837
2818
2857
2816
2815
2905
2848
2237
1207
1984
2152
1578
1969
880
1236
1792
1760
2005
1873
0
0
0
0
0
0
0
0
0
0
0
0
1682
1768
1840
858
1776
1526
1576
1776
773
1728
1616
1572
2903
2865
2820
2822
2828
2800
2832
2789
2819
2849
2719
2818
0
0
0
0
0
0
0
0
0
0
0
0
2818
2845
2851
2834
2823
2811
2706
2814
2825
2335
2816
2543
2825
2812
2854
2818
2819
2821
2818
2851
2816
2816
2826
2826
1685
981
1477
336
1535
1575
1127
1520
790
1654
2823
1856
368
400
0
596
0
759
784
263
710
0
1007
1069
2862
2766
2814
2832
2816
2864
2828
2815
2853
2852
2859
2855
0
0
0
0
0
0
0
0
0
0
0
0
0
402
0
912
721
493
1816
0
0
789
0
0
2802
2279
2642
1467
2442
2329
1759
2241
1223
2245
2148
2018
2835
2834
2835
2831
2843
2830
2832
2834
2835
2887
2816
2813
0
0
0
0
0
0
0
0
0
0
0
0
2801
2837
2842
2810
2831
2827
2845
2837
2332
1611
2366
2472
2837
2814
2857
2815
2814
2832
2815
2861
2819
2811
2839
2830
2096
1407
2810
2888
1824
1167
527
327
884
1354
1417
1222
767
732
0
796
874
592
759
0
753
740
705
669
2879
2394
2386
1680
2201
1291
2013
2063
1313
2075
1600
1456
1871
0
2545
2819
2832
2844
2865
2818
2880
2120
2816
2809
0
0
0
0
0
0
0
0
0
0
0
0
727
0
647
0
0
293
0
136
0
0
123
84
2799
2814
2839
2821
2846
2809
2850
2854
2805
2843
2810
2816
362
0
399
0
176
99
0
190
0
0
114
77
1703
1232
1291
1476
495
1456
1200
1360
1712
871
2032
2096
2842
2815
2831
2818
2811
2833
2775
2825
2823
2817
2848
2841
0
0
0
0
0
0
0
0
0
0
0
0
0
0
0
0
0
0
0
0
0
0
0
0
2827
2819
2819
2845
2816
2823
2931
2813
2845
2820
2815
2832
2559
2368
2559
2814
2848
2813
2831
2816
2315
2848
2811
2885
0
0
0
0
0
0
0
0
0
0
0
0
2439
1255
2160
2032
1412
1851
355
1341
1216
898
1276
1049
2821
2811
2859
2813
2818
2793
2811
2874
2813
2815
2819
2823
1716
1508
1747
663
2149
2144
1857
2437
1406
2704
2832
2818
1783
1797
1303
1725
651
1886
1940
1520
2032
1023
2100
2273
2837
2816
2821
2822
2818
2850
2815
2806
2830
2818
2883
2883
1813
395
731
1479
1051
1463
0
1289
1619
1191
1472
2104
0
0
0
0
0
0
0
0
1160
464
627
0
987
368
864
0
900
734
0
683
3
671
685
623
2835
2818
2831
2816
2867
2833
2801
2852
2816
2882
2842
2820
0
0
0
0
0
0
0
0
0
0
0
0
2816
2850
2841
2831
2831
2811
2885
2832
2843
1843
2845
2736
2837
2817
2846
2814
2815
2833
2815
2838
2819
2821
2841
2846
1696
0
575
582
0
0
0
560
0
0
0
0
783
1088
211
1011
840
1060
1344
336
1451
1008
1268
1104
2832
2830
2832
2871
2835
2839
2809
2814
2846
2819
2832
2830
0
0
0
0
0
0
1552
1221
0
1503
2821
2815
0
0
0
0
0
0
0
0
0
0
0
0
1084
511
1022
128
858
847
0
639
0
420
410
354
2823
2823
2845
2819
2829
2832
2810
2850
2826
2803
2822
2819
224
0
35
0
0
128
0
510
0
562
716
658
2822
2848
2512
2512
1318
2304
1928
1965
2244
1328
2512
2522
2851
2818
2815
2820
2817
2848
2815
2818
2825
2830
2851
2859
2176
1106
2064
1990
1384
2097
1041
2113
1424
1715
2029
1111
0
134
0
0
9
0
28
0
0
336
0
0
2064
1703
2011
877
1905
1886
1407
1803
531
1831
1874
1822
2805
2826
1920
2818
2832
2541
2822
2822
2816
2701
2817
2849
0
0
0
0
0
0
0
0
0
0
0
0
1555
383
1566
1216
773
961
0
752
484
0
289
272
2814
2813
2859
2814
2811
2822
2816
2854
2819
2814
2831
2823
1511
875
1588
279
1344
1244
657
1360
343
1291
1244
1436
