572
594
586
570
597
576
597
586
573
626
592
589
399
368
412
386
389
383
375
362
396
394
419
416
2425
2465
2519
2514
2608
2635
2667
2715
2715
2801
2812
2781
576
581
597
576
606
592
592
612
579
628
589
595
573
558
560
578
561
577
555
553
581
558
588
576
545
567
569
562
597
566
570
576
566
609
577
593
2032
2176
2543
2598
2751
2832
2805
2832
2815
2805
2841
2841
725
752
732
780
738
735
754
720
759
741
744
737
713
745
761
746
783
752
739
771
755
777
752
754
894
848
865
891
862
890
905
873
894
869
896
882
894
905
902
898
931
897
906
907
896
939
910
905
892
859
878
866
870
896
863
870
874
869
894
903
2809
2833
2815
2839
2837
2810
2843
2825
2843
2828
2804
2810
887
871
848
887
911
880
878
907
881
911
885
886
832
818
816
851
823
846
825
821
855
822
845
848
766
799
767
768
789
766
688
767
771
790
774
775
2849
2818
2827
2826
2811
2854
2814
2813
2822
2815
2854
2864
507
545
508
525
528
522
557
528
529
528
528
526
2814
2810
2837
2815
2848
2819
2807
2833
2815
2850
2815
2815
1397
1460
1511
1555
1610
1671
1745
1803
1843
1908
1931
2004
507
534
511
511
551
511
538
528
528
558
531
534
499
478
505
480
458
508
487
507
484
493
526
527
2813
2839
2899
2895
2816
2814
2842
2816
2832
2815
2823
439
670
676
688
669
679
1038
688
1085
1228
704
1589
1647
682
663
757
702
534
677
676
669
700
664
683
685
672
691
670
668
690
679
702
674
682
707
688
678
830
811
819
848
890
855
813
829
823
817
845
858
866
880
869
883
864
871
907
870
886
870
882
849
2846
724
847
803
849
709
754
815
805
789
756
791
2010
2096
2128
2149
2231
2254
2306
2352
2365
2433
2487
2518
848
862
848
843
880
848
864
861
850
962
863
832
803
786
803
785
784
813
784
811
745
784
817
847
717
665
683
694
592
679
747
720
739
720
719
667
2046
2160
2305
2368
2370
2486
2496
2672
2692
2697
2813
2783
450
425
451
459
433
418
443
447
451
442
437
443
2803
2843
2814
2815
2839
2811
2846
2822
2806
2832
2811
2814
2857
2816
2832
2820
2811
2849
2815
2830
2921
2788
2854
2847
2811
2832
2811
2835
2814
2807
2838
2812
2832
2818
2815
2817
0
0
0
0
0
0
0
0
0
0
0
0
2833
2818
2804
2849
2811
2847
2817
2813
2839
2821
2837
2834
2829
2769
2800
2845
2861
2809
2818
2825
2818
2854
2817
2817
627
1816
1700
1584
1793
854
1891
2058
1983
2324
1117
1303
0
0
0
0
0
0
0
0
0
0
0
0
2823
2817
2849
2817
2814
2822
2812
2851
2811
2821
2822
2822
1888
1503
1968
1035
2113
2222
1502
2368
1573
2421
2474
2402
2816
2877
2821
2815
2847
2785
2827
2832
2736
2884
2777
2815
2857
2765
2815
2825
2822
2861
2810
2822
2821
2758
2859
2863
1021
0
1088
1023
0
1115
78
1088
1315
859
1535
1655
0
0
0
0
0
0
0
0
0
0
0
0
2821
2818
2817
2855
2825
2811
2825
2815
2860
2822
2827
2813
2814
2815
2830
2815
2859
2815
2818
2825
2811
2864
2813
2800
2856
2815
2816
2835
2816
2855
2817
2803
2836
2811
2849
2850
2819
2855
2814
2817
2831
2815
2864
2816
2811
2864
2815
2823
2831
2815
2860
2817
2899
2805
2831
2851
2818
2815
2908
2832
0
0
0
0
0
0
0
0
0
1071
1261
1221
2815
2815
2832
2814
2862
2818
2829
2852
2832
2889
2809
2818
2811
2814
2815
2879
2817
2866
2819
2821
2831
2779
2853
2872
2813
2851
2815
2815
2811
2789
2864
2815
2829
2835
2818
2819
0
0
0
0
0
0
0
0
0
0
0
0
2801
2851
2805
2855
2821
2800
303
801
0
0
0
0
2848
2811
2837
2720
2862
2814
2811
2866
2812
2861
2822
2800
2761
2851
2826
2861
2616
2138
2032
0
0
0
0
0
2820
2853
2815
2819
2834
2811
2850
2817
2819
2850
2815
2826
2834
2819
2859
2865
2843
2850
2844
2861
2811
2817
2845
2847
0
0
0
0
0
0
0
0
0
0
0
0
0
0
0
0
0
0
0
0
0
0
0
0
2833
2819
2865
2930
2800
2839
2817
2815
2845
2832
2829
2827
0
0
0
0
0
0
431
0
647
0
1983
2423
2845
2814
2836
2814
2815
2845
2814
2841
2816
2811
2843
2847
2800
2865
2831
2837
2811
2817
2848
2819
2833
2823
2818
2811
2824
2815
2802
2824
2823
2830
2821
2861
2818
2817
2834
2885
0
0
0
0
0
0
0
0
0
0
13
0
2815
2826
2829
2812
2861
2815
2826
2829
2815
2850
2795
2820
2919
2819
2835
2832
2815
2850
2815
2818
2825
2817
2859
2853
0
0
0
0
0
0
0
0
0
0
0
0
0
0
0
0
0
0
0
0
0
0
0
0
2815
2831
2802
2858
2821
2797
2835
2816
2833
2813
2800
2813
1414
1586
1023
1732
1478
2815
2815
2829
2739
2982
2817
2800
2809
2821
2818
2821
2823
2858
2819
2811
2859
2817
2859
2899
2819
2855
2819
2817
2838
2813
2850
2817
2815
2838
2816
2816
2832
2763
2838
2850
2799
2839
2823
2848
2811
2815
2864
2849
2814
2831
2820
2863
2825
2819
2832
2817
2858
2817
2817
2813
2821
2815
2836
2818
2845
2819
2814
2842
2815
2848
2817
2819
2873
2819
2817
2837
2816
2855
2818
2816
2842
2809
2858
2855
2510
2096
2448
2496
1695
2384
2129
2422
2351
1567
2505
2458
2149
2821
2853
2810
2815
2219
2817
2861
2826
2810
2448
2559
2820
2832
2825
2860
2826
2821
2838
2822
2851
2821
2814
2817
2767
2035
2032
2790
2856
2823
2816
2836
2815
2853
2820
2819
1714
1670
1792
709
1856
1744
1507
1769
688
1751
1868
1848
2821
2849
2815
2817
2475
2818
2850
2865
2816
2231
2819
2679
2841
2822
2854
2816
2815
2845
2821
2861
2820
2823
2837
2843
574
0
993
1018
534
1252
145
1405
1440
1731
1936
1931
0
0
0
0
0
0
0
0
0
71
0
0
2841
2811
2821
2848
2816
2839
2819
2815
2835
2823
2839
2838
0
0
0
0
0
0
0
0
0
0
0
0
2869
2813
2838
2815
2816
2841
2853
2845
2815
2817
2846
2832
2817
2852
2817
2820
2821
2814
2853
2819
2828
2818
2813
2807
2439
2823
2843
2817
2835
2765
2816
2845
2803
2834
2817
2818
0
0
0
0
0
0
0
0
0
0
0
0
0
0
0
0
0
0
0
0
0
0
0
0
2887
2818
2815
2829
2817
2861
2818
2819
2820
2816
2863
2865
119
0
0
192
0
150
0
0
144
0
174
242
0
0
0
0
0
0
0
0
0
106
0
0
2832
2820
2818
2850
2819
2819
2832
2817
2849
2827
2819
2827
0
0
0
0
0
22
146
0
0
0
947
1051
0
1056
1161
784
1075
0
1123
882
696
1152
0
335
2814
2869
2819
2819
2850
2822
2859
2821
2818
2832
2729
2817
2823
2821
2943
2815
2817
2832
2820
2863
2817
2817
2832
2832
134
0
0
0
0
0
0
0
0
0
495
615
722
423
0
265
0
0
176
0
52
0
0
0
2861
2819
2818
2830
2861
2833
2820
2833
2832
2816
2864
2864
0
0
0
0
0
0
0
0
0
0
0
0
0
413
0
0
588
0
656
266
826
849
0
0
2818
2831
2817
2855
2817
2819
2736
2805
2867
2816
2753
2815
0
0
0
0
623
1155
1128
0
2811
2864
2820
2833
913
1633
1614
912
1853
1130
1779
1812
688
0
0
0
2245
1520
1955
2098
1019
1872
1408
1383
1217
209
896
659
2837
2811
2874
2775
2800
2827
2818
2864
2817
2819
2834
2836
0
0
0
0
0
0
0
0
0
0
0
0
0
41
0
0
0
0
0
0
0
0
0
0
2850
2771
2815
2832
2815
2853
2821
2811
2832
2817
2857
2852
0
0
0
0
0
0
0
0
0
0
0
0
2854
2820
2832
2818
2817
2839
2842
2819
2819
2816
2850
2850
2812
2859
2818
2855
2822
2813
2837
2818
2862
2823
2842
2814
0
0
0
1487
1936
2298
2805
2837
2815
2836
2816
2794
0
0
0
0
0
0
0
0
0
0
0
0
2823
2540
2127
2089
979
1535
1328
1200
1071
0
1030
685
2838
2823
2836
2830
2819
2880
2827
2830
2819
2810
2848
2850
0
0
0
0
0
0
0
0
0
0
0
0
0
0
0
0
0
0
0
0
0
233
0
0
2819
2825
2816
2848
2816
2818
2829
2814
2864
2807
2814
2813
0
0
0
0
0
0
0
0
0
0
0
0
2851
2817
2819
2827
2810
2855
2813
2811
2881
2813
2855
2864
2812
2841
2815
2833
2819
2809
2847
2821
2821
2830
2816
2815
2811
2820
2861
2764
2842
2832
2820
2858
2809
2815
2829
2831
0
0
0
0
0
0
0
0
0
0
0
0
0
0
0
0
0
0
0
0
0
0
0
1
2861
2816
2820
2832
2815
2859
2883
2816
2832
2817
2863
2864
363
0
0
234
0
208
0
0
282
0
274
208
1579
1989
1047
2196
2312
1761
2647
1993
2800
2817
2596
2730
2827
2816
2805
2843
2826
2829
2821
2814
2849
2816
2823
2832
0
0
0
0
0
0
0
0
815
0
2818
2815
631
1809
1888
1397
1752
459
1813
1776
1343
1759
833
807
2821
2858
2821
2819
2326
2812
2848
2686
2635
2069
2531
2309
2831
2807
2858
2818
2817
2823
2818
2855
2804
2822
2832
2823
0
0
0
0
0
0
0
0
0
0
0
0
0
0
0
0
0
0
0
0
0
0
0
0
2859
2832
2812
2832
2816
2862
2818
2807
2836
2817
2853
2862
2812
2866
2843
2800
2842
2320
1009
1703
0
0
0
0
2905
2815
2861
2817
2815
2833
2839
2863
2816
2818
2839
2835
2811
2834
2812
2861
2825
2817
2877
2817
2866
2818
2810
2827
1259
1294
0
2510
2866
2826
2806
2832
2815
2859
2803
2826
0
0
0
0
0
0
0
0
0
0
0
0
2559
2032
2224
1968
837
1775
1025
1013
915
0
432
275
787
0
0
0
0
0
0
0
0
0
0
0
0
0
0
0
0
0
0
0
0
0
0
0
0
0
0
0
0
0
385
0
548
80
887
1035
2839
2816
2826
2847
2817
2839
2818
2811
2847
2820
2839
2837
0
0
0
0
0
0
0
0
0
0
0
0
2850
2817
2831
2823
2815
2855
2815
2825
2819
2813
2837
2853
2811
2842
2819
2845
2821
2810
2837
2830
2839
2818
2822
2811
1802
2288
864
2827
2849
554
2819
2839
2818
2803
2810
2817
0
0
0
0
0
0
0
0
0
0
0
0
0
0
0
0
0
0
0
0
0
0
0
0
479
1559
1320
1349
1359
497
1366
1104
1105
1405
410
397
1879
679
1875
2007
1680
1639
1340
2374
2380
1915
2446
2496
2503
2817
2611
2807
2832
2821
2816
2858
2826
2805
2823
2830
2822
2823
2818
2853
2820
2821
2832
2817
2851
2819
2814
2818
0
0
0
0
0
0
0
855
2817
2849
399
2818
2857
2817
2818
2825
2815
2855
2832
2823
2827
2813
2853
2876
2811
2840
2825
2821
2439
2815
2559
2800
2815
2195
2704
2741
2832
2819
2869
2815
2807
2830
2817
2855
2819
2819
2833
2834
0
0
0
0
0
0
0
0
0
0
0
0
0
0
0
0
0
0
0
0
0
0
0
0
2843
2817
2833
2818
2813
2848
2815
2827
2827
2818
2847
2839
2817
1989
2799
2821
2303
2768
2840
1996
919
0
554
0
2826
2813
2861
2815
2811
2829
2816
2850
2818
2819
2830
2827
2821
2829
2817
2859
2816
2823
2833
2818
2865
2822
2818
2820
0
0
0
0
0
0
0
2103
2499
375
2827
2811
1767
2146
1917
0
0
0
0
0
0
0
0
0
0
0
0
0
0
0
0
0
0
0
0
0
2832
2801
1677
2103
0
0
0
0
0
0
0
0
0
0
0
0
0
0
0
0
0
0
0
256
574
511
0
464
0
511
856
421
1262
768
1648
1776
2851
2822
2815
2826
2813
2855
2810
2816
2830
2819
2857
2867
0
0
0
0
0
0
0
0
0
0
0
0
2833
2815
2859
2822
2820
2830
2815
2861
2842
2815
2839
2832
2823
2832
2817
2862
2826
2819
2841
2815
2855
2838
2814
2777
2815
2842
2836
2809
2851
2820
2819
2843
2819
2857
2820
2822
0
0
0
0
0
0
0
0
0
0
0
0
0
0
0
0
0
0
0
0
0
0
0
0
2838
2815
2851
2820
2809
2837
2819
2839
2817
2817
2845
2841
1379
587
1506
824
1333
1476
587
1419
946
1424
1435
1564
2814
2818
2844
2819
2827
2826
2818
2850
2819
2825
2817
2817
2852
2823
2813
2843
2812
2857
2817
2804
2836
2816
2864
2858
0
0
0
0
0
0
0
0
0
0
0
1559
2845
2811
2843
2814
2814
2839
2815
2843
2814
2818
2843
2838
0
0
0
0
0
0
0
0
0
0
0
0
2838
2823
2842
2817
2848
2819
2817
2833
2823
2847
2821
2816
0
0
0
0
0
0
0
0
0
0
0
0
0
0
0
0
0
0
0
0
0
0
0
0
2846
2830
2821
2819
2818
2848
2813
2830
2821
2819
2845
2854
2811
2852
2818
2815
2829
2812
2855
2814
2811
2817
2816
2838
2823
2828
2860
2817
2817
2832
2751
2857
2819
2821
2827
2832
2827
2820
2817
2848
2817
2832
2826
2817
2846
2816
2825
2832
2813
2827
2815
2813
2851
2817
2830
2819
2817
2837
2814
2815
0
0
0
0
0
0
0
0
0
0
0
0
0
0
0
0
0
0
0
0
0
0
0
0
2813
2801
2857
2803
1623
2498
727
0
0
675
0
0
0
0
0
0
0
0
0
0
0
0
0
751
0
0
0
0
0
0
0
0
0
0
1052
1922
2850
2815
2818
2827
2812
2863
2820
2815
2831
2814
2858
2851
0
0
0
0
0
0
0
0
0
0
0
0
2833
2819
2860
2819
2816
1882
1781
684
1076
1301
803
1023
2849
2820
2800
1191
1634
1515
944
954
0
0
0
0
2816
2819
2832
2814
2860
2803
2811
2825
2814
2855
2791
2816
656
2559
2818
2830
2818
2863
2814
2813
2299
2813
2864
2853
0
0
0
0
0
0
0
0
0
0
12
855
2825
2811
2864
2817
2810
2823
2815
2856
2815
2815
2550
2813
1651
1023
1856
1742
2511
2638
2255
2813
2853
2752
2818
2816
2818
2817
2799
2815
2852
2815
2815
2831
2817
2849
2800
2815
2854
2818
2814
2828
2815
2858
2818
2817
2831
2805
2864
2859
2825
2854
2814
2827
2837
2819
2847
2823
2821
2897
2832
2821
0
0
0
0
0
0
0
0
0
0
0
0
0
0
0
0
0
0
0
0
0
0
0
0
2821
2815
2835
2810
2862
2819
2818
2833
2814
2858
2803
2820
0
0
0
0
0
0
0
0
0
0
0
0
0
0
0
0
0
0
0
0
0
0
0
0
2832
2815
2866
2817
2819
2833
2805
2864
2809
2813
2833
2834
2448
1427
2416
1952
2142
2192
1393
2208
2144
2303
2410
2488
2825
2819
2832
2816
2885
2813
2816
2832
2809
2861
2819
2817
2839
2819
2815
2853
2814
2836
2817
2807
2848
2817
2826
2817
2802
2896
2831
2753
973
303
0
0
0
0
0
2087
0
0
0
0
0
0
0
0
0
0
0
0
0
0
0
0
0
0
0
0
0
0
0
0
2807
2816
2839
2818
2861
2817
2807
2864
2861
2857
2798
2818
2849
2820
2733
0
0
0
0
0
0
0
0
0
1727
1360
1955
2428
1867
2814
2843
2822
2814
2832
2815
2805
2837
2814
2810
2817
2733
2833
2815
2847
2823
2815
2839
2845
2828
2839
2819
2854
2807
2814
2846
2816
2836
2825
2821
2815
0
0
0
0
0
0
0
0
1664
1962
1777
720
2808
1119
1471
0
0
0
0
0
0
0
0
0
0
0
1091
2184
2203
2799
2854
2816
2818
2835
2815
2814
0
0
0
0
0
0
0
0
0
0
0
0
2813
2848
2814
2824
1168
0
0
0
0
0
0
0
2845
2807
2847
2816
2821
2821
2817
2847
2827
2801
2812
2827
2827
2691
2817
2859
2817
2814
2751
2816
2828
2763
2554
2590
99
384
1813
2818
2845
2811
2822
2814
2811
2839
2797
2819
2838
2815
2846
2821
2815
2837
2814
2835
2816
2834
2838
2843
0
0
0
0
0
595
0
1232
1056
1328
1577
1523
0
0
0
0
0
0
0
0
0
0
0
0
0
0
0
0
0
0
0
0
0
0
400
1904
2814
2822
2821
2815
2854
2813
2825
2820
2815
2832
2816
2816
0
0
0
0
0
0
779
1186
699
1151
0
0
26
0
0
310
0
33
0
0
112
0
474
955
2821
2821
2854
2817
2823
2821
2804
2870
2895
2863
2837
2822
2819
2827
2817
2857
2811
2818
2830
2811
2853
2819
2817
2827
0
0
0
0
0
0
0
0
0
0
0
0
2847
2815
2848
2815
2817
2843
2813
2835
2821
2825
2846
2848
2819
2848
2802
2830
2503
2816
2930
2820
2819
2775
2295
2822
0
0
0
0
0
0
0
0
0
0
0
0
0
0
0
0
0
0
0
0
0
0
0
0
2820
2815
2822
2813
2864
2786
2879
2827
2845
2875
2818
2812
2862
2820
2770
2817
2814
2870
2815
2819
2828
2815
2864
2864
2819
2843
2822
2813
2828
2816
2862
2812
2817
2822
2819
2816
2827
2819
2860
2818
2809
2821
2818
2859
2815
2815
2832
2822
0
0
0
0
0
0
0
0
0
0
0
0
0
0
0
0
0
0
0
0
0
0
0
0
2865
2800
2802
2829
2838
2817
2823
2850
2120
1035
58
0
639
0
0
1175
413
1079
810
2810
2806
2663
2835
2821
0
0
0
0
0
0
0
0
0
0
0
0
2813
2832
2814
2862
2816
2816
2829
2816
2867
2815
2815
2813
2814
2814
2837
2816
2848
2819
2819
2839
2820
2845
2816
2828
2853
2822
2815
2835
2832
2858
2815
2817
2837
2822
2855
2848
2815
2857
2821
2882
2820
2817
2864
2817
2835
2848
2816
2818
2834
2827
2854
2820
2819
2834
2817
2853
2832
2817
2833
2842
2824
2842
2818
2849
2819
2816
2847
2819
2852
2822
2815
2821
0
0
0
0
0
0
0
0
0
83
0
0
2832
2822
2817
2846
2801
2832
2800
2822
2845
2779
2839
2835
2817
2845
2816
2815
2809
2819
2857
2819
2814
2846
2821
2819
1535
2816
2850
2842
807
0
0
0
0
1023
259
0
2819
2813
2832
2832
2599
2880
2849
2816
2817
2831
2819
2817
2826
2811
2789
2815
2830
2825
2822
2851
2822
2821
2818
2828
0
0
239
0
0
0
0
0
0
385
409
880
1263
1306
1023
1383
0
835
232
0
0
0
0
0
2823
2822
2917
2832
2910
2845
2825
2832
2823
2819
2852
2850
777
0
0
185
0
656
0
729
642
649
705
257
830
955
0
599
454
0
527
0
752
528
465
550
0
0
0
0
0
0
0
0
0
0
0
0
48
2072
1809
2098
1344
2822
2826
2821
2879
2853
2859
2818
0
0
0
0
0
0
0
0
0
0
0
0
2816
2851
2819
2819
2415
2820
2848
2816
2816
2440
2747
2375
2817
2818
2851
2818
2815
2832
2820
2853
2818
2816
2830
2832
0
0
0
0
0
0
0
0
0
0
0
0
2546
2672
2435
2730
1707
2815
2829
2673
2818
2395
2769
2688
2845
2820
2826
2826
2810
2852
2817
2832
2819
2814
2850
2845
2448
1313
2286
1928
1763
1856
623
1326
714
621
1262
1351
0
855
0
791
365
0
694
109
1779
2384
2371
2731
2820
2837
2817
2857
2818
2819
2835
2666
1247
2405
2815
2815
2864
2839
2862
2863
2854
2802
2491
403
2160
0
0
0
0
419
2144
2821
2823
2854
2224
832
0
883
1799
2858
2746
755
397
0
0
0
0
976
1308
637
340
0
2826
2797
2854
2813
2816
2832
2818
2864
2921
2741
2877
2831
2818
2611
2690
1532
2535
2819
1863
2816
1375
2032
1591
1152
598
464
0
280
0
301
489
0
368
0
470
323
2857
2817
2821
2830
2818
2855
2833
2821
2826
2821
2864
2855
312
0
489
360
0
1795
1364
1763
2404
2832
2819
2832
306
743
0
775
779
0
738
14
629
812
1
0
2826
2827
2820
2858
2819
2818
2826
2813
2856
2818
2816
2826
2833
2842
2819
2817
2855
2818
2815
2832
2842
2855
2821
2793
0
716
1043
561
1063
74
1008
1515
809
1439
877
1104
0
0
0
0
0
0
0
0
0
0
0
0
2112
2579
1229
2199
2080
1889
2153
1073
2205
2176
1687
1581
0
0
0
0
0
0
0
0
0
0
0
0
0
0
0
0
0
0
0
0
0
0
0
0
0
0
0
0
0
0
0
0
0
0
0
0
1065
2849
2817
2815
2842
2826
2845
2818
2803
2848
2818
2947
0
0
0
0
0
0
0
0
0
0
0
0
2811
2835
2815
2859
2811
2816
2711
2815
2839
2819
2869
2818
2832
2814
2842
2817
2857
2809
2823
2838
2819
2854
2816
2825
2815
2821
2832
2839
2864
2852
2822
2815
2842
2819
2834
2830
626
0
533
624
0
849
335
1088
1161
592
1494
1584
2834
2819
2849
2826
2820
2845
2815
2845
2821
2818
2845
2849
1407
1815
2289
1696
0
2735
2034
2815
2697
1720
2128
2007
2811
2802
1411
1447
149
0
0
0
0
0
0
0
96
625
641
0
0
0
0
70
0
1159
658
937
0
0
0
816
0
0
0
0
1344
1391
2242
2812
0
0
0
0
0
0
149
352
1324
1840
1241
1761
1346
0
103
0
0
0
0
0
0
0
0
0
2823
2818
1915
2623
2218
2559
2721
1923
2733
2321
2544
2512
2845
2819
2820
2842
2813
2854
2822
2819
2838
2817
2857
2848
1260
881
1431
1742
1159
2115
2230
2813
2817
2826
2820
2800
1395
2669
2851
2765
2796
2773
2805
2809
2820
2818
2851
2854
2783
2303
2798
2858
1829
2805
2847
2815
2839
2821
2801
2818
0
0
0
0
0
0
0
0
0
0
0
0
2829
2825
2817
2849
2819
2831
2779
2816
2859
2821
2818
2815
2810
2803
2828
2814
2842
2817
2863
2832
2821
2864
2818
2818
0
0
0
0
0
0
0
0
0
0
0
0
0
0
0
0
0
0
0
0
0
0
0
0
2831
2791
2864
2824
2825
2826
2827
2863
2817
2818
2826
2828
378
0
581
0
441
432
0
415
0
336
256
397
726
722
419
589
0
641
614
221
800
0
845
752
2848
2817
2835
2821
2838
2845
2818
2837
2827
2825
2851
2848
0
803
1709
1652
0
2822
2864
2816
1895
2835
2821
2816
0
451
0
300
361
0
272
0
419
288
0
0
1817
1311
1703
319
1581
1412
731
1341
293
1254
1223
897
2820
2814
2832
2806
2866
2823
2817
2832
2823
2871
2821
2823
0
710
709
0
645
0
1181
1200
673
1214
435
839
0
0
0
0
0
0
0
0
112
0
112
294
2832
2819
2867
2819
2875
2832
2818
2864
2672
2064
942
599
672
0
0
0
0
0
0
0
0
1136
2064
2675
0
0
0
0
0
0
0
0
0
0
336
846
2858
2815
2815
2842
2818
2864
2819
2815
2832
2818
2864
2858
0
1386
1572
1040
0
1699
872
2523
2826
2832
2818
2818
1921
1685
0
0
0
0
0
0
0
0
0
0
0
0
783
82
1661
1808
1503
1712
272
1150
868
388
2818
2818
2837
2818
2863
2822
2826
2836
2818
2846
2809
2830
2816
1457
190
0
0
0
0
0
0
0
0
0
1453
707
1680
1354
285
38
0
0
0
0
0
0
2732
2786
2854
2815
2821
2837
2816
2841
2819
2821
2826
2829
211
0
0
0
0
0
0
1920
2853
2816
2815
2818
447
1744
2559
2839
2845
2815
2816
2851
2810
1824
1385
0
1739
2351
1808
1023
1610
1121
2211
2438
2247
2822
2864
2861
2816
2864
2934
2819
2826
2829
2860
2832
2818
2829
2817
2816
0
999
145
1207
890
105
655
0
0
0
0
0
99
0
0
0
0
0
0
0
0
0
368
642
2823
2816
2838
2821
2870
2824
2816
2839
2815
2861
2815
2823
1720
1958
2031
1127
2112
1844
2172
2509
2244
2819
2849
2810
432
0
0
44
0
126
0
0
176
0
0
0
2843
2815
2862
2815
2817
2835
2819
2856
2817
2821
2365
2425
1358
159
1727
1088
1808
1488
737
2433
1668
2384
1407
2817
256
395
0
187
0
0
211
0
0
0
0
0
2850
2761
2818
1983
2755
2168
2545
2511
1515
2251
1936
1698
2823
2857
2825
2818
2839
2825
2855
2812
2821
2834
2826
2821
0
0
0
0
83
0
0
0
0
112
0
0
0
0
0
0
0
0
0
0
0
0
12
173
2819
2827
2837
2816
2858
2818
2822
2843
2822
2861
2832
2823
0
0
0
0
0
0
0
0
0
0
0
0
471
109
0
442
0
388
324
0
610
0
631
562
2846
2822
2855
2822
2821
2841
2811
2842
2819
2821
2703
2844
1867
1167
1556
255
2827
2818
2139
2821
2834
2792
2800
2780
0
0
0
0
0
0
0
0
0
0
0
0
2832
2544
2606
1361
2334
2080
1663
1904
725
1695
1656
2052
2819
2891
2817
2818
2832
2815
2858
2817
2817
2848
2823
2841
0
0
0
0
234
0
858
880
842
1438
770
669
0
0
0
0
0
0
0
0
0
0
0
0
2822
2813
2855
2818
2833
2823
2818
2854
2819
2833
2821
2829
2344
2248
2154
1621
2445
2138
855
2088
1755
1927
2280
2848
1650
1669
1197
1526
399
1586
1640
1071
1584
427
1446
1560
1279
2455
2312
1871
2288
1089
2352
2304
1776
2275
1136
1023
2803
2862
2815
2832
2818
2803
2877
2817
2817
2825
2819
2819
0
16
0
0
0
0
193
0
0
152
0
0
873
409
593
0
341
368
0
115
0
0
12
0
2820
2832
2821
2818
2854
2819
2831
2819
2820
2855
2822
2819
0
0
0
0
0
0
0
0
0
0
0
0
0
0
0
0
0
0
0
0
0
0
0
0
2819
2817
2859
2816
2819
2831
2818
2850
2817
2822
2826
2843
0
0
0
0
0
0
0
128
0
327
328
1511
773
928
495
815
0
784
903
501
935
71
879
1042
1535
2589
2512
2035
2305
1051
2269
2192
1875
2293
1045
1059
2826
2864
2825
2814
2832
2827
2866
2823
2821
2826
2817
2813
0
322
0
0
272
0
400
0
657
843
272
0
0
0
0
0
0
0
0
0
0
0
0
0
2818
2815
2832
2812
2859
2819
2816
2817
2816
2869
2817
2815
2864
2826
2813
2830
2813
2853
2834
2813
2831
2821
2864
2861
1773
999
1889
1853
1455
2046
1233
2078
2230
1386
2126
2096
2832
2818
2864
2825
2816
2843
2816
2861
2832
2818
2839
2842
2827
2784
2811
2857
2820
2815
2290
2823
2859
2833
2753
2825
295
480
0
379
59
0
391
0
559
22
128
0
1474
1070
1229
0
1172
786
533
671
0
476
381
336
2818
2860
2825
2817
2839
2817
2844
2817
2847
2798
2818
2800
0
0
0
0
0
0
0
0
0
0
0
0
0
0
0
0
0
0
0
0
176
0
71
247
2816
2817
2151
2813
2843
2659
2822
2017
2801
2843
2672
2700
0
0
0
0
0
0
0
0
0
0
0
0
9
0
0
0
0
0
0
0
98
0
0
162
897
1996
1764
1781
1991
871
1807
1652
1597
1759
755
643
2703
1671
2484
2853
2812
2822
2223
2830
2852
2822
2818
2817
527
676
0
685
592
0
735
0
865
772
337
451
2861
2646
2847
1856
1734
2128
2244
1056
0
1583
704
1416
2823
2855
2816
2823
2838
2818
2857
2820
2819
2834
2820
2817
227
1381
1585
1360
1855
528
1719
1994
1671
2128
995
1616
336
0
345
400
0
435
0
553
608
0
766
707
2821
2817
2847
2813
2835
2817
2815
2847
2819
2833
2823
2821
1776
1121
1492
781
1609
1347
51
1727
1056
0
1487
1939
0
0
0
0
0
0
0
0
0
0
0
0
2854
2816
2819
2830
2819
2858
1840
599
0
462
48
1719
2815
2847
2820
2834
2818
2819
2847
2818
2835
2823
2817
2818
2257
2823
2865
2827
2817
2839
2821
2862
2331
2047
1423
1215
2817
2826
2815
2859
2815
2827
2832
2823
2862
2807
2822
2815
1790
2822
2820
2815
2853
2812
2815
2832
2816
2855
2813
2811
1331
2763
2815
1902
2110
639
1675
1583
974
1313
162
0
218
1023
2822
2819
2827
2816
2867
2822
2825
0
0
0
2837
2815
2857
2395
1714
287
704
260
511
1145
887
2073
0
0
0
0
0
0
0
1627
1129
2015
448
2820
2818
207
0
0
0
0
0
0
0
0
719
1813
1250
1527
847
0
26
0
864
1589
1475
2582
1824
1652
2815
2852
2822
2813
2834
2816
2847
2815
2816
2842
2813
2813
2839
2821
2851
2819
2817
1827
2840
2863
2825
2814
2846
2833
2815
2837
2816
2852
2819
2817
2838
2818
2857
2816
2817
2822
2818
2816
2838
2819
2855
2791
2817
2842
2817
2846
2819
2822
2488
2665
2583
1578
2096
1332
1768
1773
1005
1644
768
1216
830
768
455
752
0
688
922
623
1219
0
1035
871
2696
2676
2768
2273
2480
1307
2419
2464
1771
2322
1223
1555
2822
2845
2815
2721
2824
2818
2843
2849
2844
2821
2819
2817
0
0
0
0
0
0
0
0
0
0
0
0
2814
2830
2801
2858
2829
2815
2830
2817
2864
2821
2817
2853
2818
2823
2826
2815
2851
2813
2818
2819
2819
2851
2813
2816
1263
2726
2832
1935
2896
1811
1584
1618
1731
2660
7
992
0
0
0
0
0
0
0
0
353
0
395
625
2829
2818
2849
2821
2832
2818
2819
2846
2807
2821
2820
2827
0
0
0
0
0
0
0
0
0
0
0
0
0
0
0
0
0
0
0
0
0
0
0
0
2853
2820
2779
2830
2817
2864
2818
2817
2828
2821
2863
2853
2809
2838
2823
2834
2812
2864
2832
2821
2838
2832
2814
2811
2064
2416
1141
2207
2309
1815
2255
991
2295
2181
1464
1575
2826
2800
2818
2832
2625
2660
2011
2683
1495
2639
2664
2608
2819
2832
2821
2814
2857
2815
2783
2832
2812
2863
2809
2821
0
617
746
387
939
286
1194
1199
777
255
704
579
0
0
0
0
0
0
0
0
112
0
163
279
2836
2813
2866
2818
2815
2837
2818
2845
2818
2790
2641
2843
912
414
866
0
0
1068
415
768
1472
2368
2816
2815
0
0
0
0
0
0
0
0
0
0
0
0
2861
2818
2818
2502
2821
2861
2823
2821
2390
2819
2855
2855
2822
2864
2818
2816
2855
2815
2853
2819
2817
2831
2815
2817
2838
2816
2862
2822
2822
2896
2825
2869
2818
2815
2838
2843
0
0
0
0
0
0
0
0
0
0
636
794
2813
2818
2832
2816
2855
2811
2815
2830
2816
2855
2819
2823
0
0
0
0
0
0
0
0
0
0
0
0
1365
103
1157
1216
727
1319
112
1488
1616
1157
1911
2033
535
763
0
511
728
0
1138
608
1517
1746
1079
1311
0
0
0
240
961
107
0
2826
2835
2994
2901
2832
0
0
0
0
0
0
0
0
0
0
0
0
2861
2815
2814
2798
2817
2858
2821
2817
2589
2817
2853
2864
2813
2854
2815
2871
2833
2801
2851
2800
2818
2835
2815
2813
1927
2384
1896
2683
2817
1723
2442
2878
2817
2858
2087
1888
2126
1105
2151
1994
1867
2253
1309
2435
2312
2223
2704
2586
2811
2816
1491
2134
1667
1771
1938
1043
1909
1736
2090
2157
0
0
0
0
0
0
0
0
0
0
0
0
898
912
1101
1729
742
2161
2256
2192
2491
1469
2415
2005
0
0
0
0
0
0
0
202
0
1172
286
623
2832
2383
2831
2879
2845
2845
2832
2864
2896
2823
2819
2811
2791
2817
2415
2813
2832
2819
2818
2858
2826
2831
2818
2829
2833
2375
2128
445
839
464
0
261
0
559
704
1088
2835
2817
2816
2843
2848
2817
2834
2817
2826
2832
2820
2800
0
1488
0
0
0
0
0
197
0
848
0
0
1914
463
1493
1484
1255
1661
471
1338
1289
511
1183
775
0
529
0
850
1057
975
1360
347
1431
1552
1362
1871
0
0
0
0
0
0
0
0
0
0
0
0
0
0
0
0
0
0
0
0
0
0
0
0
2860
2821
2822
2851
2800
2901
2806
2815
2829
2815
2848
2855
2800
2865
2821
2817
2842
2818
2864
2815
2824
2826
2813
2815
336
974
0
1007
801
0
878
105
1072
1088
553
855
2829
2534
2821
2840
2723
2818
2155
2819
2864
2822
2821
2821
2811
2817
2840
2833
2861
2818
2822
2834
2815
2858
2827
2791
0
466
396
455
679
0
0
1177
592
1294
103
471
305
0
0
443
0
283
0
323
399
0
559
711
0
587
52
368
603
0
570
14
494
777
0
0
134
0
0
528
875
0
1071
2264
1804
1328
2813
2821
0
0
0
0
0
0
0
0
0
0
0
0
2873
2825
2773
2827
2821
2864
2818
2809
2849
2815
2863
2865
2827
2861
2820
2815
2832
2817
2858
2816
2813
2836
2818
2813
1783
2183
1446
1940
2068
1223
2038
1449
2053
1905
832
1172
0
0
0
0
0
0
0
0
0
0
0
139
2807
2815
2842
2817
2852
2811
2816
2842
2815
2846
2828
2807
0
0
0
0
0
0
0
0
0
0
154
0
0
0
0
0
0
0
0
0
0
0
0
0
2027
2726
2184
2647
2815
2007
2692
1968
2112
2067
1311
1360
0
0
2086
960
2189
2879
2833
2833
2877
2845
2848
2897
557
749
0
731
692
714
822
0
701
384
0
359
2851
2811
2694
2835
2791
2847
2812
2803
2841
2816
2841
2340
2800
2836
2823
2819
2838
2811
2821
2823
2811
2855
2816
2812
814
1716
556
0
2039
0
911
0
963
1347
419
937
0
0
0
0
0
0
0
0
0
0
93
272
0
0
0
0
0
0
0
0
0
0
0
0
112
0
0
0
0
0
0
0
0
0
0
0
0
0
0
0
0
0
0
0
0
0
0
0
1066
2720
2790
2821
2814
2850
2817
2816
2819
2768
2833
2880
2814
2864
2820
2819
2838
2821
2857
2829
2829
2830
2826
2815
1531
1816
592
1812
1904
1618
2244
1015
2366
2434
2126
2366
1336
767
689
0
0
0
0
0
0
0
0
0
2826
2843
2819
2829
2849
2809
2858
2821
2819
2855
2820
2834
0
0
0
0
0
0
0
0
0
0
0
0
2813
2854
2823
2818
2832
2816
2885
2815
2816
2814
2822
2819
2256
2822
2860
2819
2817
2832
2818
2859
2817
2814
2828
2818
0
0
0
0
0
0
0
480
0
1007
2631
2816
0
0
0
0
0
0
0
0
0
0
0
0
2849
2770
2818
2837
2820
2841
2819
2814
2843
2736
2799
2839
2815
2905
2818
2815
2832
2817
2864
2816
2819
2832
2813
2821
2827
2811
2864
2651
2214
1355
1458
382
1200
1047
415
0
2822
2832
2916
2863
2690
2449
1531
1982
819
1622
1141
1050
2794
2813
2787
2818
2864
2816
2817
2832
2811
2864
2817
2823
604
1616
1946
1294
2167
1808
2631
2820
2027
2820
2835
2857
0
0
0
0
0
0
0
0
0
0
0
0
0
0
0
0
0
0
0
0
0
0
0
0
2624
752
111
2837
2839
2874
2255
2815
2815
2864
2852
2838
2291
2513
1811
2640
1849
2820
2832
2354
2819
2864
2821
2752
2839
2819
2799
2841
2816
2845
2815
2818
2822
2822
2842
2826
2827
2834
2822
2818
2852
2814
2825
2819
2816
2850
2822
2813
0
0
0
0
0
0
0
0
0
0
0
0
0
0
0
0
0
0
0
0
0
0
0
0
2824
2811
1611
2811
2831
1883
1810
1079
2024
59
0
0
0
0
0
0
0
0
0
0
0
0
0
0
1343
1504
1413
1635
127
467
0
0
0
0
0
0
2850
2820
2825
2819
2819
2850
2816
2832
2827
2816
2850
2850
2835
2870
2816
2809
2848
2823
2863
2958
2816
2839
2815
2817
1679
1749
272
1477
2060
2547
2826
2848
2785
2829
2539
2780
2821
2822
2818
2851
2816
2827
2826
2814
2853
2819
2843
2815
2818
2775
2827
2820
2864
2819
2818
2825
2814
2859
2753
2822
0
725
544
0
891
304
999
1012
624
1185
160
268
0
0
0
291
0
1040
262
948
776
0
875
1175
0
0
0
0
0
0
0
0
0
0
0
0
867
0
747
176
0
305
0
987
62
581
903
1584
2112
2139
1487
2228
1433
2398
2343
1625
2442
1504
2155
2291
2861
2818
2823
2830
2813
2858
2821
2819
2832
2821
2858
2864
2817
2864
2930
2800
2860
2810
2769
2790
2779
2837
2802
2813
2834
2821
2851
2818
2821
2832
2815
2864
2816
2814
2839
2839
736
0
545
16
549
709
0
880
441
1035
1211
1559
2819
2818
2119
2807
2586
2342
2519
1245
2071
1802
1535
1616
0
0
195
0
190
0
0
528
0
476
241
199
0
0
0
0
0
0
0
0
0
0
0
0
2835
2815
2844
2813
2819
2858
2816
2835
2790
2810
2844
2840
0
0
0
0
0
0
0
754
922
0
0
2818
2713
2811
2382
2818
2849
2815
2803
2166
2809
2850
2821
2815
2833
2818
2813
2849
2822
2847
2815
2819
2847
2819
2837
2833
2815
2828
2823
2815
2849
2820
2829
2816
2814
2853
2821
2819
0
0
0
0
0
0
0
0
0
0
0
0
0
0
0
0
0
0
0
0
0
0
0
0
2817
2818
2832
2835
2791
2809
2845
1901
1147
678
0
0
1651
1603
2120
987
1972
1620
903
1072
0
1091
848
490
1421
1304
826
1246
80
1269
1172
791
640
0
0
0
1010
2807
2771
2827
2814
2859
2800
2827
2325
2383
1229
2132
2871
2833
2816
2826
2816
3010
2864
2823
2799
2834
2820
2962
2832
2816
2863
2810
2819
2867
2810
2864
2867
2822
2829
2823
2846
2845
2832
2869
2817
2822
2817
2817
2848
2817
2827
2765
2815
2805
2801
2827
2859
2818
2817
2828
2817
2864
2832
2816
0
0
0
0
0
0
0
0
0
0
0
0
0
0
0
0
0
0
0
0
0
0
0
0
1139
1790
1036
1858
1763
1232
1858
953
1791
1737
1104
939
0
0
0
0
0
0
0
0
0
0
0
0
0
0
0
0
0
0
107
0
196
0
0
0
2861
2817
2816
2831
2817
2864
2818
2815
2832
2818
2861
2864
2818
2853
2820
2817
2845
2830
2855
2815
2866
2832
2815
2942
0
123
283
0
165
0
218
192
0
161
0
0
0
0
0
0
0
0
0
0
0
0
0
0
2819
2816
2813
2819
2857
2818
2815
2559
2818
2864
2820
2822
0
0
0
0
352
0
293
620
0
639
0
155
0
0
0
0
0
0
0
0
0
0
0
0
2833
2819
2864
2816
2833
2832
2817
2761
2817
2817
2832
2845
1462
799
1712
1188
0
1456
1183
1904
1264
0
2821
2821
1006
929
331
838
144
847
976
215
967
292
944
1051
2851
2816
2813
2839
2829
2857
2823
2816
2841
2819
2849
2852
2817
2853
2820
2814
2839
2818
2848
2823
2819
2838
2823
2811
0
0
0
0
0
0
0
0
0
0
0
0
0
0
0
0
0
0
0
0
0
0
0
0
2800
2819
2850
2814
2832
2817
2816
2850
2821
2831
2822
2818
0
0
0
0
0
0
0
163
0
0
0
0
0
0
0
0
0
0
0
0
0
0
0
0
1855
2814
2837
2819
2816
2747
2820
2833
2823
2816
2851
2855
1040
99
2085
1768
1119
1938
1479
2613
2751
2593
2817
2485
720
1206
131
1223
1298
1071
1277
0
1159
1190
399
403
2825
2851
2831
2845
2833
2830
2834
2807
2863
2825
2817
2816
2816
2830
2831
2819
2834
2783
2676
2183
2397
1159
2241
1991
0
371
419
0
654
0
647
0
400
1115
76
186
823
64
1201
1392
1135
1761
813
2116
2352
2179
2629
2821
2818
2817
2850
2819
2838
2786
2818
1759
2591
2448
1872
1663
0
0
0
0
0
241
0
736
0
993
1369
1344
0
0
0
0
0
0
0
0
0
0
0
0
2848
2821
2834
2817
2819
2853
2850
2821
2823
2813
2853
2857
2832
2864
2822
2814
2832
2823
2847
2821
2830
2831
2828
2825
571
641
0
98
0
0
0
0
0
0
0
0
0
0
0
0
0
0
0
0
0
0
0
0
2817
2816
2832
2815
2864
2818
2826
2829
2835
2860
2817
2825
0
0
0
0
0
0
0
0
0
0
0
0
0
0
0
0
0
0
0
0
0
0
0
0
2834
2815
2853
2819
2817
2837
2814
2864
2821
2814
2848
2836
176
0
0
0
0
161
0
0
0
0
463
401
747
586
0
704
0
569
560
0
528
0
581
783
2859
2821
2815
2539
2821
2849
2827
2818
2503
2823
2864
2858
2817
2759
2816
2819
2833
2815
2859
2819
2810
2829
2819
2814
0
0
0
0
0
0
0
0
0
0
0
0
834
0
599
0
144
449
0
384
0
0
432
375
2819
2822
2832
2816
2864
2821
2831
2832
2817
2865
2819
2819
0
1196
1207
615
1395
379
1419
1575
1103
1567
687
816
307
0
440
448
0
703
0
951
1022
897
1231
1274
2351
2817
2848
2743
2792
2155
2593
1483
2758
2527
2082
2087
1727
851
1530
1621
1472
1785
855
2244
2838
2866
2874
2815
1517
1394
738
1429
820
1424
1394
591
1354
876
1368
1296
1008
1317
1264
383
1136
672
987
1089
151
1011
624
686
2815
2864
2820
2814
2834
2834
2864
2811
2817
2834
2818
2817
0
97
0
0
251
0
83
0
0
194
0
0
270
0
45
0
0
0
0
70
0
0
240
363
2818
2821
2841
2820
2851
2816
2826
2842
2816
2850
2819
2824
0
0
0
0
0
0
0
81
0
0
0
0
1088
890
954
1136
369
1201
864
1055
1348
287
1170
1167
2848
2819
2845
2816
2823
2847
2817
2839
2823
2813
2849
2857
890
79
0
1688
2257
2551
0
0
2864
2810
2837
2811
145
397
0
286
176
0
240
0
224
112
0
0
1144
1008
1049
0
969
584
603
681
0
720
466
534
2816
2851
2820
2816
2836
2819
2815
2817
2813
2837
2814
2815
0
177
133
0
0
0
657
760
0
1161
79
183
0
0
0
0
0
0
0
0
80
0
2
71
2552
2819
2265
2672
2720
2315
2696
1430
2656
2538
2227
2213
2036
1749
2074
823
1978
2112
1653
1961
243
1764
2110
1808
0
0
0
0
0
0
0
0
71
0
0
0
2842
2816
2848
2813
2817
2846
2821
2833
2815
2818
2846
2845
2818
2848
2851
2831
2826
2814
2854
2820
2832
2839
2810
2815
0
124
0
0
183
0
79
0
0
109
0
0
1096
538
861
0
331
400
0
359
0
0
374
236
2818
2832
2816
2817
2853
2820
2818
2825
2816
2850
2816
2817
0
0
0
0
68
0
0
46
0
197
0
0
661
0
682
944
503
801
0
864
948
563
1035
962
2823
2820
2889
2821
2831
2820
2815
2849
2817
2834
2818
2826
0
0
0
0
0
0
0
0
0
0
0
0
0
0
0
0
0
0
0
0
0
0
0
0
1299
2357
2240
1727
1982
942
2166
1946
1475
1937
802
643
2828
2855
2818
2927
2834
2817
2862
2819
2811
2832
2817
2829
0
283
0
0
0
0
0
0
0
16
0
0
832
202
797
48
619
581
0
528
193
587
691
720
2845
2818
2826
2819
2864
2558
2836
2647
2235
1161
2649
1681
944
1712
1612
851
1695
1110
1686
1630
703
1923
1232
1584
1423
706
1483
1563
851
1488
960
1813
1773
991
1619
1755
2077
2694
1701
2334
2426
1917
2314
1679
2328
2371
1631
1525
1628
1125
1692
2843
2727
2817
2027
2704
2861
2816
2816
2816
950
936
351
921
0
1037
722
279
807
0
801
879
773
1270
0
0
0
0
0
0
0
0
0
0
2817
2851
2820
2818
2838
2820
2864
2825
2819
2842
2832
2819
0
0
0
0
11
0
0
118
0
91
0
0
807
0
499
449
0
454
0
415
510
0
688
789
2809
2811
2845
2819
2848
2813
2814
2842
2816
2839
2820
2818
0
0
0
0
0
0
0
0
0
0
0
0
944
848
1057
1121
211
1072
802
1003
1214
262
1159
1216
2852
2816
2845
2815
2811
2847
2834
2837
2879
2821
2773
2669
0
681
1383
1258
0
2251
1472
2536
2624
1574
2819
2817
0
0
0
0
0
0
0
0
0
0
0
0
1648
1748
1737
586
1511
1424
1158
1363
153
970
952
896
2832
2848
2818
2819
2845
2821
2842
2822
2825
2848
2808
2817
0
154
0
0
586
0
528
805
635
1187
0
237
1007
536
1253
1040
1093
1345
293
1347
1180
1072
1461
1422
1933
2605
1249
2325
2340
1883
2336
899
2180
2112
1743
1595
1456
1219
1503
285
1296
1224
655
1641
135
1413
1106
1532
869
914
479
800
0
739
920
647
835
0
944
880
2848
2817
2832
2822
2816
2695
2825
2834
2741
2815
2655
2608
2819
2855
1843
2832
2825
2814
2835
2807
2833
2832
2780
2823
0
581
0
433
432
0
493
0
329
448
0
0
680
511
702
0
176
256
0
0
0
0
3
0
2815
2823
2823
2817
2853
2826
2871
2827
2817
2855
2820
2819
0
0
0
0
0
0
0
0
0
0
0
0
495
0
2184
2480
82
534
0
1584
256
0
830
545
2819
2819
2854
2819
2830
2827
2816
2805
2822
2815
2829
2821
114
0
0
0
895
576
46
1201
887
1716
2039
2817
0
0
0
0
0
0
0
0
0
0
0
0
2816
2151
2529
2559
1424
7
1891
1240
0
176
0
0
2818
2851
2829
2802
2834
2815
2858
2817
2821
2839
2816
2818
0
618
0
0
176
0
243
0
724
658
0
0
1311
743
1296
456
702
228
0
0
0
0
898
1613
2818
2818
2834
2816
2853
2821
2816
2838
2822
2848
2822
2817
0
702
680
899
1916
977
2027
1888
823
2256
1679
2718
804
156
1088
1215
542
1235
323
1016
945
304
913
898
1199
2150
1453
2818
2817
2832
2816
2885
2815
2839
2898
2832
2247
2515
2809
2875
2611
2821
2834
2816
2865
2819
2817
2817
1458
1714
576
352
0
0
0
0
825
176
912
454
347
826
647
0
728
273
1018
1248
0
544
0
0
2819
2864
2801
2820
2848
2789
2848
2819
2816
2838
2821
2813
0
0
0
0
345
0
575
15
0
0
0
0
609
0
739
0
447
416
0
612
10
752
740
511
2819
2827
2833
2797
2864
2828
2828
2835
2813
2852
2819
2833
1724
2026
2157
917
1656
1730
1996
2548
1287
2821
2304
2304
745
333
1009
1394
615
1406
1129
1304
1746
1269
2817
2816
0
0
0
0
112
0
390
0
683
1165
570
933
0
0
0
0
658
288
0
0
0
0
0
0
1765
2630
2007
2435
1238
1523
1483
1043
2502
2852
2821
2619
2822
2818
2818
2832
2816
2857
2817
2821
2842
2816
2864
2815
1151
596
1110
983
0
673
343
1557
1991
1597
2593
2815
2834
2816
2846
2816
2815
2798
2838
2857
2821
2822
1727
1199
2743
1733
2529
2838
2816
2818
2843
2819
2874
2822
2854
2794
0
0
0
0
0
0
0
0
0
0
0
0
2845
2831
2822
2837
2806
2832
2646
2815
2857
2815
2835
2827
775
384
507
718
371
1408
968
1232
1103
223
1456
1935
0
0
0
0
0
0
0
0
0
0
0
0
2819
2795
2886
2845
2815
2817
2826
2816
2839
2811
2813
2816
0
0
0
0
0
0
0
0
0
0
0
0
1264
1108
1200
135
1215
784
869
1165
160
1245
1140
1157
2817
2810
2832
2816
2869
2821
2815
2833
2811
2861
2818
2817
1535
2390
2048
2450
2688
1775
2795
2852
2731
2815
2724
2144
0
0
0
0
0
0
0
0
0
0
0
0
2827
2814
2849
2816
2823
2827
2817
2853
2818
2830
2823
2858
0
0
0
0
0
0
0
0
0
0
187
413
2330
2352
1997
2171
1091
2241
2060
1520
1943
999
1763
1740
941
1794
1825
1037
1744
1093
1712
1794
1047
1856
1328
1376
2815
2848
2816
2830
2833
2819
2851
2815
2837
2826
2817
2818
0
0
0
0
0
0
0
0
0
0
0
0
2555
1759
2675
1898
2611
2704
2015
2800
2857
2823
2818
2807
643
701
0
390
0
0
487
0
322
27
0
629
1520
2141
2271
1583
2230
1623
2196
2052
1163
1995
1513
1680
279
0
0
418
0
404
0
0
460
0
532
532
2839
2815
2849
2810
2819
2837
2817
2843
2823
2818
2783
2864
2812
2837
2761
2854
2816
2818
2784
2820
2842
2831
2817
2823
2176
2081
1535
2003
1532
1997
2112
1307
2016
1361
1997
1932
2855
2815
2826
2839
2816
2857
2815
2815
1879
2503
1952
1736
2818
2858
2816
2823
2846
2817
2827
2823
2816
2843
2800
2821
0
0
0
0
0
0
0
0
0
0
0
0
0
0
0
0
0
0
0
0
0
0
0
0
2820
2828
2846
2816
2842
2819
2816
2511
2821
2847
2697
2694
0
0
0
0
0
0
0
0
0
0
0
0
0
0
0
0
0
0
0
0
0
0
0
0
2845
2787
2843
2818
2817
2848
2817
2846
2467
2000
240
0
2816
2854
2816
2841
2822
2819
2824
2818
2845
2815
2819
2817
0
0
0
0
0
0
0
0
0
0
0
0
1296
979
687
0
335
1125
2247
2814
2857
2815
2821
1836
2815
2847
2815
2819
2847
2819
2833
2816
2811
2851
2811
2811
675
1559
1535
1531
1844
0
383
0
0
0
0
0
176
0
655
832
391
919
0
936
1412
1638
2532
2817
1199
1517
531
1701
2096
1931
2469
1471
2546
2712
2321
2478
1812
1229
1429
235
1255
544
639
640
0
0
4
756
2191
1907
1279
1736
535
1800
1980
1676
1899
897
1682
1479
1191
2289
2357
1829
2282
895
2063
2088
1732
2214
1215
951
2819
2867
2819
2823
2835
2820
2839
2815
2817
2837
2817
2815
0
0
0
0
0
0
0
0
0
0
0
0
582
0
113
0
119
208
0
415
0
532
660
615
2816
2822
2826
2815
2859
2819
2822
2828
2819
2857
2816
2819
0
0
0
0
0
0
0
0
0
0
0
0
0
0
0
0
0
0
0
0
0
0
0
0
2831
2818
2860
2823
2779
2832
2834
2868
2800
2819
2832
2839
0
0
0
508
1221
1344
0
119
2000
2795
2621
2822
0
0
0
0
0
0
0
0
0
0
0
0
2368
2290
2375
1364
2422
2064
1901
1985
767
1931
1676
1672
2819
2861
2817
2817
2833
2880
2864
2865
2907
2842
2818
2815
0
0
0
0
0
0
0
0
0
0
0
0
48
0
363
0
0
49
0
0
16
0
713
900
2817
2821
2838
2817
2850
2817
2822
2832
2827
2832
2816
2817
564
1187
1104
421
1383
560
1728
1984
1377
1857
2082
1936
2819
2849
2823
2786
2850
2827
2836
2823
2813
2853
2833
2863
2846
2857
2838
2822
2820
2820
2832
2841
2830
2813
2853
2850
2816
2834
2813
2849
2812
2821
2836
2818
2853
2810
2822
2812
0
0
0
0
0
0
0
0
0
176
0
0
784
835
807
0
810
236
0
497
0
293
0
0
2813
2844
2814
2816
2840
2843
2842
2822
2811
2865
2813
2818
0
0
0
0
0
0
0
0
0
0
0
0
0
0
0
0
0
0
0
0
0
0
0
0
2831
2816
2846
2821
2857
2823
2818
2841
2822
2848
2818
2819
215
0
836
43
0
375
0
1256
110
0
1111
639
2818
2832
2823
2814
2846
2819
2827
2825
2819
2849
2818
2821
2891
2817
2829
2826
2805
2861
2822
2819
2826
2818
2854
2821
2816
2853
2817
2829
2790
2815
2854
2818
2821
2821
2817
2817
0
0
0
0
0
0
0
0
0
0
0
0
1264
836
982
0
752
708
0
430
0
511
432
503
2719
2774
2102
2597
1942
2687
2624
2032
2631
1712
2524
2547
0
1
502
0
785
486
824
1136
275
1104
992
690
0
0
0
0
0
0
10
0
195
0
241
478
2826
2813
2859
2815
2813
2831
2819
2861
2820
2814
2832
2829
2324
1919
0
2752
2816
2708
2833
2818
2864
2887
2807
2814
2506
2509
1874
2613
1733
2559
2816
2207
2815
2855
2811
2826
1792
2065
1843
947
1727
1584
1318
1648
529
1465
1290
1257
2795
2858
2819
2822
2841
2817
2850
2815
2816
2835
2821
2817
227
933
576
253
176
0
0
0
0
0
0
0
49
0
887
601
995
1471
767
1927
2116
2517
2820
2830
2818
2814
2843
2822
2850
2828
2816
2837
2815
2842
2815
2818
0
0
0
0
0
0
0
0
0
0
0
0
0
0
0
0
0
0
0
0
0
0
0
326
2845
2816
2833
2815
2799
2840
2811
2835
2828
2823
2855
2850
2819
2848
2819
2836
2809
2819
2848
2819
2824
2830
2809
2822
0
307
0
503
736
686
1535
815
2358
2728
2768
2823
1596
1311
1584
400
1430
1535
1095
1190
151
1040
842
728
1107
986
585
1023
25
1157
1376
1311
1930
1072
2379
2736
335
849
400
0
180
0
0
0
0
0
0
0
1373
711
1617
1934
1329
2243
1640
2465
2507
2018
2758
2783
2830
2815
2857
2777
2823
2851
2819
2864
2834
2818
2827
2829
0
0
0
0
0
0
0
0
0
0
0
0
2817
2819
2832
2827
2864
2822
2816
2835
2820
2864
2819
2812
2851
2819
2802
2838
2890
2853
2814
2816
2847
2816
2846
2832
2620
1284
2816
2818
2740
2831
2865
2823
2822
2839
2819
2811
175
1008
896
2016
1146
575
1989
1452
764
810
0
155
0
0
0
0
0
0
0
0
0
0
0
0
2816
2814
2865
2837
2835
2823
2817
2846
2816
2822
2823
2827
0
0
0
0
0
0
0
0
0
0
0
0
177
0
0
307
0
288
0
0
635
0
884
875
2850
2817
2829
2816
2816
2843
2815
2827
2817
2815
2854
2857
0
0
51
87
0
140
176
1184
174
303
2827
2729
2218
2525
1751
2481
1834
2514
2447
1776
2555
2848
2815
2643
2864
2822
2821
2650
2819
2864
2766
2559
1666
2094
1187
905
2836
2851
2831
2818
2837
2816
2851
2819
2816
2873
2822
2828
0
234
80
0
533
0
604
358
305
958
0
0
0
0
0
0
0
0
0
0
0
0
0
0
2822
2811
2838
2817
2850
2821
2815
2841
2827
2847
2817
2818
1698
1112
754
0
0
0
0
0
0
0
0
0
2241
2314
2293
2637
1671
2507
2256
1745
1872
679
1381
994
2846
2816
2835
2829
2822
2849
2818
2849
2813
2813
2837
2838
2599
2854
2690
1744
0
2096
1535
2816
2872
2553
2817
2817
0
0
0
0
0
0
0
0
0
0
0
0
0
0
0
0
0
0
0
0
0
0
0
0
2816
2839
2830
2815
2844
2821
2827
2829
2815
2853
2813
2815
0
0
0
0
0
0
0
0
0
0
0
0
0
0
0
0
0
0
0
0
0
0
0
0
2832
2817
2859
2830
2816
2827
2816
2859
2818
2826
2864
2818
2819
2820
2815
2855
2820
2830
2140
703
670
1152
624
0
1524
1327
387
1103
480
1342
1515
1021
1967
1408
2065
2047
2864
2822
2815
2111
2663
1840
2442
2303
1311
2123
1528
1624
0
0
0
0
0
17
0
244
880
1151
1745
0
0
0
0
0
0
0
0
0
0
0
0
0
1965
1299
1586
351
1159
1150
0
603
0
0
209
0
1904
1724
1090
1621
335
1366
1360
887
1191
79
1093
1168
0
0
0
0
0
0
0
304
0
262
330
169
606
0
503
753
0
963
11
933
1056
511
1087
1110
2833
2818
2864
2822
2818
2837
2822
2859
2825
2820
2889
2832
2817
2379
2816
2855
2819
2821
2668
2823
2808
2823
2827
2749
502
335
0
99
0
0
0
0
0
0
0
0
0
0
96
0
0
0
0
0
0
0
0
0
2803
2859
2824
2818
2833
2829
2863
2830
2822
2833
2827
2815
294
1094
752
1264
1207
231
1104
970
1051
1140
382
127
1223
241
1152
650
900
947
0
812
474
711
790
753
2820
2819
2839
2815
2851
2822
2817
2842
2809
2845
2814
2816
0
0
0
0
0
0
0
0
0
0
16
0
169
0
0
295
0
294
0
240
469
0
598
685
2835
2813
2848
2821
2818
2846
2862
2843
2785
2817
2847
2849
1512
975
1951
2476
2823
2372
2855
2815
2857
2819
2814
2525
2819
2815
2875
2820
2847
2815
2942
2599
2814
2841
2818
2815
1107
1792
1928
893
1574
944
1586
1488
679
1359
796
660
2821
2859
2814
2822
2864
2820
2851
2821
2818
2839
2819
2815
0
0
0
0
0
0
0
0
0
506
0
0
735
0
208
106
0
184
0
0
16
0
168
149
2811
2828
2844
2817
2849
2816
2819
2846
2820
2846
2819
2826
1444
1595
1852
872
1703
1496
1089
1679
723
1583
585
1648
0
0
0
185
0
99
0
0
65
0
192
240
1651
2331
2152
2239
2308
1455
2383
2032
2128
2347
1373
1279
2826
2688
2823
2845
2821
2805
2849
2821
2846
2818
2810
2816
1352
1301
343
1407
1138
925
1186
165
1131
1152
871
924
1477
1312
1443
363
1280
864
729
980
0
755
672
528
2814
2853
2818
2816
2838
2817
2853
2820
2761
2841
2811
2821
0
0
0
0
0
0
0
0
0
0
0
0
0
0
0
0
0
0
0
0
0
0
0
0
2833
2807
2862
2817
2831
2826
2805
2855
2821
2833
2821
2823
0
0
0
0
0
0
0
0
0
0
0
0
0
228
0
0
0
0
0
0
0
0
0
0
2855
2827
2822
2730
2821
2850
2817
2820
2827
2815
2858
2855
1952
2849
2826
2829
2809
2823
2858
2826
2827
2840
2823
2825
466
701
0
0
0
0
0
0
0
0
0
0
1520
1687
2821
2858
2815
2817
2831
2818
2864
2321
1645
720
2819
2820
2827
2814
2881
2821
2818
2831
2814
2863
2818
2818
1362
1617
1593
671
1162
270
1006
1584
847
1930
1820
2850
2817
2860
2815
2825
2832
2816
2862
2823
2819
0
0
0
2801
2815
2859
2817
2818
2862
2813
2867
2889
2816
2832
2832
2480
1897
1535
1966
2513
2815
2838
2811
2862
2816
2983
2820
1744
1840
1335
2034
1744
2047
2153
1328
2000
1472
1902
1844
842
1558
1498
559
810
0
321
319
0
0
0
0
2822
2866
2815
2819
2837
2817
2855
2831
2822
2831
2816
2813
0
0
0
0
0
0
0
0
0
0
0
0
0
0
0
0
0
0
0
0
0
0
0
0
2811
2816
2843
2817
2829
2817
2817
2865
2815
2832
2823
2822
0
0
0
0
0
0
0
0
0
0
0
0
0
0
0
78
0
176
0
0
261
0
373
617
2845
2815
2834
2829
2818
2846
2816
2831
2827
2827
2847
2849
0
0
0
0
0
0
0
167
0
0
1655
1535
0
503
0
855
852
391
749
0
598
714
71
235
2630
2479
2800
1457
2581
2688
2441
2819
1587
2559
2513
2788
2821
2820
2829
2819
2864
2820
2821
2829
2814
2859
2820
2810
0
0
0
0
0
0
0
600
0
526
0
0
970
0
961
1072
597
1108
55
1077
981
607
1275
1394
2592
2816
2848
2817
2816
2343
2818
2160
2777
2829
2349
2501
2817
2781
2841
2850
2814
2803
2854
2814
2691
2721
2843
2794
2810
2819
2765
2805
2848
2818
2830
2736
2832
2856
2821
2807
2860
2832
2839
2674
2308
974
2441
2656
971
1287
249
0
2835
2834
2810
2559
752
2819
2863
2824
2822
2834
2815
2815
0
0
0
0
0
0
0
0
0
0
0
0
2202
1181
2288
1704
1641
1649
679
1311
752
739
991
986
2810
2818
2833
2815
2846
2821
2817
2845
2817
2838
2817
2815
742
612
691
0
445
0
0
0
0
0
0
0
14
0
0
0
0
0
0
0
378
0
16
0
1459
1973
1402
2064
2529
2175
2819
2858
2800
2790
1448
49
0
0
0
0
0
0
0
0
0
0
0
1112
0
313
0
388
130
0
208
0
566
1000
640
535
2852
2640
2637
1530
1954
1360
2064
2457
1559
2416
1797
1600
2832
2843
2823
2815
2849
2810
2839
2832
2802
2858
2823
2815
0
880
384
744
665
0
639
132
637
787
0
0
848
0
805
652
0
344
0
0
73
0
0
0
2829
2818
2860
2816
2815
2410
2899
2784
2721
2832
2223
2145
1168
1393
1567
583
1846
1465
1776
1678
783
1870
1792
1754
2819
2826
2832
2819
2866
2816
2858
2821
2821
2859
2815
2818
2847
2818
2830
2823
2815
2855
2803
2811
2848
2823
2849
2858
1681
269
1420
1658
1127
1345
0
1849
1880
1655
1080
2818
0
0
0
0
0
0
0
0
0
18
0
0
1958
1495
1910
611
1602
1644
1233
1578
511
1504
1576
1584
2822
2817
2819
2819
2853
2832
2819
2834
2823
2861
2821
2823
0
0
0
0
0
0
0
0
0
0
0
0
423
0
435
432
0
451
0
486
560
0
707
752
2833
2819
2864
2827
2817
2827
2811
2851
2819
2841
2828
2832
0
0
0
0
0
0
0
0
0
0
0
0
527
621
0
1082
648
1160
1274
355
1133
372
739
0
2866
2821
2832
2854
2804
2869
2825
2821
2248
2818
2857
2864
0
0
0
1361
688
1122
340
102
2701
2031
2818
2810
383
1351
1052
1245
1238
782
1955
1898
2240
1726
462
0
1811
1099
1831
871
2033
2002
1223
1530
995
2347
2816
2815
2822
2820
2839
2813
2895
2754
2821
2833
2821
2864
2814
2819
0
0
444
0
496
134
0
567
0
792
552
672
1515
629
1186
1013
253
962
429
1093
1289
471
1666
1604
2237
2819
2853
2754
2671
2081
2707
1984
2544
2618
1775
1722
1710
1015
1426
547
986
1061
229
1008
0
912
1320
1098
1086
914
0
880
580
725
815
0
530
148
483
821
1832
2023
2293
1143
1840
1744
1255
1390
255
1360
1528
1488
2880
2855
2844
2817
2816
2833
2821
2848
2979
2865
2819
2819
0
466
243
0
294
0
441
280
0
550
0
0
97
0
322
208
0
143
0
0
67
0
91
64
2817
2818
2849
2807
2832
2822
2820
2875
2811
2839
2819
2816
0
0
0
0
0
0
0
0
0
0
112
192
0
0
0
0
0
0
411
0
626
0
577
305
2852
2815
2837
2799
2806
2848
2819
2830
2825
2819
2853
2867
0
0
0
0
0
0
0
0
241
0
0
1535
602
496
0
0
0
0
0
0
0
0
0
0
2823
2826
2811
2851
2819
2828
2828
2816
2848
2816
2826
2504
2815
2815
2829
2817
2847
2821
2822
2831
2806
2859
2821
2818
0
0
0
0
0
0
0
0
0
0
0
0
1748
204
1218
1008
223
489
0
0
144
0
363
596
2817
2819
2850
2817
2831
2823
2855
2848
2817
2832
2829
2826
712
363
369
0
0
0
0
0
0
208
724
1282
563
848
295
659
0
430
390
0
125
0
0
0
2865
2811
2823
2346
2819
2854
2807
2814
2307
2816
2861
2855
0
0
0
664
587
1191
242
1847
2826
2448
2711
0
0
265
0
0
0
0
0
0
0
234
0
159
2474
2006
2553
1405
2672
2774
2192
2667
1444
2450
2386
2132
2805
2817
2830
2921
2863
2821
2825
2831
2821
2953
2815
2829
0
0
0
0
0
0
0
0
0
0
0
0
0
0
0
91
0
183
0
0
435
0
523
588
2835
2793
2871
2819
2817
2832
2823
2859
2823
2819
2849
2846
0
0
0
0
0
0
0
0
0
0
0
0
0
0
0
0
0
0
252
0
260
0
0
0
2846
2819
2820
2480
2823
2859
2820
2819
2335
2818
2851
2871
2837
2860
2823
2736
2832
2816
2864
1727
2814
2841
2819
2819
0
0
0
0
0
0
0
0
0
0
0
0
1534
669
1479
610
1211
1079
311
995
592
874
897
850
2820
2819
2835
2817
2863
2820
2831
2835
2818
2855
2817
2818
812
1739
1747
895
1936
1664
2250
2304
1949
2612
2112
2072
732
805
479
736
0
1021
1128
944
1295
231
1533
1295
2841
2815
2850
2818
2817
2842
2807
2862
2819
2816
2846
2842
2111
1053
2015
1694
1973
1872
1175
1818
1374
1923
2064
1056
0
352
0
395
9
0
299
0
193
0
0
0
2833
2543
2818
1887
2823
2837
2546
2803
1731
2688
2740
2746
2805
2851
2815
2817
2845
2826
2847
2831
2815
2842
2814
2815
0
0
0
0
0
0
0
0
0
0
0
0
1171
0
1121
580
299
481
0
301
276
0
147
118
2824
2816
2846
2832
2834
2825
2817
2848
2829
2822
2559
2640
0
0
0
0
0
0
0
0
0
0
0
0
0
0
0
0
0
0
0
0
0
0
0
0
2838
2816
2832
2814
2819
2841
2818
2832
2648
2815
2848
2835
0
0
0
0
0
0
0
0
0
0
423
394
0
542
0
459
582
0
443
0
564
520
0
0
2909
2631
2821
2839
2816
2817
2217
2815
2021
2611
2685
2592
2811
2825
2825
2810
2851
2819
2828
2832
2830
2869
2818
2821
0
0
0
0
0
0
0
265
0
0
0
0
194
0
0
35
0
46
0
0
213
0
213
242
2830
2821
2848
2817
2815
2587
2822
2820
2835
2832
2758
2512
1344
927
1447
114
1296
1378
795
1471
241
747
1535
1660
1179
1232
511
1089
9
1004
1168
687
1269
283
1154
1104
2881
2815
2807
2811
2835
2876
2823
2835
2187
2680
1792
1749
2810
2851
2818
2848
2828
2822
2881
2802
2828
2832
2817
2818
2001
2822
2868
2152
2631
1381
1882
779
1744
1742
1282
1229
2657
1839
2656
2092
2368
2448
1523
2263
1648
1957
1915
1767
2816
2816
2832
2814
2858
2822
2817
2837
2815
2854
2819
2822
0
0
0
0
0
0
0
0
0
0
0
0
0
0
0
0
0
0
0
0
0
0
0
0
2845
2817
2845
2749
2805
2851
2819
2843
2818
2823
2847
2842
0
0
0
0
0
0
0
0
0
0
0
0
0
0
0
0
0
0
0
0
0
0
0
0
2857
2817
2809
2851
2819
2851
2818
2810
2837
2815
2848
2862
2483
2825
2820
2819
2818
2823
2835
2822
2810
2848
2825
2818
0
200
328
0
316
0
282
288
0
403
0
0
2207
1174
2002
1810
1367
1611
263
1386
1581
746
1201
1168
2865
2818
2842
2815
2849
2819
2807
2841
2821
2847
2819
2829
294
714
1056
176
1175
708
1255
1595
761
1663
1721
1912
0
0
0
0
0
0
173
0
162
0
208
273
2065
2821
2838
2511
2722
1743
2596
2660
2432
2640
1409
1515
1419
113
1323
1232
1060
1311
269
1471
1472
983
1435
2035
540
775
0
635
576
657
807
0
781
549
632
589
964
1015
1124
0
1061
1072
751
1068
0
926
976
1072
2822
2830
2835
2818
2854
2819
2819
2823
2865
2864
2817
2819
0
0
0
0
0
0
0
0
0
0
0
0
631
0
499
337
0
351
0
435
790
1223
1609
1575
2821
2817
2846
2815
2846
2821
2821
2842
2819
2843
2822
2816
336
0
400
0
704
596
0
453
0
452
398
286
1182
1108
984
1264
111
1264
1450
1063
1535
301
1619
1634
2842
2814
2810
2849
2815
2881
2832
2820
2833
2813
2880
2883
0
0
0
0
927
1195
0
2398
2832
2499
2826
2817
667
1092
0
1128
940
709
1068
0
910
800
800
820
2316
1713
2286
1167
2033
2123
1409
1968
1055
2103
1828
1773
2819
2852
2826
2820
2833
2821
2832
2822
2821
2853
2820
2825
0
0
240
0
219
0
511
784
0
913
0
0
285
0
0
69
0
51
0
0
68
0
66
338
2801
2819
2855
2821
2817
2832
2817
2863
2818
2817
2832
2827
2136
1607
1968
896
1956
1995
1227
1959
1011
1871
2032
1727
0
0
0
0
0
0
0
0
0
0
0
0
2832
2822
2814
2737
2817
2863
2816
2816
2785
2827
2865
2864
0
2861
2830
2816
2247
2826
2845
2815
2832
2847
2819
2819
0
229
0
0
240
0
143
0
0
191
0
0
2234
1531
1977
1220
1858
1811
1159
1775
820
1510
1535
1392
2862
2815
2832
2817
2851
2818
2789
2832
2832
2838
2815
2818
0
0
0
0
0
0
0
0
0
0
0
0
0
0
0
0
0
0
0
0
133
0
288
201
2789
2817
2861
2817
2817
2838
2816
2846
2832
2830
2847
2839
0
0
0
0
0
0
0
0
0
0
19
0
2147
2260
1305
2141
2272
2011
2125
1183
2352
2224
2065
1950
2832
2819
2818
2847
2821
2833
2823
2818
2846
2816
2838
2831
2839
2853
2836
2819
2842
2829
2890
2821
2825
2842
2815
2821
0
0
0
0
0
0
0
0
0
0
0
0
2103
925
1884
1591
1339
1487
307
1384
1400
831
1257
1118
2822
2819
2287
2821
2855
2701
2819
1978
2823
2842
2533
2608
0
0
0
0
436
199
0
674
0
891
592
592
0
0
0
0
0
0
0
0
0
0
0
0
1503
2448
2616
2093
2353
1271
2400
2324
1927
2304
1267
1343
1621
0
1744
1568
1587
1975
1751
2640
1534
2484
2000
2821
575
842
0
699
864
597
863
0
796
768
467
579
1954
1748
1859
785
1712
1792
1475
1911
751
1872
1768
1680
2827
2835
2855
2813
2839
2817
2835
2818
2821
2852
2826
2818
0
0
0
0
0
0
0
0
0
10
0
0
162
0
0
0
0
0
0
0
0
0
0
0
2819
2821
2857
2819
2831
2822
2827
2849
2821
2822
2845
2829
0
0
0
0
0
0
0
0
0
0
0
0
0
113
0
82
0
56
240
0
244
0
0
224
2855
2821
2822
2827
2808
2861
2832
2819
2832
2821
2855
2861
439
0
0
795
918
1868
666
1696
2821
2785
2813
2819
0
341
0
292
426
0
322
0
274
150
0
0
1825
1150
1563
455
1554
1501
787
1255
489
1281
1120
978
2823
2814
2828
2817
2852
2829
2815
2835
2821
2854
2821
2819
0
0
0
0
25
0
0
567
0
166
139
242
707
0
753
736
0
881
0
852
1040
429
1032
1072
2831
2825
2855
2810
2825
2826
2828
2855
2817
2826
2848
2849
2813
2832
2814
2861
2819
2818
2826
2821
1911
2832
2818
2839
2076
2232
1259
2160
1337
1956
1929
1239
1859
1461
1901
1872
1171
2150
2275
1456
2105
1147
2151
2096
1398
1926
1400
1152
2216
2095
2127
2558
2843
2818
2854
2820
2817
2839
2817
2807
0
0
0
0
0
0
0
0
0
0
0
0
834
0
608
427
0
505
0
97
184
0
147
0
2820
2822
2853
2821
2842
2819
2811
2847
2816
2844
2823
2819
0
0
0
0
0
0
0
0
0
0
0
0
837
416
902
903
0
1031
640
976
1139
353
1174
1196
2843
2841
2843
2822
2818
2849
2818
2832
2826
2817
2836
2855
0
0
0
0
0
0
0
0
0
0
66
56
0
83
0
149
0
0
133
0
203
0
0
0
1556
1872
1840
829
1766
1452
1403
1645
598
1527
1233
1344
2811
2809
2810
2799
2847
2817
2851
2831
2819
2845
2810
2813
0
640
352
463
625
0
466
464
0
560
0
0
277
0
0
178
0
0
0
0
0
0
0
0
2825
2816
2853
2818
2841
2820
2824
2845
2820
2842
2823
2825
2208
2166
2289
1502
2333
2512
2278
2672
1569
2619
2792
2832
416
473
0
493
0
356
458
0
430
0
498
545
2855
2818
2826
2829
2817
2849
2817
2827
2826
2817
2857
2862
2815
2854
2825
2819
2828
2815
2863
2829
2819
2832
2814
2819
1225
1984
100
832
778
0
652
0
771
630
0
85
2830
2823
2819
2848
2822
2819
2480
2817
1574
2497
2683
2585
2818
2838
2821
2817
2843
2823
2833
2818
2822
2845
2818
2820
0
0
44
0
218
0
0
0
0
0
0
0
0
0
0
62
0
0
0
0
0
0
0
0
2625
2819
2864
2821
2816
2234
2815
2859
2800
2815
2162
2063
0
0
0
0
0
0
0
0
0
0
0
0
0
0
0
0
0
0
0
0
0
0
0
0
2858
2813
2821
2832
2817
2816
2821
2819
2827
2821
2863
2859
0
0
1415
1652
621
1875
2878
2835
2825
2399
2827
2830
0
0
0
0
0
0
0
0
0
0
0
0
1494
741
1193
397
1085
887
0
783
110
650
528
401
2820
2815
2417
2819
2861
2812
2830
2219
2812
2864
2795
2818
0
0
0
0
92
44
0
336
0
848
260
464
373
0
0
427
0
496
39
508
559
0
749
699
1774
2499
2080
2512
2450
1535
2320
1899
2043
2350
1455
1270
1872
606
1669
1968
1607
1806
695
1280
1776
567
1654
1344
923
945
0
862
67
958
1018
195
1015
466
985
965
1956
2366
2329
1631
2263
1585
2179
2256
1291
2297
1728
1712
2820
2853
2817
2815
2829
2822
2861
2815
2813
2832
2817
2816
0
591
528
411
555
0
576
633
0
538
0
0
2815
2837
2822
2855
2819
2813
2832
2822
2855
2815
2817
2818
2818
2814
2845
2823
2839
2816
2813
2853
2816
2843
2821
2817
1912
1751
2115
1399
2210
2152
2271
2818
1103
1851
2260
2372
689
608
439
869
0
939
840
863
1178
0
976
1201
2845
2819
2837
2823
2818
2848
2815
2833
2822
2818
2849
2854
0
0
0
0
0
0
0
0
0
0
0
0
0
0
0
0
0
0
0
0
0
0
0
0
2256
1870
2113
1119
2067
2146
1319
1854
1007
1712
1719
1692
2821
2827
2827
2822
2803
2820
2824
2829
2815
2773
2867
2821
0
0
96
0
80
0
0
0
0
0
0
0
543
0
451
496
0
214
0
122
288
0
242
51
2823
2818
2861
2825
2822
2832
2816
2859
2815
2835
2859
2819
2831
2299
2825
2867
2814
2825
2825
2816
2862
2893
2812
2809
1902
1929
1743
2031
757
2010
1944
1685
2091
1081
2004
2075
2857
2822
2823
2825
2816
2857
2818
2823
2801
2829
2857
2850
2058
1328
2611
2656
2207
2823
2938
2822
2825
2821
2814
2816
0
0
0
0
0
0
0
0
0
0
0
0
1762
1301
1491
451
1361
1447
658
1141
109
944
779
688
2811
2815
2832
2815
2859
2807
2818
2829
2815
2938
2809
2816
811
1488
1491
967
1463
387
1298
1282
551
1439
848
719
0
0
0
0
0
0
0
0
0
0
0
0
1639
2284
1340
2167
2046
1395
2035
1436
2125
2033
1239
1120
0
0
0
0
0
0
0
0
0
0
0
0
951
1023
115
971
362
857
1091
0
958
498
1067
881
2885
2820
2821
2848
2828
2848
2815
2821
2848
2817
2837
2839
2822
2840
2818
2823
2829
2821
2864
2815
2819
2833
2815
2819
0
0
0
0
0
0
0
0
0
0
0
0
2817
2832
2816
2849
2812
2819
2316
2812
2834
2757
2778
2802
2818
2818
2842
2816
2826
2817
2814
2849
2818
2843
2815
2803
0
0
304
0
133
0
676
255
0
1088
928
788
0
0
0
0
0
0
0
0
0
0
0
0
1634
2610
2266
2421
2445
1483
2381
2128
2179
2435
1131
1206
1071
0
949
1093
722
987
0
1059
964
0
1214
1236
0
0
0
66
405
0
0
0
0
0
0
0
2847
2827
2819
2850
2818
2832
2823
2819
2850
2783
2829
2803
2820
2725
2820
2801
2843
2821
2841
2814
2827
2842
2819
2818
0
0
0
0
0
0
0
0
0
0
0
0
96
0
0
0
0
0
0
0
0
0
0
0
2839
2819
2852
2819
2819
2831
2817
2854
2815
2819
2826
2818
0
0
0
0
0
0
0
0
0
0
0
0
578
626
0
487
0
628
544
0
703
0
756
821
2677
2815
2815
2610
2822
1479
2800
2824
2367
2603
1594
1426
0
0
0
0
0
0
0
0
0
863
1141
0
0
364
0
334
131
0
417
0
334
388
0
0
2528
2408
2447
1499
2303
1884
2082
2243
1241
2019
1748
1416
2817
2811
2827
2814
2854
2819
2805
2818
2816
2873
2815
2818
2857
2819
2822
2383
2815
2592
2814
2818
2447
2859
2866
2903
2821
2851
2819
2817
2828
2815
2853
2821
2823
2833
2819
2815
2832
2813
2847
2833
2817
2832
2807
2863
2806
2817
2832
2832
2752
2416
2817
1777
2719
2808
2359
2640
1743
2687
2704
2518
631
665
0
659
0
544
720
258
880
0
725
759
2711
2817
2837
2828
2820
2162
2797
2832
2403
2588
1515
1471
1279
0
2607
2524
1873
0
2864
2814
2732
2768
2821
2837
0
0
0
0
0
0
0
0
0
0
0
0
602
0
468
0
0
266
0
142
0
0
0
0
2830
2847
2832
2836
2866
2878
2821
2832
2819
2863
2819
2817
0
0
0
0
0
0
0
0
0
0
0
0
0
0
0
103
0
261
0
0
599
0
603
769
2839
2817
2864
2827
2818
2834
2813
2864
2818
2820
2837
2842
137
0
0
0
0
0
0
97
0
0
66
320
0
0
0
0
0
0
23
0
151
0
0
0
2857
2818
2817
2784
2816
2908
2816
2816
2391
2811
2853
2846
2811
2847
2827
2831
2866
2837
2852
2825
2828
2864
2832
2832
0
0
0
0
0
0
0
0
0
10
0
0
2800
2845
2817
2858
2819
2815
2845
2818
2832
2677
2648
2445
2819
2834
2845
2832
2847
2827
2815
2844
2818
2849
2820
2800
286
0
1042
455
2102
2304
2411
2819
2853
2806
2817
2825
0
0
0
0
0
0
0
0
0
0
0
0
2831
2846
2832
2830
2835
2855
2817
2829
2820
2819
2864
2874
0
0
0
0
0
0
0
0
0
0
0
0
0
0
0
0
0
0
311
0
1422
1926
2309
2763
2832
2828
2827
2847
2819
2827
2830
2825
2859
2826
2813
2823
2813
2838
2827
2819
2873
2839
2816
2835
2818
2865
2822
2814
2863
2819
2815
2835
2816
2857
2817
2818
2838
2813
2861
2847
0
0
0
0
0
0
0
0
0
0
0
0
1023
1895
1049
2378
2723
2439
2819
2863
2821
2816
2832
2819
2827
2829
2819
2862
2819
2817
2842
2816
2864
2821
2819
2831
0
0
0
0
0
0
0
0
0
0
0
0
771
2418
2728
2816
2817
2849
2825
2832
2832
2818
2863
2850
0
0
0
0
0
0
0
0
0
0
0
0
1212
2816
2864
2821
2816
2837
2832
2839
2819
2799
2846
2833
1887
1911
2821
2863
2819
2833
2939
2829
2759
2825
2819
2818
2810
2821
2834
2816
2848
2818
2813
2850
2815
2847
2818
2818
1752
2192
2128
1328
1904
1717
1909
1780
999
1335
395
540
2817
2864
2819
2816
2847
2815
2858
2821
2816
2836
2826
2815
2835
2821
2855
2831
2817
2853
2823
2853
2815
2838
2844
2851
2817
2849
2816
2845
2826
2817
2848
2816
2833
2819
2821
2820
0
0
0
0
0
0
0
0
0
0
0
0
2846
2811
2823
2843
2822
2841
2830
2822
2853
2825
2827
2832
2170
2283
2811
2817
2217
2715
2886
2785
2826
2542
2604
2818
0
0
0
0
0
0
0
0
0
0
0
0
2818
2833
2822
2848
2825
2818
2828
2869
2864
2864
2771
2809
2825
2819
2849
2826
2831
2821
2812
2847
2814
2830
2823
2818
2512
1763
2083
842
1445
1340
511
734
0
498
528
511
0
0
0
0
0
448
150
0
0
0
0
0
2878
2827
2810
2850
2815
2870
2806
2810
2851
2837
2863
2852
0
0
0
0
0
0
0
0
0
0
0
0
1346
1223
161
1201
1344
1179
1463
0
998
706
0
0
2000
1889
1865
642
1476
1425
1744
2128
1215
2062
1868
1930
2821
2822
2827
2826
2862
2819
2815
2832
2815
2860
2822
2827
0
0
0
0
0
0
0
0
0
0
0
0
1216
0
585
312
0
607
0
753
552
0
0
0
2828
2818
2858
2818
2828
2829
2821
2863
2825
2816
2830
2832
1216
839
1631
310
1435
1504
1211
1938
622
1936
2067
2150
0
0
0
287
0
346
384
0
751
0
1007
1070
2864
2815
2816
2834
2818
2859
2816
2817
2838
2806
2873
2855
2829
2861
2817
2814
2841
2815
2855
2814
2825
2829
2832
2818
0
0
0
0
0
0
1905
2860
2821
2817
2835
2835
0
0
0
0
0
0
0
0
0
0
0
0
2826
2817
2832
2817
2864
2819
2819
1175
1322
73
0
0
0
0
172
0
935
556
1288
1255
592
1135
464
144
0
0
0
0
0
0
0
0
0
0
0
0
2841
2818
2842
2817
2815
2843
2811
2833
2816
2817
2838
2845
1263
1975
2819
2843
2834
2883
2845
2822
2835
2828
2816
2818
0
0
0
0
0
0
0
0
0
0
0
0
2847
2818
2817
2373
2826
2386
2186
1955
743
1277
864
342
0
0
0
0
0
0
166
180
2228
1517
2559
0
0
0
0
0
0
0
0
0
0
0
0
0
2816
2831
2816
2805
2830
2819
2850
2819
2819
2822
2803
2821
2807
2821
2843
2819
2832
2843
2817
2850
2816
2823
2821
2828
2818
2837
2821
2865
2817
2833
2832
2817
2875
2817
2831
2839
2816
2825
2827
2819
2851
2816
2815
2824
2816
2864
2817
2815
2862
2816
2820
2832
2820
2865
2820
2821
2836
2813
2864
2841
2819
2859
2818
2814
2836
2815
2860
2342
2063
925
1535
1161
2830
2815
2857
2813
2816
2034
2071
511
1234
867
0
0
2818
2834
2816
2864
2745
2202
1072
1458
330
493
385
0
1424
0
1723
2356
1818
0
2741
2195
2600
2316
2395
2166
0
0
0
0
0
0
0
0
0
0
0
0
0
0
1032
2768
2830
2820
2864
2823
2816
2833
2816
2823
2833
2813
2864
2818
2814
2825
2807
2864
2816
2816
2829
2798
2817
2841
2819
2847
2826
2817
2846
2825
2862
2815
2813
2044
0
0
0
0
0
0
0
0
0
0
0
0
0
0
0
0
0
0
0
0
0
0
0
0
791
801
2651
2811
2845
2816
2855
2819
2692
2839
2815
2815
2835
2852
2855
2818
2823
2846
2827
2857
2816
2818
2839
2160
0
0
0
0
0
0
0
0
0
0
0
0
2832
2819
2836
2772
2861
2821
2816
2827
2817
2857
2816
2818
2791
2819
2814
2845
2813
2845
2816
2818
2846
2822
2832
2831
0
0
0
0
0
0
0
0
0
0
0
0
2848
2813
2830
2822
2818
2854
2820
2832
2798
2817
2854
2859
2819
2846
2827
2850
2809
2819
2843
2817
1433
1013
69
0
0
0
0
0
0
0
0
0
0
0
0
0
2821
2823
2817
2855
2815
2837
2828
2816
2852
2812
2818
2815
2821
2811
2816
2810
2858
2822
2832
2795
2176
0
2228
1762
0
0
0
0
0
0
0
0
0
0
0
0
1895
1712
2820
2835
2818
2817
2847
2817
2831
2832
2816
2811
2831
2811
2845
2810
2836
2822
2819
2815
2817
2835
2821
2822
2818
2821
2815
2853
2816
2813
2827
2820
2857
2820
2817
2823
2807
2819
2830
2816
2853
2823
2817
2830
2819
2862
2821
2818
2864
2817
2817
2832
2813
2862
2850
2815
2837
2816
2861
2858
2815
2854
2819
2815
2829
2820
2861
2837
2819
2829
2816
2815
0
0
0
0
0
0
0
0
0
0
0
439
0
0
0
0
0
0
0
0
0
0
0
0
2816
2819
2827
2829
2842
2828
2823
2835
2775
2865
2883
2843
374
1049
859
0
744
206
1468
1583
807
1135
505
342
2817
2096
1559
546
0
0
0
0
0
0
0
0
955
759
213
1831
2816
2843
2817
2846
1930
1556
1901
2860
2808
2015
2079
2160
1991
2320
1232
1067
436
0
0
731
2463
1809
227
164
0
0
703
295
1229
612
498
0
2880
2815
2803
2846
2816
2851
2819
2807
2837
2815
2861
2849
687
494
1246
0
387
848
444
0
1599
817
829
0
0
0
0
0
0
0
0
0
0
0
0
0
2813
2835
2817
2849
2815
2819
2832
2821
2852
2819
2813
2817
2819
2823
2853
2821
2831
2816
2719
2854
2819
2832
2821
2839
706
570
719
0
0
0
0
0
0
0
0
0
2822
2786
2813
2817
2859
2817
2831
2826
2813
2850
2826
2814
2854
2817
2835
2559
2782
1296
2306
2256
1819
1905
581
407
0
0
0
0
0
0
0
0
0
0
0
0
787
1616
718
2165
2815
2608
2822
2864
2817
2814
2839
2832
2828
2825
2815
2869
2820
2827
2825
2820
2861
2815
2815
2817
0
0
0
0
0
0
0
0
0
0
0
0
496
1535
2095
2205
2817
2855
2818
2823
2833
2822
2852
2848
2810
2861
2818
2821
2835
2819
2854
2817
2818
2830
2832
2200
1623
2185
1291
2054
2625
2303
2822
2862
2819
2816
2832
2837
1783
1118
1766
743
1859
2030
1734
2811
2864
2820
2822
2819
2814
2819
2835
2821
2860
2819
2816
2836
2815
2865
2830
2749
0
0
0
0
0
0
0
0
0
0
0
0
2243
2064
2390
2709
1727
2559
2852
2775
2815
2279
2817
2818
2836
2825
2858
2818
2823
2842
2832
2860
2823
2816
2845
2832
0
0
0
0
0
0
0
0
0
0
0
0
1602
896
1717
2817
2823
2823
2788
2855
2819
2831
2893
2825
2834
2817
2817
2849
2814
2838
2821
2817
2846
2818
2837
2842
2815
2845
2818
2827
2843
2826
2863
2818
2832
2848
2829
2816
443
463
1120
452
781
0
487
242
0
145
0
0
0
0
0
0
0
0
0
0
0
0
0
0
1363
1903
943
2165
2432
2381
2819
2640
2817
2829
2827
2826
2823
2835
2831
2865
2822
2834
2832
2829
2858
2816
2823
2815
2657
2480
1949
1829
511
1184
0
0
356
0
0
0
0
0
0
0
0
0
0
0
0
0
0
0
2474
1535
2334
2656
2091
2614
2864
2821
2818
2743
2817
2815
2832
2817
2853
2820
2823
2832
2809
2856
2815
2827
2828
2821
0
0
0
0
0
0
0
0
0
0
368
1052
0
0
0
0
0
0
0
0
0
0
0
0
2863
2822
2819
2832
2818
2860
2815
2816
2832
2813
2864
2867
1056
0
0
0
0
0
0
0
0
0
0
0
0
369
0
0
753
791
2167
2692
2818
2817
2836
2665
1872
1210
1696
823
2165
2467
2247
2822
2863
2821
2815
2822
2811
2814
2835
2816
2855
2819
2818
2837
2811
2860
2817
2821
0
0
0
0
0
0
0
0
0
0
0
0
2821
2850
2635
2384
1383
1706
1136
1127
1104
0
992
976
2504
2813
2858
2821
2819
2833
2818
2877
2819
2817
2838
2835
2820
2835
2819
2860
2811
2816
2839
2816
2853
2818
2826
2818
0
0
0
0
0
0
429
0
976
1072
1386
1517
2832
2826
2823
2850
2818
2832
2823
2817
2611
2801
2693
2600
144
0
0
189
0
0
26
753
1818
2487
2821
2819
2859
2819
2820
2828
2820
2855
2826
2500
1275
795
0
0
2816
2839
2822
2842
2825
2822
2845
2819
2838
2817
2815
2816
0
0
0
0
0
0
0
0
0
0
1043
1584
2818
2830
2817
2865
2816
2822
2832
2818
2864
2817
2818
2813
368
0
0
0
0
0
0
0
635
323
958
1408
2849
2822
2832
2828
2818
2848
2814
2832
2821
2816
2852
2858
0
0
0
0
0
0
0
0
0
0
192
413
2822
2818
2858
2819
2827
2815
2813
2857
2817
2831
2831
2821
0
0
0
0
0
0
0
0
29
1485
2133
2763
0
212
0
528
0
0
0
0
0
0
0
0
0
930
1328
1431
2816
2854
2817
2815
2832
2818
2855
2858
2819
2855
2819
2816
2843
2813
2832
1488
674
0
0
0
1671
2609
2828
1970
2819
2844
2816
2833
2816
2818
2854
2867
0
0
0
0
0
0
0
0
0
0
0
0
2819
2815
2842
2822
2829
2821
2816
2839
2821
2846
2822
2821
2846
2817
2825
2843
2816
2834
2824
2815
2838
2811
2847
2837
0
0
0
0
0
0
0
0
0
0
0
0
0
0
0
0
0
0
0
0
0
0
0
0
2819
2843
2811
2855
2820
2821
2835
2818
2863
2821
2863
2817
2827
2821
2848
2821
2822
2879
2805
2862
2821
2814
2831
2774
2858
2819
2822
2850
2825
2845
2817
2817
2559
2558
1944
1384
0
0
0
0
0
0
0
0
0
0
0
0
0
2813
2831
2823
2818
2857
2902
2817
2832
2813
2992
2863
2811
2852
2785
2832
2827
2816
2800
2822
2826
2826
2815
2816
2829
2818
2855
2820
2819
2830
2819
2855
2822
2816
2825
2832
2832
2825
2816
2850
2817
2838
2821
2818
2849
2819
2832
2842
0
0
0
0
0
0
0
0
0
0
0
0
191
1584
1834
2002
2458
1610
2800
2829
2819
2818
2861
2854
2815
2847
2821
2821
2829
2823
2859
2800
2818
2829
2818
2821
2827
2809
2854
2821
2829
2830
2818
2857
2826
2823
2834
2828
0
0
0
0
0
0
0
0
0
0
0
0
0
560
271
1091
239
1424
1695
1250
1878
923
2205
2228
2855
2821
2822
2832
2832
2859
2813
2814
2832
2812
2847
2863
497
0
0
0
0
0
0
0
0
0
0
0
0
0
0
0
0
0
0
0
0
330
0
207
2823
2837
2814
2852
2821
2832
2832
2816
2864
2817
2825
2819
362
0
0
0
0
0
0
0
0
0
0
0
0
0
0
0
0
0
626
944
419
1373
866
1216
2823
2864
2819
2821
2838
2819
2853
2814
2817
2843
2816
2816
0
0
0
0
0
0
0
0
0
0
0
0
2821
2810
2817
2842
2791
2822
2796
2819
2813
2796
2811
2817
2821
2811
2854
2823
2894
2823
2791
2862
2819
2819
2830
2896
2835
2827
2821
2843
2827
2838
2814
2829
2844
2827
2827
2815
2820
2841
2819
2816
2824
2816
2789
2823
2826
2822
2831
2812
0
0
898
2307
2799
2893
2827
1680
0
0
0
2535
1806
0
995
1176
933
156
0
0
0
0
0
0
2823
2815
2855
2817
2781
2826
2825
2850
2813
2823
2798
2836
0
0
0
0
0
0
0
0
0
0
0
0
2817
2815
2823
2818
2855
2823
2819
2827
2815
2859
2820
2816
851
2380
1127
2845
2815
2854
2815
2831
2837
2821
2849
2853
0
0
0
0
0
0
0
0
0
0
0
0
2830
2818
2855
2818
2825
2769
2818
2865
2819
2822
2835
2832
2348
2255
2817
2864
2810
2815
2832
2817
2864
2819
2822
2816
1586
434
0
0
0
0
0
0
0
0
0
0
2864
2815
2822
2834
2800
2906
2816
2819
2830
2811
2864
2854
2827
2867
2818
2826
2843
2817
2832
2827
2827
2856
2813
2827
0
0
0
0
0
0
0
0
0
0
0
0
2819
2851
2815
2835
2832
2819
2846
2809
2834
2821
2816
2819
2824
2822
2862
2818
2841
2821
2815
2836
2819
2837
2828
2832
0
0
0
0
0
0
0
0
0
0
0
0
2816
2857
2815
2821
2849
2787
2846
2815
2816
2845
2819
2822
0
843
960
567
1137
159
1378
1672
1650
2410
1599
2793
0
0
0
0
0
0
0
0
0
0
0
0
2821
2819
2860
2800
2800
2830
2832
1358
1855
1165
0
0
2833
2821
2817
2855
2803
2832
2829
2811
2848
2820
2837
2829
0
0
0
0
0
1225
2236
2547
2816
2855
2814
2819
0
0
0
0
0
0
0
0
0
0
0
399
0
0
0
0
0
0
0
0
0
0
0
0
0
224
0
0
0
0
0
0
0
0
0
0
2822
2837
2829
2864
2825
2823
2779
2823
2857
2819
2821
2819
798
1007
469
2046
905
2084
2801
2522
2512
1737
2842
2148
0
0
0
0
1126
661
2027
2257
1686
2674
2544
2852
2485
1667
2822
2818
2830
2815
2865
2821
2825
2807
2819
2884
0
0
0
0
0
0
0
0
0
0
0
0
697
237
1178
568
1437
1355
623
1088
489
557
583
708
2825
2818
2839
2815
2864
2819
2816
2837
2816
2860
2718
2681
260
1471
1983
1237
2040
1680
2279
1690
605
823
775
1615
0
0
0
0
0
0
0
0
0
0
0
0
2845
2831
2864
2783
2511
1323
1665
656
732
450
0
0
2816
2832
2820
2832
2813
2819
2850
2816
2819
2825
2819
2819
2815
2819
2843
2818
2837
2821
2823
2845
2832
2843
2823
2819
0
0
0
0
351
657
671
1309
401
1848
2252
2559
1140
738
752
735
0
240
2
0
0
0
0
0
2849
2821
2821
2897
2821
2851
2822
2825
2827
2807
2843
2853
2817
2853
2827
2833
2839
2816
2850
2827
2919
2832
2817
2816
2832
2807
2863
2819
2822
2830
2819
2864
2806
2432
1373
971
2825
2842
2816
2850
2765
2805
2819
2817
2850
2795
2833
2810
0
0
0
0
0
0
0
0
0
0
0
0
2859
2818
2821
2835
2851
2864
2818
2815
2837
2815
1707
969
2815
2865
2819
2822
2832
2818
2864
2822
2821
2832
2817
2816
2821
2817
2859
2820
1928
1083
967
0
0
0
0
0
0
0
0
0
0
893
575
1775
2009
2810
2815
2816
2823
2822
2835
2814
2854
2816
2813
2831
2839
2852
2819
2816
0
0
0
0
0
0
0
0
0
0
0
0
2821
2857
2826
2819
2832
2817
2871
2817
2815
2826
2831
2818
2830
2814
2850
2815
2821
2826
2811
2853
2816
2814
2827
2829
2818
2864
2815
2773
2819
2816
2850
2817
2867
2817
2817
2816
2834
2821
2375
2814
2834
2399
2325
1365
2122
1840
1959
1834
0
0
0
0
0
0
0
0
0
0
0
0
2819
2866
2815
2818
2832
2819
2858
2826
2814
2833
2816
2814
2836
2820
2864
2831
2817
2836
2815
2852
2812
2803
2844
2694
2816
2836
2819
2859
1810
1614
751
1391
0
0
0
0
0
0
0
0
0
0
0
0
0
0
0
0
464
673
1284
879
2450
2833
2826
2822
2321
2814
2835
2802
1410
1929
2384
2823
2847
2821
2834
2438
1680
0
0
0
2843
2816
2846
2816
2821
2839
2821
2843
2819
2416
395
0
2821
2847
2822
2834
2821
2801
2853
2816
2825
2831
2806
2819
0
0
0
895
2837
2819
2818
2849
2819
2833
2628
689
0
0
0
471
2605
2821
2832
2800
1799
1503
229
0
2825
2827
2833
2816
2863
2816
2819
2746
2821
2860
2821
2819
205
1675
1914
1533
1993
943
2819
2851
2819
2877
2853
2849
623
0
0
0
0
0
5
0
2833
2827
2807
2822
2704
2821
1136
1814
1205
799
1906
1425
2827
2821
2839
2721
0
0
0
0
0
1167
911
1878
784
2132
2816
2822
2608
2815
2839
2821
2871
2821
2819
2836
2817
2866
2814
2821
2861
2820
2814
2842
2822
2853
2819
2819
2842
2816
2850
2844
2818
2847
2819
2822
2735
2821
2838
2817
2822
2843
2816
2817
0
0
0
0
675
433
1870
1594
2710
2813
2339
2131
0
0
0
0
0
0
0
0
288
598
1056
1520
2820
2819
2821
2829
2835
2818
2816
2848
2817
2837
2817
2829
1530
1331
1424
673
2007
2137
2854
2817
1431
2298
1114
912
0
0
0
0
0
0
0
0
0
0
0
0
423
1603
1452
922
904
0
443
192
0
0
0
0
2819
2839
2791
2846
2822
2903
2848
2842
2845
2815
2826
2821
2832
2819
2834
2816
2821
2828
2811
2858
2822
2821
2823
2827
0
0
0
0
0
0
0
0
0
0
0
0
2816
2821
2832
2819
2864
2822
2831
2831
2821
2865
2826
2820
1744
2447
2546
1595
2432
1412
2817
2821
2288
2822
1442
861
673
0
0
0
0
0
0
0
260
0
642
605
2834
2819
2875
2811
2821
2830
2816
2864
2817
2817
2834
2833
0
0
0
0
0
0
0
0
0
0
0
0
0
0
0
0
0
663
976
651
879
0
1088
1664
2859
2820
2514
1671
1911
691
2146
2411
1900
2096
871
177
2821
2870
2813
2832
2834
2815
2864
2800
2817
2830
2822
2817
2878
2848
2843
2818
2813
2830
2816
2852
2866
2821
2829
2832
0
0
0
0
0
0
0
0
0
0
0
0
2755
2819
2372
2821
2853
2822
2819
2399
2817
2854
2821
2820
2448
2817
2827
2853
2809
2919
2707
2823
2850
2818
2829
2823
1627
960
1712
1970
1745
2815
2880
2814
2819
2835
2822
2816
2839
2821
2847
2818
2816
2838
2814
2847
2819
2818
2844
2845
960
432
0
2855
2818
2847
2819
2815
2860
2818
2813
2744
1143
1535
496
1427
1394
1636
2130
1603
2825
2851
2818
2838
2823
2831
2823
2855
2822
2819
2015
2096
603
1230
821
416
2816
2832
2827
2817
2849
2822
2825
2832
2817
2859
2827
2821
2835
2823
2841
2820
2818
2615
2635
2182
1399
1398
0
0
0
0
0
0
0
0
0
0
0
0
0
0
2555
2693
1695
2530
2379
2160
2477
1659
2818
2839
2825
2703
1316
559
792
61
701
661
0
0
0
0
185
0
0
0
0
0
0
0
28
0
1045
321
1886
2384
2852
2810
2816
2825
2818
2862
2818
2810
2831
2815
2865
2879
2263
1396
1403
863
957
1072
0
0
0
0
630
528
0
0
0
0
0
0
0
0
0
0
0
0
2174
1461
2023
915
1779
1758
1015
1776
1466
2347
2551
2825
2791
2818
2343
2450
1391
1929
1941
1455
2035
1235
2151
2373
2864
2817
2821
2855
2817
2864
2821
2819
2847
2816
2857
2861
2819
2833
2819
2815
1296
1565
1048
386
290
0
0
0
0
382
560
1009
1579
1005
1984
1952
2119
2290
1174
927
871
0
1266
882
1207
2073
959
2015
1952
1408
2440
2815
1584
1216
0
303
0
0
0
0
0
0
0
0
2815
2853
2819
2838
2807
2835
2817
2822
2845
2814
2839
2841
2819
2832
2811
2779
2851
2816
2736
2825
2819
2841
2896
2831
0
0
0
0
0
0
0
0
0
0
0
0
217
0
921
1168
1423
2064
1507
2826
2831
2816
2817
2816
2842
2831
2847
2807
2831
2832
2818
2860
2815
2817
2837
2832
527
0
608
0
852
1130
631
1189
229
1299
1520
1012
2819
2828
2824
2822
2850
2820
2832
2821
2776
2839
2821
2819
2854
2817
2819
2832
2814
2865
2818
2812
2262
2587
1199
1008
0
0
0
0
0
0
0
0
0
0
48
0
1295
1924
801
2069
2296
1809
2257
1283
2474
2640
2266
2303
2814
2829
2819
2853
2827
2821
2826
2817
2862
2821
2822
2823
2821
2823
2656
2819
2858
2787
2673
1951
2308
1265
2026
1824
0
0
0
0
0
0
0
0
0
0
0
0
2503
1327
2376
2329
1791
2339
1568
2324
2394
1823
2416
2432
2834
2820
2863
2815
2818
2839
2818
2861
2828
2816
2743
2545
2818
2833
2820
2862
2825
2815
2834
2826
2864
2829
2817
2826
0
0
0
0
0
0
211
0
319
0
625
796
1664
2288
2284
1535
2138
1280
2187
2103
1571
2078
1255
1059
2803
2837
2835
2826
2851
2818
2842
2820
2820
2842
2819
2815
0
0
0
0
169
0
532
432
238
671
0
0
1629
649
1318
674
1023
1124
211
1086
736
895
814
830
2815
2814
2853
2819
2832
2832
2819
2848
2825
2832
2822
2827
706
477
722
0
845
848
311
779
0
658
684
609
650
464
0
651
0
624
528
144
541
0
608
460
2833
2837
2855
2818
2819
2835
2811
2862
2827
2815
2836
2832
0
0
0
0
0
0
0
0
0
0
0
0
2817
2816
2847
2819
2837
2824
2816
2846
2815
2838
2721
2802
2837
2821
2832
2863
2817
2806
2822
2816
2874
2823
2830
2813
2817
2818
2832
2814
2880
2820
2829
2826
2817
2853
2821
2817
453
2000
2815
2672
2831
2863
2819
2832
2822
2813
2866
2870
482
0
0
310
1383
2821
2853
2826
2818
2362
2816
2819
1039
650
0
0
0
0
0
0
0
0
0
0
2814
2545
2581
1494
2786
2826
2105
1823
0
810
640
496
2826
2822
2836
2818
1370
1909
1584
387
304
0
0
0
0
883
918
799
1067
38
1209
1136
567
1013
24
194
2817
2871
2822
2823
2832
2830
2864
2827
2818
2832
2821
2814
0
0
0
0
0
0
0
0
0
0
0
0
0
0
0
0
0
0
0
0
0
0
0
0
2826
2813
2836
2815
2850
2819
2811
2835
2819
2859
2822
2817
0
0
0
0
0
0
0
0
0
0
0
0
1681
1110
1381
1308
447
1392
954
1067
1148
63
1072
1099
2845
2818
2842
2828
2815
2842
2823
2829
2822
2821
2843
2849
0
0
0
0
0
0
0
0
0
0
0
0
0
381
0
449
0
507
568
0
346
48
177
101
2164
2512
2497
1581
2329
2224
2302
2350
1456
2361
2218
2136
1626
1588
1271
2319
2852
2817
2825
2830
2819
2860
2821
2831
0
0
0
0
82
0
188
180
0
485
0
0
2818
2843
2829
2853
2818
2818
2836
2819
2855
2818
2817
2821
2827
2819
2854
2807
2822
2829
2817
2859
2815
2822
2837
2834
0
0
11
0
0
97
0
948
0
879
948
1720
0
0
0
0
0
0
0
0
0
0
0
0
2853
2818
2832
2817
2838
2848
2816
2843
2825
2817
2851
2848
0
0
349
572
0
1183
0
1255
1242
1234
1952
2176
0
401
0
380
446
0
378
0
0
150
0
0
1296
1125
1604
351
1617
1916
1574
1995
1015
2220
2416
2394
2817
2829
2832
2819
2857
2819
2343
2825
2815
2860
2819
2821
0
0
0
0
0
0
0
0
0
0
0
0
1535
31
971
906
387
732
0
583
300
0
333
0
2832
2819
2864
2816
2749
2855
2816
2848
2826
2819
2738
2719
0
0
0
0
0
0
0
0
0
0
0
0
688
592
0
502
0
726
607
0
789
0
809
763
2861
2829
2800
2832
2809
2865
2811
2814
2831
2820
2864
2863
688
0
868
581
0
628
126
560
766
0
662
0
0
0
0
0
0
0
0
0
0
0
0
0
2815
2832
2816
2868
2825
2825
2833
2825
2870
2817
2817
2816
0
0
0
0
0
0
0
0
0
0
0
0
0
0
0
0
0
0
0
0
0
0
0
0
2603
2838
2822
2816
2857
2815
2839
2829
2818
2849
2821
2815
0
0
124
953
1878
1202
1630
986
547
1149
1115
2861
0
0
0
0
0
29
0
0
0
0
1963
2788
1211
1750
752
2234
2352
1808
2027
823
1894
1971
1446
1475
2832
2823
2815
2852
2821
2819
2827
2817
2861
2818
2823
2818
2819
2839
2227
2150
1567
2818
2845
2754
2753
525
2822
2819
0
0
0
0
0
0
0
0
0
0
0
0
0
0
0
0
0
0
0
0
0
0
0
0
2820
2817
2852
2839
2838
2829
2820
2849
2814
2828
2830
2825
2835
2822
2819
2846
2816
2827
2832
2816
2854
2819
2827
2831
2832
2832
2822
2826
2843
2820
2833
2819
2821
2851
2822
2821
823
1325
1128
0
143
0
0
0
0
0
0
0
0
0
0
0
0
0
0
0
0
0
0
0
0
208
0
371
749
199
822
144
960
1055
358
595
2819
2830
2809
2859
2817
2815
2833
2815
2857
2816
2814
2796
2821
2821
2845
2800
2859
2817
2807
2833
2817
2861
2823
2797
2860
2823
2832
2829
2821
2860
2818
2818
2831
2821
2864
2867
2149
185
582
111
0
0
0
0
0
0
0
0
0
0
0
0
0
0
341
10
846
1216
678
1212
1491
1067
2085
1650
2480
2795
2120
2815
2862
2822
2854
2815
2832
2825
2384
2819
2862
2821
2822
1923
2751
2224
2322
2271
1682
2247
2224
1527
2064
1533
2046
1979
1073
1876
1091
917
430
0
334
640
0
590
0
493
563
0
0
1097
0
970
1138
654
957
142
1099
1256
1011
1301
439
479
2816
2835
2827
2859
2820
2823
2467
2821
2887
2815
2806
2819
2819
2819
1970
2819
2851
2818
2767
2847
2757
2905
2783
2817
538
0
417
0
323
532
0
110
0
0
164
136
781
438
0
0
0
0
0
0
0
0
0
0
2852
2832
2832
2831
2815
2851
2812
2920
2828
2829
2864
2848
1535
291
1385
1345
736
1157
96
784
884
335
823
752
709
951
0
769
644
688
1005
231
1533
1728
1565
2143
2372
1671
871
0
0
0
0
0
0
0
0
0
0
0
0
0
0
0
0
0
0
0
0
0
459
1597
1732
1326
1609
561
1893
2160
2231
2827
2865
2845
2817
2850
2815
2763
2826
2896
2877
2112
578
0
0
0
2826
2818
2864
2817
2823
2878
2916
2864
2825
2815
2832
2833
542
400
1304
311
1480
1238
0
234
0
0
0
0
2271
2818
2905
2820
2858
2843
2819
2839
2818
2858
2817
2804
0
0
0
0
0
0
0
0
0
0
0
0
0
0
0
0
0
651
282
1509
1885
1217
1701
1242
0
0
0
0
0
0
0
0
0
0
0
0
2817
2835
2819
2865
2818
2815
2834
2819
2858
2825
2818
2824
0
0
33
0
0
0
621
0
553
0
1681
1706
0
0
0
0
0
0
449
727
0
471
0
0
83
0
0
0
0
0
0
0
0
0
0
0
2837
2822
2863
2820
2815
2811
2816
2864
2816
2796
2834
2846
0
0
0
0
0
0
0
0
0
0
0
0
1219
743
0
0
0
0
0
0
0
0
0
0
2829
2826
2794
2854
2815
2827
2821
2816
2855
2819
2832
2817
2817
2847
2822
2839
2852
2832
2822
2827
2798
2851
2820
2819
2843
2818
2842
2818
2807
2839
2816
1875
728
0
0
0
1471
560
1639
1840
2486
2849
855
1774
2020
533
464
0
2519
2559
2863
2821
2819
2830
2800
2863
2823
2818
2827
2834
2010
2178
2706
1871
2816
2835
2784
2825
2848
2817
2834
2839
2816
2831
2818
2867
2838
2809
2835
2823
2837
2845
2819
2826
2850
2827
2825
2827
2820
2851
2833
2819
2828
2814
2857
2855
0
0
0
0
0
0
0
568
1367
908
1120
1232
362
1163
638
1848
2290
1912
2797
1953
2719
2772
1959
1951
2364
1407
1947
1281
1792
1861
951
1779
1520
2288
2275
2146
2795
2806
2832
2827
2839
2825
2815
2854
2815
2858
2821
2823
2869
2498
1793
528
48
0
0
0
0
0
0
0
0
0
0
0
0
0
0
0
0
0
0
0
2915
2846
2909
2822
2818
2783
2903
2864
2816
2817
2828
2831
119
0
342
0
319
608
0
801
0
633
487
0
419
498
0
478
0
814
1115
1015
2125
1831
2820
2825
2864
2819
2823
2826
2817
2859
2814
2809
2840
2791
2864
2966
0
0
0
239
0
539
0
0
0
0
0
0
0
0
0
0
0
0
0
0
0
0
0
0
2813
2834
2822
2862
2815
2813
2694
2817
1622
2279
2144
2240
0
0
0
0
0
0
469
0
533
189
0
0
2497
2710
2819
2179
2820
2845
2819
2819
2864
2818
2847
2849
2830
2858
2817
2817
2875
2819
2843
2823
2818
1479
1389
272
1191
2063
1921
1750
2062
1104
2435
2720
2435
2773
2513
2261
0
0
0
0
0
0
0
0
370
0
752
1456
1696
1879
791
1338
832
1273
1158
311
794
250
719
755
1720
1877
2010
1328
2251
1856
2448
2730
2099
2821
2855
2864
2818
2818
2819
2813
2859
2848
2832
2821
2819
2853
2819
2799
0
0
0
0
0
0
0
0
0
0
0
0
1287
251
1195
1344
1183
1561
475
1823
1972
1742
2033
2363
1964
334
2855
2823
2819
1623
2816
2859
2779
2842
2806
2838
2826
2829
2820
2855
2819
2817
2243
1984
251
748
292
0
213
773
574
1188
279
1711
1792
1488
1851
803
1764
1696
2864
2818
2819
2838
2817
2887
2817
2838
2853
2832
2883
2880
0
0
0
280
0
669
0
1150
1348
1007
1968
2559
2827
2821
2855
2820
2825
2832
2819
2859
2774
2811
2806
2832
1930
1066
804
0
0
0
0
0
0
0
0
0
0
0
0
0
0
0
0
0
0
0
0
0
260
1333
1296
690
1152
277
1082
1178
343
832
130
0
2819
2832
2826
2821
2837
2818
2866
2818
2819
2831
2823
2816
2837
2851
2867
2820
2821
2842
2813
2855
2817
2809
2844
2831
0
0
0
0
0
0
0
0
0
0
0
0
792
685
0
853
325
903
966
368
1086
720
1218
1122
2856
2821
2818
2831
2825
2855
2820
2819
2846
2817
2858
2843
2883
2850
2822
2822
2850
2832
2832
2832
2816
2838
2815
2818
2359
2288
1600
664
482
0
0
0
0
0
0
0
0
0
0
0
0
0
0
0
0
0
0
0
2761
2818
2774
2877
2831
2826
2833
2847
2822
2830
2816
2815
651
0
568
0
245
476
0
407
0
702
868
1168
2821
2812
2831
2759
2860
2818
2800
2773
2814
2862
2816
2819
0
226
0
0
0
0
0
0
0
0
0
0
0
0
0
0
0
0
0
0
128
0
804
815
767
1139
0
1046
1168
863
1232
334
1488
1408
1069
1173
2815
2833
2816
2869
2826
2816
2928
2871
2892
2821
2815
2818
2816
2832
2822
2814
2848
2815
2832
2828
2817
2821
2559
2129
0
0
0
0
0
0
0
0
0
0
0
0
0
0
0
0
0
0
0
0
91
0
931
1402
1576
2395
1856
2464
0
2834
2815
2963
2832
2825
2847
2832
0
0
0
0
0
0
0
0
0
0
0
0
2820
2819
2842
2817
2848
2823
2822
2847
2823
2845
2818
2819
2842
2816
2821
2841
2816
2848
2816
2821
2851
2818
2837
2832
0
0
0
0
0
0
0
0
0
0
0
0
1425
2429
1936
2112
2174
1301
2192
2444
2640
2784
1840
1423
2905
2832
2822
2858
2819
2821
2844
2817
2822
2779
2819
2814
758
759
0
600
0
0
244
0
498
435
0
0
2837
2815
2775
2859
2818
2848
2799
2811
2862
2818
2834
2843
0
0
0
0
0
0
0
0
0
0
0
0
2848
2819
2848
2819
2817
2832
2804
2851
2817
2822
2846
2839
1875
1127
1841
1136
1200
1777
0
806
456
545
671
679
2289
2683
1331
2392
2544
1936
2229
819
1719
1830
1311
1230
2815
2830
2818
2864
2820
2822
2833
2818
2865
2816
2819
2820
0
112
0
0
0
0
0
0
0
0
0
0
0
0
0
0
0
0
0
0
0
90
0
0
2816
2849
2817
2834
2819
2827
2850
2817
2832
2826
2814
2814
0
0
0
0
0
0
0
0
0
0
0
0
80
0
0
0
0
446
0
336
0
0
464
658
2823
2822
2838
2822
2850
2817
2822
2161
2445
1192
1235
1175
2082
2800
2817
2801
2813
2874
2816
2815
2832
2820
2864
2864
2623
899
1365
1127
351
1143
0
0
0
0
1101
2819
0
0
0
0
0
0
0
0
0
0
0
0
2819
1506
1494
887
2379
2820
2589
2825
2857
2826
2818
2823
0
0
247
1664
1671
2815
2811
2819
2818
2862
2823
2837
0
1200
2747
2845
2817
2843
2815
2817
2848
1670
0
0
709
0
0
0
0
0
0
714
1648
1383
2604
2818
551
1225
884
1781
2135
1302
2075
1163
2823
2825
2846
2837
2829
2839
2805
2846
2813
2815
2844
2817
2835
2802
2815
2818
2608
1767
319
414
0
0
0
0
0
0
0
0
2854
2815
2818
2843
2817
2838
2816
2810
2843
2819
2838
2843
0
0
0
0
0
177
0
551
1026
439
1695
2353
2849
2815
2837
2880
2810
2851
2827
2839
2845
2831
2853
2847
161
0
0
0
0
0
0
0
0
0
0
0
0
0
0
0
0
0
0
0
0
0
0
0
2864
2816
2817
2848
2829
2833
2822
2816
2850
2817
2823
2831
2825
2845
2825
2822
2851
2822
2838
2818
2817
2843
2817
2820
0
0
1908
2679
2817
2848
2735
2829
2828
2820
2851
2842
2129
1127
1535
1888
2302
2832
2667
2816
2825
2819
2835
2815
2829
2820
2858
2821
2815
2832
2817
2862
2820
2822
2829
2830
2829
2819
2821
2849
2821
2820
2832
2818
2852
2819
2819
2824
777
455
0
14
0
0
0
0
0
0
0
0
0
0
0
0
0
0
0
0
0
0
0
0
0
0
0
0
0
160
0
479
871
459
1313
1641
2069
2710
2002
2818
2823
2743
2830
2848
2823
2818
2833
2823
1885
1167
1993
1080
1840
1983
1041
1808
1624
2032
2028
2040
2818
2821
2833
2828
2864
2819
2816
2834
2818
2862
2819
2819
2843
2845
2842
2853
2805
2855
2822
2832
2811
2815
2830
2860
769
0
0
0
0
0
0
0
0
0
0
0
0
0
0
0
0
0
0
0
0
0
0
0
2821
2844
2821
2862
2816
2832
2834
2815
2863
2819
2809
2819
1313
1328
696
1294
808
1959
1867
1695
2415
1939
2791
2822
2867
2819
2818
2837
2813
2861
2829
2819
2837
2819
2852
2853
2821
2875
2811
2819
2832
2817
2862
2823
2822
2099
2320
1895
0
0
0
0
0
0
0
0
0
0
0
0
0
0
0
0
0
0
0
400
171
838
1099
1424
2820
2819
2843
2810
2855
2819
2816
2477
2817
2855
2819
2816
2873
2818
2815
2839
2818
2859
2817
2814
2836
2822
2854
2862
2823
2862
2816
2819
2843
2827
2859
2816
2830
2849
2803
2820
2811
2823
2320
1495
1301
0
557
38
0
0
0
0
0
0
13
0
229
502
0
946
464
1357
1642
1968
2046
2419
1439
2151
1978
2031
2180
1339
2194
2256
1923
1825
2845
2768
2814
2849
2819
2832
2826
2819
2850
2817
2826
2832
2809
2828
2826
2818
2861
2815
2817
2832
2827
2861
2819
2432
0
96
0
0
0
0
0
49
0
173
0
1184
880
80
1104
1088
731
979
0
1099
1104
913
1275
1360
2817
2815
2841
2827
2832
2821
2819
2851
2815
2839
2819
2825
2829
2826
2818
2847
2817
2827
2826
2832
2857
2818
2822
2819
0
0
0
0
0
0
0
0
0
0
0
0
0
0
0
0
0
0
0
0
0
0
0
0
2817
