2813
2820
2797
416
1115
0
9
0
2
0
0
0
2813
2813
2827
2811
2861
2815
2827
2818
2817
2862
2818
2901
1489
1599
1598
1706
1718
1727
1825
1847
1930
1947
1972
2031
0
37
9
11
26
12
50
16
11
35
23
22
0
0
0
0
0
0
0
32
0
0
0
0
2695
2752
2768
2771
2814
2812
2837
2814
2875
2817
2814
2813
157
222
229
257
286
258
261
305
237
290
268
272
538
482
495
511
499
549
506
506
524
511
551
556
650
733
654
656
678
656
682
657
659
685
663
668
753
741
781
736
733
758
749
781
747
752
773
765
683
621
592
623
634
590
624
608
624
608
614
603
2813
2807
2832
2812
2832
2811
2817
2843
2811
2831
2818
2817
2353
2417
2450
2492
2519
2535
2618
2641
2687
2728
2755
2826
475
456
432
430
457
432
454
434
432
464
447
447
2837
2812
2843
2813
2807
2834
2816
2838
2815
2810
2842
2835
2815
2842
2814
2836
2817
2814
2841
2816
2826
2822
2818
2802
2733
2813
2482
2815
2830
2695
2809
2335
2828
2820
2512
2544
2440
2109
2513
1335
2402
2556
2320
1479
2091
2819
2823
2822
2820
2793
2773
2822
2843
2815
2835
2814
2827
2841
2832
2812
2857
2819
2821
2832
2818
2864
2821
2819
2827
2814
2861
2861
2752
2836
2817
2815
2828
2811
2871
2805
2870
2820
2811
2824
2826
2813
2851
2809
2832
2823
2822
2847
2822
2827
2823
2822
2820
2822
2813
2849
2819
2828
2825
2811
2855
2817
2813
2827
2751
2813
2811
2816
2858
2816
2814
2841
2875
2859
2803
2816
2858
2811
2814
2832
2816
2858
2812
2814
2831
2816
2855
2861
0
0
0
448
0
688
0
1377
1664
1495
2315
2594
0
0
0
0
0
0
0
0
0
102
0
0
2820
2823
2811
2854
2815
2830
2828
2804
2862
2859
2800
2857
2815
2902
2842
2815
2857
2807
2818
2830
2814
2863
2819
2815
2864
2815
2815
2837
2818
2847
2817
2816
2837
2818
2848
2849
2818
2861
2825
2814
2832
2816
2842
2824
2814
2836
2809
2815
2864
2802
2864
2861
2832
2859
2886
2453
1868
201
0
0
2821
2255
2819
2832
2527
2815
1979
2819
2830
2782
2814
2818
2846
2845
2849
2837
2286
2238
1312
0
0
0
0
0
0
0
0
0
0
0
0
0
0
0
0
0
0
0
0
0
0
0
0
0
0
0
0
0
2848
2806
2830
2821
2814
2847
2812
2823
2829
2814
2848
2849
1800
0
2818
2803
1940
2832
2853
2817
2810
2821
2815
2801
2816
2817
2848
2815
2831
2828
2816
2848
2804
2832
2817
2819
2836
2816
2815
2845
2817
2837
2815
2818
2846
2806
2838
2848
2818
2819
2821
2816
2861
2816
2845
2831
2817
2859
2815
2816
0
511
568
0
1096
371
1373
1588
1279
2032
957
1276
0
0
0
0
0
0
0
0
0
0
0
0
0
0
0
0
0
0
0
0
0
0
0
0
2188
991
1966
903
1974
2020
1829
2177
1055
1917
2614
2532
0
170
0
173
0
27
574
0
782
53
828
1063
2864
2819
2815
2831
2827
2857
2822
2811
2830
2813
2864
2859
2817
2793
2821
2823
2832
2825
2851
2821
2765
2821
2815
2806
2826
2810
2851
2815
2821
2832
2819
2859
2818
2818
2829
2827
2812
2833
2815
2869
2814
2817
2846
2811
2845
2816
2817
2815
2818
2822
2832
2816
2863
2822
2821
2832
2818
2863
2821
2811
0
0
0
0
0
0
0
0
0
0
0
0
0
0
0
0
0
0
0
0
0
0
0
0
0
0
0
0
0
0
0
0
0
0
0
0
586
343
1072
693
314
2362
1965
2816
1715
2832
2786
2816
2805
2817
2842
2816
2843
2815
2815
2838
2814
2847
2817
2815
2838
2819
2815
2845
2816
2841
2816
2814
2848
2816
2845
2837
2817
2863
2819
2815
2832
2816
2858
2811
2815
2835
2814
2810
995
1712
1243
2266
2531
2000
2679
2856
2816
2816
2079
1923
0
0
0
0
0
0
0
0
0
0
0
0
2815
2812
2874
2848
2819
2825
2770
0
0
0
0
0
0
0
0
0
0
0
0
103
0
277
0
64
2815
2857
2817
2813
2837
2814
2810
2817
2815
2830
2815
2815
2837
2819
2859
2815
2815
2836
2817
2851
2818
2814
2838
2838
208
0
2671
2592
1884
1969
2828
2806
2784
495
2830
2779
2822
2813
2847
2820
2846
2815
2818
2847
2811
2835
2834
2814
2849
2818
2816
2841
2826
2837
2822
2817
2847
2813
2832
2847
2817
2849
2815
2817
2840
2818
2839
2823
2815
2851
2815
2817
0
0
0
0
0
0
0
0
0
0
0
0
0
0
0
0
0
0
0
0
0
0
0
0
2823
2816
2848
2816
2783
2823
2821
2851
2818
2831
2819
2819
2136
1739
2084
816
1923
1812
0
2097
871
2063
0
2020
2490
2732
2463
2785
1788
2819
2821
2559
2814
2856
2817
2816
2858
2862
2818
2829
2816
2854
2817
2821
2830
2815
2858
2862
2834
2860
2819
2974
2834
2817
2853
2818
2814
2832
2819
2816
0
0
0
0
0
0
0
0
0
0
0
0
720
0
419
0
0
43
0
0
0
0
0
0
2816
2820
2829
2817
2846
2815
2819
2819
2815
2850
2817
2820
773
2198
2256
1999
2279
735
2479
2640
2391
2640
1911
2449
1455
1126
1670
1724
963
1779
1492
1973
1999
1269
2095
2220
2829
2809
2859
2816
2814
2831
2822
2873
2817
2816
2830
2832
2356
1919
2318
1271
2256
2506
2015
2641
1291
2725
2821
2832
819
730
0
778
0
705
697
131
789
166
845
879
895
1841
1836
1174
1584
847
1771
1828
1141
1633
695
624
2820
2853
2805
2815
2829
2817
2859
2816
2815
2830
2816
2816
0
334
0
0
240
0
336
48
0
381
0
0
0
0
0
0
0
0
0
0
0
0
0
0
2813
2821
2835
2820
2865
2823
2823
2846
2800
2848
2802
1291
0
0
0
0
0
0
0
0
0
0
0
0
0
0
0
0
0
0
0
0
0
0
0
0
0
0
0
0
0
0
0
0
0
0
0
0
975
0
0
1153
168
0
735
1976
2083
0
2850
2838
0
0
0
0
0
0
0
0
0
0
0
0
2831
2821
2822
2850
2823
2823
2818
2815
2851
2817
2823
2822
2822
2851
2802
2832
2839
2815
2849
2816
2813
2837
2817
2815
979
2816
2835
2459
2821
1772
2816
2826
2825
2807
2851
2852
2127
1355
2377
1856
2195
2365
1503
2611
2464
2559
2739
2725
2826
2819
2851
2822
2826
2827
2822
2864
2820
2893
2832
2831
2846
2837
2818
2267
2821
2842
2746
2835
2311
2817
2896
2839
1495
1092
1075
1237
427
1344
1456
1351
1280
507
1485
1552
2849
2827
2830
2829
2818
2859
2816
2831
2832
2817
2839
2857
2815
2849
2817
2832
2823
2821
2848
2823
2833
2822
2819
2817
961
1141
0
1099
853
713
971
0
993
864
751
724
1526
871
1260
0
944
960
0
779
0
475
400
347
2818
2843
2832
2822
2857
2819
2825
2827
2810
2859
2725
2815
0
0
49
0
124
0
0
332
0
147
0
0
48
0
0
159
0
528
0
623
703
0
790
720
2469
2821
2848
2817
2806
2475
2815
2864
2820
2873
2430
2510
0
0
0
0
0
0
0
0
0
0
1406
1303
0
0
0
0
0
0
0
0
0
0
0
0
2864
2797
2819
2502
2823
2832
2746
2806
2183
2687
1587
1645
2816
2844
2816
2815
2842
2818
2845
2762
2930
2844
2786
2813
0
0
0
0
0
0
0
0
0
0
0
0
0
0
0
0
0
0
0
0
0
0
0
0
2816
2816
2833
2822
2859
2815
2814
2786
2813
2859
2815
2823
0
0
0
0
0
3
0
0
0
0
0
0
2287
2108
1961
2271
1522
2475
2388
2591
2775
1915
2804
2817
2863
2825
2850
2803
2823
2842
2819
2870
2815
2808
2846
2853
2769
2849
2819
2834
2819
2817
2819
2815
2831
2818
2826
2819
2635
2624
1873
2435
1930
2559
2736
1851
2525
1968
2612
2557
2839
2821
2815
2848
2815
2832
2810
2825
2911
2823
2813
2827
2813
2864
2814
2815
2833
2816
2863
2821
2817
2838
2813
2818
531
1015
29
957
952
302
912
0
781
898
353
511
0
0
0
0
0
0
0
0
0
0
0
0
2813
2821
2851
2817
2848
2818
2817
2842
2823
2839
2819
2826
256
0
304
0
299
15
0
359
0
480
417
321
0
0
0
0
0
0
0
0
0
0
0
0
2401
2815
2842
2759
2813
1735
2635
2520
2496
2601
1639
1597
1351
0
2170
2672
2139
2424
1627
2823
2815
2832
2817
2802
0
195
0
68
0
0
171
0
256
207
0
0
2224
1919
1944
688
1535
1571
1155
1470
99
1160
1082
964
2813
2877
2832
2800
2854
2821
2832
2830
2814
2832
2818
2822
0
816
1040
1127
1381
208
1359
439
1748
1962
912
1699
0
0
0
0
0
0
0
0
0
0
0
0
0
0
0
0
0
0
0
0
0
0
0
0
0
0
0
0
0
0
0
455
981
1530
1510
0
0
0
0
0
0
0
0
0
0
0
0
0
2841
2819
2825
2821
2820
2851
2817
2832
2821
2815
2845
2851
2809
2860
2789
2829
2805
2741
2853
2806
2790
2833
2791
2817
1261
1904
1203
1805
1812
1071
1805
1268
1843
1875
1073
1023
2695
1803
2365
2152
2032
2161
1264
2063
1953
1857
2011
1918
2819
2813
2838
2807
2833
2820
2819
2845
2821
2854
2816
2813
480
1398
1254
578
1316
432
1138
1152
0
1167
511
640
1077
62
1105
1229
717
1279
287
1403
1472
1094
1463
1504
2844
2814
2779
2811
2818
2859
2819
2847
2802
2818
2847
2851
835
0
748
760
382
0
0
1768
1784
7
1232
2816
1184
1130
342
1115
306
947
1168
304
976
752
972
998
2850
2818
2818
2071
2823
2842
2766
2863
1952
2719
2512
2164
2820
2855
2817
2823
2855
2807
2849
2815
2816
2835
2818
2821
0
391
0
0
165
0
684
80
598
624
0
454
292
0
401
0
0
271
0
571
0
758
871
951
2817
2811
2841
2819
2849
2818
2822
2804
2817
2838
2818
2822
2864
2817
2791
2406
2831
2867
2811
2817
2303
2815
2852
2862
1431
619
1372
1362
767
1422
469
1585
1422
894
1563
1516
1338
1867
1289
1776
1808
987
1869
1124
1840
1762
1137
1115
2583
1638
1555
2861
2835
2854
2804
2819
2853
2803
2825
2816
0
0
0
0
0
0
0
0
0
0
0
0
0
0
0
0
0
0
0
0
0
0
0
0
2816
2855
2821
2823
2841
2819
2849
2813
2819
2837
2875
2830
0
0
0
0
0
0
0
0
0
0
0
0
0
0
0
0
0
0
0
0
0
0
0
0
2813
2815
2837
2815
2835
2815
2818
2839
2817
2838
2825
2823
1754
1335
1791
755
1734
1800
1511
2027
767
2034
575
2610
2832
2839
2667
2818
2183
2816
2833
2657
2811
2298
2885
2814
2846
2824
2823
2829
2736
2836
2815
2824
2827
2815
2859
2864
2704
2853
2827
2835
2821
2825
2848
2817
2846
2867
2816
2864
651
878
0
787
868
467
859
0
899
879
563
658
1708
1117
1456
13
1088
1040
549
775
0
580
576
554
2819
2865
2829
2817
2853
2815
2831
2829
2817
2847
2819
2821
811
2069
1989
1943
2219
1331
2477
2423
2465
2819
1779
2836
562
0
477
672
0
695
0
754
883
503
961
1091
2821
2807
2832
2820
2826
2805
2817
2850
2817
2859
2720
2693
1754
1760
2006
1193
1877
1964
1840
2078
1187
2505
2863
2842
1074
802
496
823
0
701
768
676
899
0
841
836
1023
2094
2032
1654
1895
647
1808
1812
1328
1535
477
331
2830
2838
2814
2818
2825
2819
2855
2815
2815
2829
2818
2816
0
0
0
0
0
0
0
0
0
0
0
0
0
0
0
0
0
0
0
0
0
0
0
0
2823
2815
2835
2819
2857
2817
2821
2838
2806
2851
2817
2813
0
0
0
0
0
0
0
0
0
0
0
0
1072
404
1271
858
0
0
0
0
0
0
0
0
1987
2605
1685
2479
2487
1903
2555
1618
2416
2379
1699
1727
0
0
0
0
0
0
0
642
62
0
2293
2071
0
0
0
0
0
0
0
0
0
0
0
0
2192
2480
2311
1492
2063
1207
1887
1790
843
1488
800
464
2819
2862
2816
2839
2832
2817
2850
2823
2818
2834
2819
2804
867
1130
1738
1783
2065
0
2746
2208
2517
2819
2255
2256
2279
1680
2431
1914
2653
2715
2071
2823
2854
2820
2813
2813
2833
2819
2845
2800
2843
2816
2819
2847
2817
2837
2827
2822
2854
2705
2762
1725
2800
2385
2370
2621
1290
2707
2821
2832
0
0
0
0
0
0
0
0
0
0
0
0
575
1362
1184
1065
1238
287
1357
1226
1101
1328
268
258
1690
663
567
2822
2731
2828
2867
2816
2824
2817
2822
2812
0
0
0
0
0
0
0
0
0
0
0
0
0
0
0
0
0
0
0
0
0
0
0
0
2817
2834
2825
2811
2848
2817
2821
2819
2838
2868
2811
2815
0
0
0
0
0
0
0
0
0
0
0
0
1221
11
1328
1296
965
1471
349
1616
1616
1339
1749
2055
2818
2815
2850
2817
2825
2869
2818
2847
2823
2827
2823
2825
1622
1523
2015
719
2175
2165
1527
1984
1424
2545
2821
2656
1427
1381
960
1479
265
1360
1509
1271
1417
299
1451
1513
2859
2821
2817
2735
2821
2856
2823
2818
2375
2817
2852
2696
1845
1884
2395
2302
1775
2352
1840
2439
2372
1699
2412
2559
0
0
0
0
0
0
0
0
0
0
0
0
1701
1070
1566
576
1424
1443
957
1655
629
1636
1767
1847
2819
2814
2835
2813
2859
2817
2820
2837
2814
2859
2817
2820
0
0
0
0
0
0
0
0
0
0
0
0
2814
2837
2820
2818
2671
2817
2837
2862
2832
2776
1815
228
2853
2815
2821
2825
2815
2845
2822
2815
2821
2813
2857
2859
1042
0
1072
1535
2805
2867
2832
2821
2855
2821
2814
2816
0
0
0
0
0
0
0
0
0
0
0
0
2116
2033
1810
0
0
0
0
0
0
0
0
0
2807
2829
2813
2811
2844
2816
2832
2816
2818
2835
2815
2819
2144
999
1238
0
0
0
0
0
0
0
0
0
2816
2845
2815
2833
2821
2816
2851
2819
2823
2826
2815
2819
2821
2816
2849
2827
2823
2831
2815
2851
2815
2831
2822
2826
0
0
0
0
0
0
0
0
0
0
0
0
0
0
0
0
0
0
0
0
0
0
0
0
2847
2816
2815
2829
2817
2864
2815
2816
2832
2809
2864
2864
1783
688
0
2813
2832
2471
2850
2815
2821
2832
2820
2817
0
0
0
0
0
0
0
0
0
0
0
0
2814
2842
2813
2834
2815
2818
2847
2817
2832
2819
2815
2786
2816
2821
2835
2814
2842
2817
2817
2846
2818
2851
2816
2822
0
0
0
0
0
0
0
0
0
0
0
0
2817
2842
2817
2814
2848
2815
2837
2819
2815
2839
2815
2817
2839
2814
2837
2819
2819
2842
2823
2833
2825
2817
2847
2850
0
0
0
0
0
0
0
0
823
0
0
2631
0
0
0
0
0
0
0
0
0
0
0
0
2817
2660
2814
2852
2818
2815
2682
2814
2672
2798
2818
2663
2819
2720
2818
2823
2835
2806
2825
2825
2815
2851
2816
2820
2853
2815
2816
2823
2816
2864
2818
2811
2833
2819
2866
2848
2816
2846
2815
2816
2818
2813
2869
2815
2819
2839
2817
2813
2835
2807
2863
2817
2819
2832
2816
2853
2817
2810
2838
2844
0
0
0
0
0
0
0
0
0
0
0
0
2490
2368
2000
2509
1264
2608
2722
2343
2818
2643
2819
2816
2880
2818
2815
2832
2819
2858
2816
2815
2833
2816
2855
2882
0
0
0
0
0
0
0
0
1797
1325
2447
2816
0
0
0
0
0
0
0
0
0
0
0
0
2821
2834
2817
2877
2818
2814
2832
2815
2862
2819
2816
2811
2821
2816
2830
2815
2857
2820
2815
2828
2810
2859
2816
2797
2851
2819
2813
2834
2814
2838
2805
1784
1153
2432
0
0
2768
2849
2816
2821
2608
2819
2841
2819
2814
2843
2815
2815
2849
2818
2833
2807
2815
2848
2819
2836
2815
2816
2843
2843
0
0
0
0
0
0
0
0
0
0
0
0
0
0
0
0
0
0
0
0
0
0
0
0
2838
2479
2787
1567
2819
2816
2384
2832
2848
2737
2817
2822
0
2839
2849
2825
1095
1660
2803
2448
2175
2841
2816
2808
687
1791
1840
1444
1678
615
1648
1736
1381
1816
451
720
2809
2837
2813
2860
2830
2821
2849
2815
2832
2818
2815
2815
2815
2813
2843
2815
2838
2814
2817
2854
2813
2847
2818
2815
0
0
0
0
0
0
0
0
0
0
0
0
656
752
528
912
0
1237
1341
1105
1520
568
1799
1728
762
1704
1471
933
1434
510
1999
2817
2833
2812
2864
2853
0
0
0
0
0
0
0
0
0
0
0
0
0
0
0
0
0
0
0
0
0
0
0
0
2835
2819
2815
2850
2823
2833
2826
2821
2852
2608
1664
337
2821
2819
2830
2810
2840
2819
2814
2822
2819
2887
2816
2814
2855
2822
2825
2833
2815
2846
2819
2815
2839
2820
2835
2847
2863
2854
2814
2814
2839
2819
2848
2823
2816
2881
2815
2816
2859
2817
2855
2818
2817
2832
2817
2862
2817
2814
2839
2837
0
0
0
0
0
0
0
0
0
0
0
0
2816
2773
2850
2819
2837
2817
2817
2849
2819
2835
2815
2822
0
751
740
0
997
508
1307
1520
1087
2083
1728
2073
0
0
0
0
0
0
0
0
0
0
1059
714
2103
2815
2845
2837
2815
2391
2814
2851
2815
2813
2145
1859
1803
1085
2290
2086
2747
2816
2838
2815
2841
2817
2817
2815
2810
2815
2845
2814
2859
2813
2815
2832
2814
2842
2832
2822
2851
2817
2817
2842
2817
2854
2821
2779
2845
2859
2786
549
2820
2843
2815
2817
2846
2816
2837
2821
2816
2851
2821
2815
551
1808
1986
2138
2820
2832
2816
2817
2825
2811
2863
2847
0
0
0
0
0
0
0
0
0
0
0
0
2815
2858
2850
2759
724
0
0
0
0
0
0
0
2832
2818
2829
2845
2819
2829
2827
2817
2849
2817
2823
2818
2801
2827
2859
2862
2895
2857
2863
2768
2845
2858
2816
2815
0
0
0
0
0
0
0
0
0
0
0
0
2814
2855
2817
2817
2832
2819
2864
2288
2103
1515
2698
2819
2832
2813
2848
2818
2816
2832
2815
2801
2786
2813
2837
2841
0
0
0
0
621
1736
1569
2016
255
1009
738
440
0
0
0
0
0
0
0
0
0
0
0
0
2861
2815
2816
2839
2814
2850
2815
2812
2839
2817
2845
2844
2630
1508
927
0
0
0
0
0
0
0
0
0
0
0
0
0
0
0
0
0
0
0
0
0
1008
0
353
0
0
35
0
144
0
0
670
827
2931
2839
2861
2896
2859
2808
2822
2830
2823
2874
2819
2814
0
0
0
0
0
0
0
0
0
1648
2850
2854
2826
2856
2815
2813
1951
2703
2028
2409
2491
1435
1943
1535
2830
2815
2849
2818
2817
2827
2816
2859
2817
2822
2835
2830
0
0
0
0
0
0
0
0
0
0
0
0
1074
655
0
592
256
1146
1232
347
527
0
0
0
2846
2810
2815
2845
2801
2842
2823
2813
2843
2815
2832
2837
2799
2844
2819
2818
2843
2818
2845
2720
2818
2844
2819
2830
0
0
0
0
0
0
0
0
0
0
0
0
2817
2845
2816
2831
2820
2818
2845
2816
2825
2819
2819
2796
2816
2743
2849
2816
2835
2819
2811
2847
2815
2832
2821
2818
2821
2791
2818
2859
2821
2823
2826
2817
2851
2817
2814
2817
2813
2835
2821
2817
2851
2814
2823
2819
2816
2855
2814
2825
2861
2816
2813
2832
2819
2858
2815
2819
2835
2812
2850
2850
0
0
0
0
0
0
0
0
0
0
0
0
0
0
0
0
0
0
0
0
0
0
0
0
0
0
0
0
0
0
0
0
0
0
0
0
2818
2819
2832
2842
2834
2857
2807
2879
2863
2882
2807
2839
451
1354
1185
533
1099
112
1041
1077
447
1168
434
712
2815
2864
2819
2810
2795
2819
2869
2819
2815
2830
2820
2814
2839
2816
2847
2809
2837
2843
2819
2834
2823
2818
2848
2846
0
0
0
0
0
0
0
0
0
0
0
0
0
0
0
0
0
0
640
0
1278
960
1360
1576
2834
2814
2814
2841
2817
2834
2821
2816
2849
2829
2826
2818
0
644
443
1023
0
1559
2336
2161
2739
2850
2816
2825
0
0
0
0
0
0
0
0
0
0
0
0
2822
2843
2854
2832
2831
2821
2853
2816
2830
2826
2814
2818
0
1641
1747
2815
2835
2819
2819
2852
2811
2839
2818
2818
1744
1195
1136
0
0
0
0
0
0
0
0
0
2821
2815
2825
2816
2854
2825
2823
2823
2818
2858
2901
2814
2850
2818
2823
2823
2817
2854
2779
2819
2824
2818
2862
2859
86
0
0
213
0
58
0
0
0
0
0
0
0
0
0
0
0
0
0
0
0
0
0
0
2821
2829
2813
2853
2821
2815
2833
2815
2862
2822
2816
2813
2816
2821
2767
2819
2848
2416
2814
2829
2813
1663
2818
2819
1023
2064
2128
1750
2147
1015
2215
2127
1713
2166
1179
919
1651
359
1679
1664
1151
1729
663
1428
1579
716
1174
1280
2839
2815
2862
2822
2813
2838
2814
2850
2805
2814
2839
2841
2819
2116
2519
1748
2160
2240
1618
2657
2848
2818
2815
2695
1498
1604
1239
1975
1391
2405
2512
1911
2544
1535
2671
2819
2861
2702
2817
2841
2814
2840
2826
2815
2757
2822
2837
2833
915
10
735
656
0
583
27
583
625
0
718
636
683
1360
760
1487
1483
667
1381
429
1223
1333
619
782
2821
2679
2817
2847
2826
2815
2844
2816
2862
2822
2817
2594
1854
1689
1391
2821
2865
2827
2817
2842
2814
2805
2805
2828
0
0
255
0
0
0
0
0
0
0
0
0
2818
2863
2815
2819
2834
2825
2864
2816
2822
2837
2397
1862
2849
2819
2849
2818
2816
2835
2815
2848
2886
2839
2841
2842
0
0
0
0
0
2855
2855
2864
2818
0
0
0
0
0
0
0
0
0
0
0
0
0
0
0
2821
2855
2836
2865
1850
0
0
0
0
0
0
0
0
0
0
0
0
0
0
0
0
0
0
0
0
0
0
0
0
0
0
0
0
0
0
0
0
0
0
0
0
0
0
0
0
0
0
0
2831
935
2832
2218
2811
1399
2817
2860
2816
2803
2817
2831
1792
1999
1995
1059
1981
2100
1664
1953
1104
1936
1979
1936
2819
2826
2483
2815
1567
2551
2584
2243
2665
1595
2482
2506
2881
2818
2815
2829
2816
2853
2816
2821
2822
2793
2867
2908
1681
254
1618
1681
1324
1368
399
1609
1648
1313
1606
1627
0
0
0
0
0
0
0
0
0
0
0
0
0
0
0
0
0
0
0
0
0
0
0
0
0
0
0
0
0
0
0
0
1007
113
943
0
0
0
0
0
0
0
0
0
0
0
0
0
2813
2857
2817
2816
2235
2816
2594
2742
2818
2015
2522
2463
2837
2832
2866
2817
2811
2831
2816
2868
2815
2815
2819
2832
2813
2834
2819
2863
2817
2815
2849
2818
2864
2799
2825
2807
0
0
0
0
0
0
0
0
0
0
0
0
2849
2814
2818
2794
2815
2819
2820
2817
2763
2816
2839
2842
2817
2841
2816
2815
2869
2822
2838
2819
2796
2843
2815
2814
1987
2597
2176
2597
2559
1855
2625
2000
2512
2688
1959
1789
2816
2847
2812
2819
2829
2815
2861
2819
2819
2833
2815
2817
2821
2678
2837
2855
2869
2767
2800
2852
2822
2838
2819
2823
2512
2227
2433
1296
2367
2426
2045
2309
1362
2357
2482
2464
2821
2672
2456
2651
1471
2347
2324
2160
2189
1200
2207
1893
2860
2819
2830
2823
2821
2859
2821
2818
2821
2817
2864
2851
409
0
370
362
0
270
0
0
258
0
205
272
0
0
0
0
0
0
0
0
0
231
0
0
2849
2817
2822
2431
2768
2720
2402
2815
1649
2160
1792
1354
0
0
0
0
0
0
0
0
0
0
0
0
0
0
0
0
0
0
0
0
0
0
0
0
2818
2849
2807
2927
2816
2821
2864
2815
2528
1399
1407
1171
2864
2867
2858
2839
2813
2848
2802
2804
2806
2814
2837
2836
0
0
0
0
0
0
0
2176
2863
2818
2819
2818
0
0
0
0
0
0
0
0
0
0
0
0
335
1719
1760
1403
2000
751
2090
2348
2212
2749
2347
2856
0
0
0
144
231
1648
1587
2817
2812
2823
2816
2819
0
0
0
0
0
0
0
0
0
0
0
0
2818
2885
2793
2851
2817
2814
2811
2815
2863
2819
2818
2720
0
87
0
0
0
0
0
0
0
0
0
840
2851
2775
2822
2854
2815
2848
2816
2816
2847
2818
2846
2865
2839
2859
2705
2771
1511
2204
1984
1434
1535
183
981
838
2850
2803
2859
2830
2839
2836
2820
2864
2817
2817
2832
2832
1803
1162
1782
1300
1743
1588
803
1535
1204
1535
1384
1567
702
676
0
731
165
775
961
375
1143
938
1315
1499
2869
2833
2818
2839
2815
2850
2819
2819
2839
2822
2830
2851
308
16
0
0
0
0
0
0
0
0
0
0
491
1087
196
1183
1259
487
1191
368
1174
1279
725
646
2821
2839
2816
2861
2820
2817
2841
2821
2848
2822
2811
2817
0
2814
719
2445
1935
2823
2817
2819
2821
2848
2817
2827
133
483
689
0
601
118
668
687
0
839
392
183
2416
2432
2261
2512
1519
2255
2021
2045
2160
1163
2031
1844
2765
2830
2846
2823
2817
2309
2817
2846
2784
2817
2034
1871
0
0
977
1456
2075
2823
2832
2821
2841
2820
2821
2810
2821
2820
2843
2819
1860
1574
1149
0
0
0
0
0
1554
1595
2816
2841
2817
2783
2826
2822
2886
2851
2827
2862
2800
2816
2831
2817
2832
2850
2818
2829
2821
591
0
0
0
0
0
0
0
0
0
624
1535
2231
1514
976
2812
2933
2818
2821
2821
2822
2853
2817
2815
2821
2817
2811
0
1747
1311
1141
1007
1823
2807
2866
2839
2817
2854
2858
2816
2827
2818
2858
2865
2814
2046
2815
2864
2818
2817
2811
0
0
0
0
0
0
0
0
0
0
0
0
2864
2812
2811
2834
2831
2864
2822
2826
2837
2819
2864
2861
0
0
0
0
0
0
0
0
0
0
0
0
851
2816
2832
2818
2822
2851
2817
2842
2819
2817
1014
0
1584
303
788
371
601
849
261
1482
1376
2076
2559
2825
0
225
0
0
0
0
0
0
491
123
1494
1735
1424
1657
1738
767
1291
816
1095
1121
193
1043
824
1128
2820
2831
2830
2815
2848
2813
2833
2819
2826
2847
2818
2816
2837
2819
2843
2811
2817
2843
2816
2837
2816
2819
2846
2832
1034
304
1036
1012
848
871
183
1156
1064
871
1511
1823
479
710
0
261
70
0
299
0
571
646
0
0
2512
2320
2520
1531
2697
2800
2467
2793
1599
2811
2832
2819
880
548
176
511
0
477
752
897
1530
287
1008
1264
0
0
0
0
0
0
0
0
0
0
0
0
2811
2855
2825
2832
2828
2815
2855
2817
2816
2827
2818
2837
0
0
0
1183
938
592
131
1328
2559
1936
1042
2832
1472
927
1183
215
1499
1388
1059
1507
511
1510
1564
1771
2330
2064
1582
2031
683
1852
1762
1511
1616
306
1265
1059
2853
2838
2831
2822
2813
2853
2822
2825
2829
2842
2864
2858
310
0
686
688
102
739
0
415
304
0
212
496
0
0
0
0
0
0
0
0
0
0
0
0
2816
2819
2813
2851
2817
2814
2826
2817
2851
2827
2815
2816
0
0
0
0
0
0
0
0
0
0
0
0
792
1503
1375
459
924
0
227
272
0
734
416
1136
2818
2863
2817
2817
2714
2815
2864
2814
2817
2832
2810
2826
2136
1215
2851
2817
2816
2832
2815
2847
2818
2817
2852
2846
866
0
320
0
0
433
0
819
464
1208
1439
1264
1611
1054
0
295
91
0
371
0
705
668
784
926
2843
2819
2819
2844
2817
2843
2820
2819
2847
2822
2832
2829
887
628
836
1310
272
1146
592
1451
1513
647
1607
1901
1270
1856
912
1903
1918
1445
2069
1369
1895
1786
1125
877
2817
2850
2815
2855
2823
2827
2834
2816
2845
2635
2239
1392
2815
2817
1191
2396
1812
1683
1265
237
336
75
0
675
116
616
971
241
1436
1000
611
671
0
0
0
0
2813
2839
2820
2815
2845
2820
2760
1805
1451
0
336
0
2805
2768
2707
2830
2823
2796
2833
2833
2825
2819
2849
2863
0
0
0
0
0
0
0
0
0
0
0
0
0
0
0
0
0
0
0
0
0
0
0
0
2817
2832
2823
2863
2822
2817
2829
2817
2855
2818
2819
2820
2815
2821
2822
2836
2862
2818
2815
2837
2814
2855
2819
2818
1171
2480
2757
2321
2814
2887
2819
2819
2832
2816
2864
2859
2515
2490
2820
2823
2834
2821
2853
2819
2811
2841
2811
2814
0
0
0
1076
1895
2825
2816
2919
2821
2821
2806
2833
0
0
0
0
0
0
0
0
0
0
0
0
2496
2272
1389
1747
849
1446
1534
567
1092
187
951
857
2861
2821
2815
2835
2805
2854
2821
2817
2840
2816
2859
2857
2743
1585
2478
2553
2259
2822
1599
2481
2384
1990
2443
2256
763
1329
443
1249
1340
819
1380
773
1509
1635
1085
1200
2402
1738
2459
1574
2430
2495
1856
2741
1897
2610
2819
2815
1444
1376
267
1136
738
873
800
0
724
336
283
0
684
1045
1212
260
1601
1734
1359
1841
727
1767
1664
1535
2193
2160
2032
2267
1351
2495
2372
2299
2483
1439
2543
2496
2841
2818
2844
2826
2818
2845
2838
2845
2842
2816
2858
2845
271
0
385
42
0
592
0
671
464
795
986
1057
0
0
0
0
0
0
0
0
0
0
0
0
2827
2821
2820
2850
2818
2832
2826
2817
2854
2821
2823
2817
0
0
0
0
0
0
0
0
0
0
0
0
103
1191
1402
837
1327
101
1392
1472
1049
1614
254
240
1182
507
1299
1096
1055
1950
256
656
1304
1416
537
738
2478
2481
1327
1880
1520
0
1236
0
647
1648
1648
1475
0
0
0
0
0
0
0
0
0
0
0
0
304
0
0
0
0
0
0
0
0
0
0
0
0
0
0
0
0
0
0
0
0
724
984
2873
0
0
0
0
0
0
0
0
0
0
0
0
0
0
0
0
0
0
0
0
0
496
850
2348
0
0
0
0
0
0
0
0
67
959
1648
2387
0
0
0
1712
1775
2818
2810
2838
2814
2846
2815
2816
0
0
0
0
0
0
0
0
0
439
405
881
2815
2864
2822
2816
2830
2815
2867
2815
2819
2832
2815
2814
0
0
0
0
398
0
1783
2848
1457
2821
2863
2844
2817
2833
2815
2858
2822
2817
2836
2816
2855
2816
2819
2816
0
0
0
0
0
0
0
0
144
0
181
475
2875
2819
2818
2834
2805
2862
2821
2813
2839
2819
2847
2852
0
0
0
0
0
0
0
0
0
0
0
0
391
1555
1676
1891
2260
1680
2784
2834
2827
2813
2858
2855
2736
1471
2055
1454
1788
1582
499
1378
1024
998
1157
1228
1598
2039
1279
2559
2824
2627
2818
2841
2826
2829
2822
2839
0
0
0
0
0
0
0
0
0
0
0
0
2825
2842
2825
2815
2853
2818
2832
2821
2815
2848
2815
2832
128
2819
2626
2825
2632
2830
2827
2850
2780
2819
2845
2841
0
0
0
0
0
0
0
0
0
0
0
0
2826
2814
2853
2817
2830
2555
2313
849
1424
1094
335
0
2815
2828
2821
2861
2817
2818
2827
2817
2858
2815
2818
2838
2819
2826
2832
2816
2859
2818
2816
2831
2822
2851
2817
2817
2850
2821
2831
2823
2815
2837
2818
2827
2825
2817
2862
2850
2815
2858
2816
2837
2815
2817
2848
2819
2838
2820
2815
2816
2832
2818
2867
2825
2818
2736
2806
2859
2823
2255
2559
2781
1200
543
671
273
1215
1408
0
22
0
477
0
156
2822
2817
2768
2814
2846
2826
2823
2845
2818
2855
2825
2818
2870
2839
2825
2820
2811
2861
2839
2816
2832
2817
2859
2858
0
0
0
0
0
0
0
0
0
0
0
0
1503
1901
1096
1635
1680
895
1253
572
1104
1098
331
139
2817
2832
2817
2853
2818
2812
2822
2822
2864
2821
2816
2816
0
0
0
0
0
0
0
0
0
0
0
0
1290
2159
2206
1595
2224
1553
2375
2342
1682
2448
2160
1987
2815
2865
2819
2819
2838
2817
2862
2822
2815
2839
2818
2818
0
0
0
0
0
0
1759
929
1498
0
1553
2087
0
0
0
0
0
0
0
0
0
0
0
0
2821
2815
1967
2817
1856
2422
2474
1361
2215
1954
1994
1798
2881
2815
2814
2839
2818
2855
2817
2817
2839
2858
2848
2875
0
0
0
0
0
0
0
0
17
0
627
560
0
0
0
0
0
0
0
0
0
0
0
0
2819
2851
2819
2822
2823
2807
2885
2820
2826
2818
2817
2818
2018
2037
1199
2147
1656
2096
2064
1067
1648
1952
1623
1306
2122
1813
2165
1199
2117
2192
1927
2260
1206
2443
2208
2048
2829
2847
2819
2823
2847
2823
2835
2818
2815
2844
2814
2832
1911
2822
2832
2855
2803
2843
2816
2854
2817
2791
2848
2852
0
0
0
0
0
0
0
0
0
0
0
0
1559
1765
413
1386
1376
818
1143
0
817
869
0
0
2838
2837
2817
2848
2825
2832
2817
2819
2864
2815
2831
2824
0
0
0
0
0
0
0
0
0
0
0
0
2848
2807
2821
2495
2819
2853
2815
2822
2833
2818
2851
2845
2815
2848
2820
2816
2839
2820
2846
2814
2817
2837
2817
2816
0
0
0
0
0
0
0
0
0
0
0
0
1366
743
1136
191
1045
1237
679
1039
222
1669
1940
1243
2830
2819
2838
2822
2862
2827
2817
2640
2819
2849
2815
2877
2851
2817
2559
2844
2819
2846
2825
2821
2834
2805
2849
2848
0
0
0
0
0
0
0
0
0
0
0
0
475
956
1984
895
857
0
495
528
753
105
0
0
2827
2672
2816
2855
2816
2818
2443
2817
2860
2815
2819
2818
1217
1532
144
1972
1340
1919
2496
579
1371
2104
2224
560
1584
2272
2184
1599
2337
1938
2373
2507
1895
2650
2200
1968
2819
2832
2841
2817
2852
2814
2815
2831
2817
2851
2815
2813
0
863
2186
2521
2815
2845
2816
2873
2825
2816
2842
2845
751
0
1111
496
0
0
0
0
0
0
0
0
1695
2246
981
1881
1872
1403
1648
383
1757
1732
1073
863
2833
2817
2817
2849
2816
2831
2826
2815
2854
2817
2827
2820
0
0
0
0
0
0
0
0
0
0
0
0
1503
2310
2266
2126
2368
1431
2374
2672
2372
2823
1795
2625
2811
2851
2816
2832
2822
2817
2850
2815
2831
2825
2814
2815
0
0
0
0
0
0
0
0
0
0
0
0
976
494
720
0
739
857
427
1041
11
1273
1375
1300
2822
2817
2754
2846
2815
2821
2815
2829
2819
2863
2818
2816
0
437
224
74
1770
277
1854
872
2765
2817
2850
2850
0
0
0
0
0
0
0
0
0
0
0
0
1751
2169
911
1789
1600
829
1359
174
799
991
0
0
2603
1877
2512
1489
2305
2333
1671
2336
1387
2413
2368
2353
0
0
0
0
0
0
62
0
355
66
709
0
2864
2818
2815
2755
2818
2859
2821
2816
2839
2815
2849
2847
2815
2846
2814
2818
2837
2815
2850
2816
2823
2839
2818
2821
1559
2558
2218
2160
2391
1200
2280
2222
2062
2230
1201
1424
1115
174
951
642
863
939
0
760
688
957
1072
1104
2071
2032
1345
1973
1055
2275
2226
1695
2130
1165
1944
1831
2841
2820
2816
2864
2814
2863
2827
2826
2837
2814
2846
2857
0
0
0
0
0
0
0
0
1877
2755
2815
2818
2839
2814
2842
2815
2812
2838
2813
2855
2816
2813
2838
2838
2817
2839
2805
2843
2823
2813
2846
2815
2833
2817
2819
2821
0
0
0
0
0
0
0
0
0
0
0
0
0
0
0
0
0
0
639
1969
1415
2290
2016
2836
2810
2849
2813
2817
2837
2814
2855
2813
2814
2829
2819
2818
2842
2832
2833
2824
2815
2853
2817
2902
2827
2805
2799
2864
2816
2664
1296
1366
792
0
0
0
0
0
0
0
0
0
0
0
0
0
0
0
0
0
0
0
858
0
364
0
0
222
0
0
0
271
506
818
0
0
0
0
0
0
0
0
0
0
0
0
0
0
0
0
0
0
0
0
0
0
0
0
2816
2845
2817
2822
2826
2815
2850
2817
2826
2894
2817
2811
0
0
0
0
0
0
0
0
0
0
0
0
0
0
0
0
0
0
0
0
0
0
0
0
0
0
0
0
0
0
213
0
694
400
1229
1502
0
0
0
0
502
0
736
2208
2813
2793
2855
2583
0
0
0
0
0
0
0
0
0
0
0
0
0
151
0
0
0
0
0
0
0
0
0
0
2907
2826
2815
2858
2815
2816
2832
2809
2864
2814
2821
2818
1837
1833
1151
1627
656
1442
1558
1007
1392
592
1186
1191
2862
2812
2819
2830
2822
2861
2819
2821
2832
2817
2863
2863
2816
2858
2813
2815
2833
2850
2851
2817
2815
2827
2826
2817
0
0
0
0
0
0
0
0
0
0
0
0
288
0
62
0
0
0
0
0
0
0
0
0
2820
2820
2835
2817
2845
2820
2817
2841
2825
2854
2819
2819
1468
2820
2815
2840
2751
2853
2821
2813
2843
2814
2852
2846
631
672
1219
1513
783
1915
1973
2089
2559
1811
2814
2818
2842
2816
2841
2817
2819
2848
2815
2837
2826
2800
2854
2859
2828
2833
2815
2863
2837
2817
2831
2815
2865
2822
2819
2817
2480
2817
2844
2819
2872
2823
2832
2774
2819
2862
2800
2826
0
0
571
149
1364
1280
2491
2822
2842
2804
2853
2858
624
16
0
459
0
909
578
1111
1629
1231
2665
2822
0
0
0
0
0
0
0
1376
995
0
1013
593
0
0
0
368
1108
0
0
0
0
0
0
0
0
0
0
0
0
0
0
0
0
0
0
0
2845
2850
2802
2871
2827
2879
2847
2848
2855
2820
2836
1984
2819
2861
2814
2817
2841
2814
2850
2816
2823
2843
2816
2820
0
0
0
0
0
0
0
0
0
0
0
0
2817
2841
2819
2851
2819
2785
2843
2818
2849
2826
2816
2821
2874
2806
2825
2807
2853
2821
2817
2221
2690
1760
1943
1412
368
719
1100
758
1831
2128
2381
2822
2837
2819
2827
2832
2821
2823
2803
2815
2843
2813
2807
2822
2811
2855
2819
2823
0
0
1075
0
0
0
0
0
0
237
0
0
0
0
1467
2088
2724
2806
2838
2799
2839
2816
2815
2815
1
119
0
0
0
0
0
0
0
0
0
0
2818
2886
2819
2844
2820
2821
2827
2815
2863
2810
2814
2795
1329
2132
2761
2829
2833
2806
2842
2831
2821
2847
2822
2819
2850
2819
2837
2768
2838
2848
2823
2849
2820
2821
2832
2844
2817
2854
2823
2821
2835
2813
2855
2813
2816
2820
2819
2817
0
0
0
0
0
0
0
0
943
1465
812
528
2832
2399
1622
0
0
0
0
0
0
0
0
0
880
629
0
361
0
776
1535
1863
2820
2869
2813
2819
559
2171
880
2455
2821
2851
2815
2839
2821
2787
2881
2853
2818
2862
2816
2815
2831
2811
2853
2825
2818
1738
1510
474
1904
2329
973
1930
1756
963
1370
0
686
382
0
0
2814
2829
2817
2861
2818
2826
2832
2819
2863
2823
2815
2825
2829
2851
2786
2826
2864
2821
2826
2736
2819
2852
2624
2047
2859
2812
2822
2832
2823
2864
2815
2817
2832
2813
2852
2864
2854
2858
2818
2815
2840
2818
2859
2810
2817
2839
2817
2822
0
0
0
0
0
0
0
0
0
0
0
1648
2747
2802
2743
2858
2822
2812
2830
2815
2862
2817
2813
2805
0
0
0
0
0
0
0
0
0
0
0
0
2896
2820
2826
2822
2806
2871
2813
2811
2834
2805
2886
2791
748
0
711
823
427
1143
61
1120
1583
943
1535
1946
2838
2799
2848
2817
2816
2035
2459
1778
1725
1535
430
0
2815
2823
2819
2861
2814
2818
2831
2816
2863
2818
2814
2800
2830
2815
2845
2795
2856
2838
2839
1764
631
1024
1397
0
272
1105
1152
639
1233
159
1407
1524
794
1559
461
510
2826
2880
2829
2818
2838
2839
2856
2663
2816
2001
2818
2819
0
816
944
491
0
823
1809
1628
0
2823
1639
1712
0
0
0
0
0
0
0
0
0
0
0
0
1366
1175
209
1045
864
757
719
0
483
374
0
0
2870
2811
2820
2837
2815
2857
2817
2806
2835
2817
2848
2864
0
0
0
0
0
0
0
0
0
0
0
0
2128
2817
2854
2820
2818
2842
2815
2851
2819
2818
2833
2842
2814
2800
2803
2832
2819
2815
2847
2818
2832
2816
2817
2811
0
0
0
0
0
0
0
0
0
0
0
0
1052
553
944
0
1040
944
707
1056
0
975
896
1124
1104
600
1072
993
0
877
384
671
921
0
751
668
0
246
0
0
1328
247
1316
1504
1888
2255
1173
573
0
0
0
0
0
0
0
0
0
0
0
0
1759
2030
1171
1735
1040
1457
1364
322
1252
576
771
770
2846
2821
2811
2875
2815
2837
2815
2783
2847
2809
2839
2841
2095
1092
1911
1866
175
38
736
0
403
0
728
625
455
1948
2592
2816
2813
2844
2823
2854
2819
2817
2850
2848
1089
0
1077
1308
2815
2819
2841
2815
2848
2818
2811
2813
2833
2817
2833
2809
2823
2819
2814
2853
2851
2818
2828
2827
1896
2823
2823
2853
2822
2827
2822
2817
2849
2820
2824
2819
2810
2818
2820
2814
2843
2813
2832
2815
2815
2845
2816
2815
2842
2815
2847
2815
2817
2843
2818
2860
2827
2814
2855
2875
0
0
0
0
0
0
0
0
0
0
0
0
2826
2818
2864
2818
2817
2832
2816
2848
2535
2041
835
0
2816
2831
2814
2850
2819
2815
2826
2819
2864
2816
2814
2807
1058
944
881
1036
388
1899
620
0
1296
676
341
898
1239
2461
2588
2672
2815
2651
2817
2828
2829
2821
2849
2849
2842
2854
2810
2850
2845
2819
2880
2842
2834
2833
2823
2817
0
0
0
0
0
0
0
0
1055
800
0
0
0
0
0
0
0
0
0
0
0
0
0
0
955
914
295
820
0
536
511
0
391
0
0
0
2863
2844
2851
2835
2818
2862
2815
2815
2833
2817
2863
2854
0
0
0
0
0
0
0
0
363
0
295
640
1859
2474
1712
2229
2479
1719
2559
2216
2810
2817
2124
2436
2813
2827
2810
2847
2815
2815
2825
2823
2853
2817
2818
2775
2815
2815
2096
2815
2163
2715
2813
2244
2819
1501
2617
2515
0
0
0
0
0
0
0
0
0
0
0
0
1038
0
784
786
212
720
0
685
763
0
783
763
1933
2512
1432
2530
0
2832
2816
2886
2827
2815
2825
2843
0
0
0
0
0
0
0
0
0
0
0
0
1504
1281
371
994
666
597
577
0
370
43
0
0
2850
2817
2826
2821
2813
2848
2768
2826
2817
2814
2848
2863
1664
880
1668
1409
623
1359
698
1232
1301
715
1296
1479
2435
2817
2867
2821
2819
2833
2819
2839
2821
2818
2835
2833
2818
2833
2825
2870
2855
2832
2843
2819
2848
2818
2829
2816
0
0
0
0
0
0
0
0
0
0
0
0
0
0
0
0
0
0
0
0
0
0
0
0
1355
539
959
930
0
848
239
909
1080
0
526
188
2842
2825
2859
2800
2819
2832
2819
2864
2822
2817
2834
2836
0
0
0
0
0
0
0
0
0
0
0
0
0
0
0
0
0
0
0
0
0
0
0
0
2832
2821
2815
2837
2831
2837
2810
2804
2846
2815
2837
2829
2822
2837
2843
2846
2902
2811
2865
2818
2817
2838
2815
2819
2615
2538
957
1179
831
0
364
0
0
186
0
0
2806
2847
2820
2833
2853
2829
2842
2832
2839
2837
2827
2848
0
0
0
0
0
0
683
0
587
928
2150
2833
0
0
0
0
0
0
0
0
0
0
0
0
0
0
0
0
0
1069
1328
1340
1195
0
208
316
2858
2805
2829
2803
2857
2862
2810
2867
2837
2815
2847
2847
2827
2845
2819
2821
2819
2816
2846
2818
2281
832
413
0
1215
1870
305
614
0
0
317
0
1023
970
0
0
2832
2821
2815
2858
2815
2816
2830
2827
1535
2114
1708
1604
2751
2821
2167
1915
20
0
0
0
0
0
0
0
2837
2810
2828
2014
1598
0
563
187
0
0
0
0
0
0
0
0
0
0
0
0
0
0
2023
2826
0
0
0
0
376
0
1991
717
2160
2240
2831
2671
0
0
0
0
0
0
0
0
0
0
253
299
2819
2827
2817
2817
2849
2821
2829
2829
2805
2850
2608
2177
2863
2831
2815
2830
2818
2854
2816
2830
2832
2822
2860
2872
355
764
1325
1131
0
1395
299
1410
1644
720
1163
742
0
0
0
0
0
0
0
0
0
0
0
0
2823
2827
2821
2850
2819
2832
2827
2818
2873
2815
2823
2830
0
48
0
0
0
0
0
0
0
0
0
0
0
608
524
0
624
0
525
588
0
887
11
0
2822
2863
2826
2817
2833
2816
2863
2815
2815
2834
2823
2815
2837
2817
2825
2815
2815
2851
2813
2862
2816
2816
2846
2831
2306
1492
1902
1068
705
0
0
0
0
0
0
0
2817
2820
2837
2820
2862
2815
2811
2842
2815
2867
2207
1218
2912
2819
2817
2835
2822
2852
2818
2817
2835
2823
2847
2842
2706
2849
2819
2811
2831
2816
2817
2811
1094
0
0
0
0
587
455
1823
1680
219
0
0
0
0
0
0
2820
2831
2835
2864
2807
2816
2837
2819
2861
2819
2811
2818
0
783
335
909
449
951
2028
2848
2822
2837
2818
2822
0
0
0
0
0
0
0
245
0
1564
2196
2832
1115
1440
2819
2817
2836
2819
2861
2818
2815
2838
1642
0
2832
2823
2853
2818
2772
2839
2816
2845
2818
2822
2842
2846
0
0
753
2807
2822
2819
2841
2817
2839
2818
0
0
563
1040
659
1619
1328
496
336
0
303
1256
2174
2822
1456
1716
2383
2259
2819
2842
2810
2516
983
2507
2840
2849
2849
2850
2818
2822
2843
2815
2844
2819
2820
2845
2821
2821
0
0
0
0
0
0
0
0
0
0
0
0
2818
2835
2818
2845
2825
2816
2848
2822
2841
2817
2815
2817
833
422
0
0
103
2362
2813
2768
2843
2831
2821
2820
2841
2817
2818
2842
2814
1675
2203
2818
2839
2818
2841
1845
2452
2390
1907
1789
143
544
0
0
0
0
286
802
1471
2476
2595
1879
2472
1419
1952
1775
991
1774
1219
1634
2821
2864
1995
1492
955
1936
1279
2077
1264
0
0
0
1136
1685
361
1059
764
0
976
462
1967
2168
1666
1104
2848
2768
2818
2850
2817
2847
2825
2815
2846
2815
2837
2839
0
0
0
530
49
0
677
0
0
0
1389
1807
0
0
111
0
243
0
0
251
0
246
0
0
1220
0
1172
1352
1091
1655
259
1459
1420
1123
1494
1702
2830
2822
2861
2826
2813
2906
2811
2855
2817
2817
2831
2823
16
0
59
0
0
0
0
111
0
0
200
94
2819
2815
1971
2385
1647
2175
2147
1534
2097
1258
1951
1875
2864
2821
2818
2833
2815
2861
2816
2815
2822
2815
2865
2861
1744
746
1674
1561
1424
1968
1299
2060
2254
1531
2354
2169
0
651
0
688
836
254
860
0
739
912
487
431
2814
2832
2817
2862
2800
2820
2829
2819
2871
2816
2819
2815
1745
1869
951
1644
1236
1622
219
915
1788
2274
2687
1375
0
0
0
0
0
0
0
168
0
71
0
0
2205
1940
1984
2183
1230
2032
1737
1792
1867
1047
2070
1974
2832
2815
2891
2822
2823
2845
2817
2855
2816
2819
2847
2841
335
0
112
0
0
37
0
223
0
0
382
202
0
23
0
0
0
0
46
0
93
230
0
0
2847
2825
2814
2495
2815
2851
2822
2811
2111
2816
2845
2839
0
0
0
0
0
0
0
0
0
0
0
0
0
54
0
0
335
0
320
0
0
387
0
0
2784
2207
2821
2841
2711
2816
1935
2820
2836
2384
2818
2559
0
0
1135
1746
1108
0
2818
2218
2809
2845
2756
2825
0
0
1104
0
0
0
0
0
0
0
0
0
2819
2858
2800
2837
2007
2606
1857
2283
2283
1469
2092
1851
2838
2816
2829
2816
2819
2842
2845
2854
2815
2821
2846
2903
663
0
529
0
1150
1294
507
1448
1484
1673
2163
2203
0
205
0
107
15
0
364
0
432
192
854
611
2390
2326
2289
1303
2417
1882
2070
2303
1202
2256
2209
2128
793
560
679
846
0
0
688
942
1056
0
1361
1344
83
1120
1092
575
1011
0
923
1124
541
1098
286
192
1851
543
1699
1756
1166
1641
471
1535
1576
1335
1775
1639
2807
2814
2817
2830
2931
2822
2824
2858
2903
2823
2832
2832
1442
1015
1314
326
1339
1280
855
1300
179
1335
1436
1195
1324
1300
831
1148
0
871
844
255
592
0
464
338
2849
2827
2822
2826
2821
2855
2817
2817
2830
2819
2851
2859
0
0
0
0
0
0
0
0
0
0
0
0
0
0
0
0
0
0
0
0
0
14
0
0
2817
2294
2813
2860
2710
2815
2211
2751
2848
2801
2815
2816
0
0
0
0
0
0
0
0
0
0
0
0
0
0
0
0
0
0
0
0
0
0
0
0
2814
2865
2829
2817
2843
2822
2858
2815
2815
2855
2818
2833
2842
2819
2866
2816
2817
2843
2800
2864
2820
2817
2832
2836
144
0
119
0
0
63
0
220
0
0
264
912
0
355
0
183
0
0
199
0
131
0
0
0
2816
2818
2821
2846
2815
2845
2820
2812
2786
2815
2842
2837
1738
1136
1520
1615
701
1568
1172
1797
1405
1003
1810
1746
0
0
0
0
0
0
0
0
0
0
0
0
2831
2840
2837
2842
2818
2813
2832
2819
2882
2814
2811
2815
2816
2823
2841
2819
2830
2815
2818
2856
2910
2832
2826
2827
2879
1735
1819
1291
2813
1264
975
1981
561
932
1492
313
2818
2828
2832
2815
2856
2812
2823
2613
2800
1495
2475
2408
2851
2818
2821
2820
2819
2853
2827
2822
2691
2818
1559
1155
2128
916
1302
896
1052
865
0
1299
1124
1243
1776
1646
2818
2818
2862
2816
2816
2821
2817
2845
2819
2826
2896
2519
0
0
186
0
0
0
0
0
0
0
0
397
0
0
0
0
0
0
0
0
0
0
0
0
2839
2819
2842
947
0
0
0
0
0
0
0
0
2610
0
0
0
0
0
75
2794
2832
2825
2777
2815
2493
2815
2873
2820
2827
2832
2817
2855
2789
2843
2834
2881
2818
2826
2818
2859
2821
2334
1071
383
0
0
0
0
2821
2830
2826
2823
2847
2818
2830
2823
2816
2853
2813
2714
1584
2816
2832
2797
2816
2848
2819
2826
2827
2817
2853
2854
2351
1022
287
1968
1007
725
0
0
256
0
0
91
1723
2540
1559
2819
2819
2407
2817
1855
2387
2194
1610
1191
1612
1115
1259
0
859
1004
454
922
0
1232
1618
2128
1291
987
510
304
604
1000
335
0
1019
206
0
143
1548
2039
2251
1516
2186
1816
2035
2426
1467
2473
2264
2440
2826
2861
2806
2820
2623
2819
2868
2821
2817
2549
2818
2821
2852
2819
2864
2818
2815
2833
2827
2868
2828
2813
2829
2837
0
0
0
0
0
0
0
0
0
0
0
0
529
454
0
273
0
0
0
0
0
0
0
0
2859
2818
2822
2819
2845
2859
2820
2819
2816
2816
2864
2857
0
0
0
0
0
0
0
0
0
0
0
238
0
5
0
0
0
0
0
0
0
182
0
0
2815
2839
2815
2851
2816
2817
2873
2911
2850
2815
2795
2813
1367
1803
960
0
1336
1811
2599
2047
2655
2873
2832
2823
189
0
219
0
434
86
0
352
0
357
228
281
2718
2618
2413
2481
1425
2299
2034
1914
2019
1047
2007
1957
2846
2864
2832
2820
2817
2857
2811
2831
2814
2823
2851
2851
0
0
0
0
0
7
0
294
5
0
795
883
0
45
0
182
0
0
221
0
0
0
0
0
2832
2818
2815
2849
2820
2817
2817
2820
2861
2823
2826
2818
2191
2213
1744
1568
0
825
1130
1327
2072
1839
2295
748
1050
2046
1954
1731
2010
727
1939
1920
1671
2021
1070
862
2821
2846
2818
2835
2815
2802
2879
2819
2859
2821
2823
2819
2818
2797
2839
2837
2835
2837
2832
2850
2812
2834
2819
2832
2819
2832
2818
2864
2819
2813
2815
2817
2851
2821
2816
2817
2814
2822
2832
2820
2837
2822
2849
2832
2816
2855
2807
2832
2842
2811
2830
2823
2819
2852
2817
2814
2832
2820
2862
2863
0
0
0
0
0
0
0
0
0
0
0
0
0
0
0
0
0
0
0
0
0
0
0
0
1372
586
1591
1220
2368
2816
2559
2819
2858
2819
2818
2815
0
0
0
0
0
0
0
0
398
0
1833
2823
0
701
1042
959
1789
1374
2827
2818
2827
2818
2863
2861
2829
2854
2817
2815
2830
2817
2859
2820
2819
2845
2817
2819
2848
2816
2864
2815
2815
2818
2819
2869
2809
2801
2826
2831
2803
2832
2821
2866
2826
2381
1017
827
0
0
0
0
2808
2309
1233
1847
1412
1124
507
0
0
0
0
0
1769
1328
1190
881
2011
1765
2462
2224
862
1191
468
624
0
0
0
0
0
0
0
0
547
0
529
0
0
0
0
0
0
0
0
0
0
0
0
0
2822
2846
2815
2842
2431
2780
2838
2818
2835
2817
2816
2735
0
375
0
2083
1728
0
2599
2859
2821
2559
2828
2829
0
0
0
0
0
0
0
0
0
0
0
0
0
0
0
0
0
0
0
0
0
0
0
0
0
0
0
0
0
0
0
0
0
0
0
0
0
0
0
0
0
0
0
0
0
0
0
0
0
0
0
0
0
0
0
0
0
0
0
0
2769
2833
2803
2826
2804
2814
2829
2813
2877
2812
2819
2829
2797
2832
2832
2821
2960
2811
2821
2831
2815
2844
2819
2801
0
767
828
701
1271
318
1613
1888
1777
2215
1328
2091
0
0
0
0
0
0
0
0
0
0
0
0
2721
2794
2864
2812
2823
2832
2831
2853
2822
2817
2832
2852
2785
2806
2868
2859
2800
2832
2823
2817
2854
2796
2829
2955
2820
2813
2841
2821
2859
2816
2819
2839
2815
2867
2819
2821
2864
2819
2821
2834
2819
2860
2818
2819
2839
2821
2851
2844
0
0
0
0
0
0
0
0
0
0
0
0
0
0
0
0
0
0
0
0
0
0
0
0
2820
2842
2832
2846
2816
2819
2853
2820
2839
2007
1703
1184
2826
2797
2854
2826
2860
2806
2819
2799
2819
2853
2817
2801
2870
2819
2818
2857
2800
2855
2825
2816
2842
2816
2859
2855
1904
1521
2503
2815
2832
2814
2851
2821
2821
2841
2826
2811
0
151
388
436
656
0
352
1636
2683
2821
2841
2864
0
0
0
0
0
0
0
0
0
0
0
0
1167
2018
1302
2674
2559
2259
2765
2837
2818
2827
2825
2828
2833
2839
2814
2838
2817
2884
2817
2816
2539
2250
1776
2148
0
0
0
0
0
2218
2838
2819
2821
2842
2817
2814
2845
2833
2821
2821
2817
2899
2818
2823
2825
2815
2747
545
2814
2845
2815
2829
2821
2815
2853
2811
2835
2502
1959
448
0
0
0
0
0
0
0
0
0
0
0
0
2832
2824
2817
2854
2821
2825
2765
2818
2848
2411
2065
1586
2706
2819
2263
2819
2865
2820
2818
2745
2818
2864
2816
2823
2853
2815
2815
2835
2822
2859
2827
2818
2543
2818
2861
2851
0
0
0
0
0
0
0
0
0
0
0
0
2833
2816
2863
2815
2834
2831
2817
2864
2826
2819
2035
1585
2834
2832
2823
2869
2815
2814
2832
2815
2861
2822
2814
2815
2815
2822
2837
2823
2850
2847
2836
2863
2779
2838
2813
2807
2855
2822
2815
2830
2806
2863
2815
2817
2832
2816
2859
2863
2819
2848
2815
2820
2842
2815
2846
2818
2815
2823
2825
2807
2832
2811
2854
2818
2819
2814
2820
2862
2817
2783
2832
2792
1098
503
949
0
912
906
370
953
0
859
818
784
548
559
0
469
220
0
432
0
0
30
0
0
2832
2818
2833
2878
2842
2819
2821
2817
2855
2816
2832
2826
0
0
0
0
0
0
0
0
0
0
0
0
0
0
0
0
0
0
0
0
0
0
0
0
2818
2837
2816
2859
2815
2817
2815
2819
2855
2815
2816
2815
0
0
0
0
0
0
0
0
0
0
0
0
882
1481
1390
665
1557
1059
1343
1472
608
1413
1440
1256
2814
2843
2835
2814
2845
2816
2837
2816
2816
2839
2819
2819
2848
2774
2845
2814
2817
2851
2893
2837
2823
2812
2848
2859
0
0
0
0
0
0
0
0
0
0
0
0
1359
1614
230
1276
1178
663
1063
115
1087
1023
511
422
2848
2817
2817
2847
2817
2844
2817
2825
2854
2814
2849
2847
0
1392
970
1148
0
1735
1796
1492
1448
913
2019
1982
1015
1894
1824
1909
2224
1421
2159
2008
2004
2307
1327
1191
2817
1965
2558
1944
2620
2487
1693
2367
1737
2251
2513
2799
0
0
0
0
0
0
0
0
0
0
0
0
0
0
0
0
0
0
0
0
0
0
60
243
0
0
0
0
0
0
0
0
0
0
0
0
2853
2817
2800
2827
2820
2864
2817
2815
2831
2815
2862
2862
0
0
0
0
0
0
0
0
0
0
0
0
421
470
0
0
0
0
0
0
0
0
0
0
1168
0
289
0
0
0
0
0
0
0
412
720
2815
2827
2821
2814
2850
2815
2802
2830
2814
2871
2820
1779
2863
2822
2817
2832
2826
1488
2032
1395
323
592
0
0
2822
2864
2795
2809
2835
2816
2859
2817
2821
2839
2813
2813
1567
2386
1175
2162
2033
2832
2822
2848
2474
2819
2819
2827
0
0
0
0
0
0
0
0
0
0
0
0
2817
2817
2838
2798
2850
2862
2791
2830
2816
2855
2818
2815
2690
2815
2829
2609
2836
2850
2832
2815
2832
2836
2877
2861
0
0
0
0
0
0
0
0
0
0
0
0
2832
2818
2862
2817
2819
2293
2172
725
880
339
0
0
2820
2832
2830
2864
2818
2815
2850
2832
2865
2804
2815
2816
815
2519
2368
1611
1062
2077
2138
1755
2317
2419
2829
2244
41
482
296
0
11
0
0
0
0
160
0
0
1535
49
672
296
0
0
0
0
0
0
0
0
2832
2815
2864
2819
2850
2832
2817
2855
2817
2817
2835
2809
0
0
0
0
0
0
0
0
0
0
0
0
0
0
0
0
0
0
0
0
0
0
0
0
2855
2810
2832
2839
2822
2850
2810
2819
2844
2822
2352
1616
0
0
0
0
0
0
0
0
0
0
0
0
2832
2845
2864
2822
2815
2836
2818
2866
2822
2819
2842
1902
2817
2437
2817
2057
2375
2100
1015
1367
480
603
224
0
0
0
0
0
0
0
0
0
0
0
0
0
0
0
0
0
1115
1296
2611
2819
2841
2819
2855
2839
2817
2845
2823
2815
2845
2816
2838
2611
2655
1370
2173
1681
2943
2928
2832
2826
2811
2857
2819
2815
2830
2817
2851
2859
0
0
0
0
0
0
0
0
0
0
0
0
0
0
0
0
0
0
0
0
0
0
0
0
2843
2802
2815
1709
2598
2389
2112
2335
1333
2067
1856
1616
855
544
833
656
0
632
413
0
336
0
0
0
0
0
97
0
496
0
895
1204
861
1518
646
661
2819
2855
2822
2781
2821
2817
2859
2818
2828
2826
2821
2821
2818
2818
2876
2817
2806
2829
2901
2854
2816
2809
2832
2811
2816
2463
2823
2095
2819
2831
2726
2818
2843
2811
2770
2821
1483
1518
989
1439
41
1190
1126
710
1100
0
1023
784
2847
2843
2831
2825
2864
2839
2832
2851
2818
2832
2875
2879
0
0
0
0
0
0
0
0
0
0
0
0
0
0
0
0
0
0
0
0
0
0
0
0
2822
2831
2828
2849
2826
2819
2832
2854
2862
2814
2819
2818
0
0
0
0
0
0
0
0
0
0
0
0
0
0
0
0
0
0
0
0
0
0
0
0
2769
2863
2819
2814
2821
2825
2864
2822
2828
2834
2818
2806
0
2813
2858
2820
2818
2460
2821
2873
2823
2822
2829
2842
0
0
0
0
0
0
0
0
0
0
0
0
1328
1283
442
956
0
723
607
0
496
0
0
0
2849
2815
2816
2848
2816
2847
2825
2821
2848
2820
2839
2833
621
736
757
819
0
1027
920
1164
1227
394
1683
1471
0
687
0
595
637
0
1006
303
786
1039
59
0
2307
1575
2096
1535
2016
2164
1287
2010
1712
1943
1922
1911
0
1474
320
1128
0
1157
1335
275
0
1488
2045
1855
220
0
343
0
304
112
0
464
0
423
268
294
2559
2600
2189
2557
1336
2436
2306
1959
2375
1171
2403
2147
2838
2816
2859
2818
2817
2832
2827
2903
2818
2816
2845
2838
0
0
0
0
0
0
0
0
0
0
0
0
0
0
0
0
0
0
0
0
0
0
0
0
2846
2819
2813
2847
2822
2845
2816
2817
2844
2818
2835
2832
556
47
448
295
0
427
0
0
528
0
668
343
2841
2818
2849
2817
2817
2842
2825
2849
2815
2818
2849
2849
2816
2841
2831
2844
2817
2817
2845
2817
2838
2817
2816
2812
1972
2379
1297
2295
2740
2810
2815
2793
2818
2831
2832
2823
0
0
0
0
0
0
0
0
0
0
0
0
1827
1668
1214
1583
507
1412
1280
1086
1183
0
1023
914
2854
2813
2822
2832
2821
2854
2802
2817
2831
2818
2855
2864
0
0
0
0
0
0
0
0
0
0
0
0
2836
2817
2864
2823
2813
2832
2815
2866
2829
2818
2834
2837
0
0
292
0
1294
1746
1815
2640
2848
2827
2820
2836
0
0
0
0
0
0
0
0
0
0
0
0
2853
2815
2818
2798
2823
2855
2804
2815
2846
2832
2861
2864
2298
2861
2817
2821
2839
2819
2859
2820
2817
2839
2819
2817
0
0
0
0
0
0
0
0
0
0
0
0
2822
2829
2824
2857
2818
2822
2825
2817
2862
2815
2811
2291
2822
2813
2832
2810
2860
2820
2818
2833
2819
2859
2797
2811
2851
2819
2826
2841
2817
2847
2821
2821
2342
2742
2288
2210
0
0
0
0
0
0
0
0
0
0
0
0
2880
2820
2853
2823
2815
2832
2816
2857
2830
2814
2834
2842
2501
667
889
0
0
0
0
0
0
0
0
0
0
0
0
0
0
0
0
0
0
0
0
0
2848
2817
2813
2838
2850
2848
2817
2819
2846
2816
2847
2834
0
0
0
0
0
0
0
0
0
0
0
0
199
1280
1248
0
2632
2071
2820
2828
2825
2819
2853
2845
2815
2858
2818
2819
2825
2813
2853
2819
2815
2825
2815
2818
2818
2816
2819
2816
1968
1391
761
0
0
0
0
0
2847
2827
2816
2842
2815
2845
2819
2815
2854
2815
2857
2845
0
0
0
0
0
0
0
0
0
0
0
0
2845
2814
2843
2785
2817
2063
2802
2684
2239
2391
1023
711
2818
2859
2821
2820
2387
2818
2500
2666
2693
1947
2359
2408
2786
2822
2848
2819
2821
2832
2810
2850
2797
2720
2827
2831
1634
1163
1456
144
1264
1396
875
1471
197
1395
1598
1476
1607
1356
1505
1623
530
1604
1496
1426
1591
509
1577
1503
2851
2818
2827
2778
2818
2854
2814
2832
2819
2821
2864
2870
275
0
0
51
0
0
0
0
0
0
0
115
0
201
0
0
212
0
128
0
0
335
0
0
2821
2835
2820
2865
2821
2819
2838
2809
2859
2820
2823
2816
0
0
0
0
0
0
0
0
0
0
0
0
0
0
0
0
0
0
0
0
0
0
0
0
2820
2851
2820
2819
2827
2816
2866
2819
2850
2826
2817
2815
739
1535
1535
2432
2514
2395
2815
2875
2826
2822
1655
2829
224
0
128
0
0
272
0
266
0
0
362
219
2821
2819
2295
2671
1360
2395
2482
1851
2213
1135
1942
1891
2878
2815
2838
2849
2825
2861
2816
2838
2843
2815
2863
2859
635
0
1063
1200
511
465
775
1746
1810
1219
2370
2559
839
1822
959
1215
996
831
304
0
705
886
359
223
2817
2829
2817
2861
2816
2821
2829
2821
2867
2819
2813
2813
1770
1381
965
1845
1747
2112
1710
288
1579
1960
2522
2039
215
1535
1221
0
0
0
857
1744
1159
1071
0
0
1797
304
679
475
0
998
175
1280
896
0
598
820
2833
2819
2857
2818
2821
2833
2832
2864
2825
2819
2193
2835
0
0
0
0
0
0
0
0
0
0
0
0
1589
1520
437
897
634
758
971
0
639
173
0
605
2859
2823
2813
2838
2819
2853
2822
2821
2839
2898
2855
2848
0
0
0
0
0
0
0
0
0
0
0
0
2595
2816
2848
2817
2817
2835
2817
2842
2817
2815
2846
2850
0
0
0
0
0
0
0
0
0
0
0
0
2023
2813
2763
2079
2832
2823
2813
2853
2821
2816
2827
2831
0
0
0
0
0
0
0
0
0
0
0
0
1566
2016
2623
2795
2848
2823
2914
2837
2820
2848
2820
2826
0
0
0
0
0
0
0
0
0
0
0
0
0
0
0
0
0
0
0
0
424
638
226
144
2823
2816
2846
2821
2424
1450
990
0
437
0
0
0
2829
2827
2822
2785
2818
2821
2830
2817
2836
2819
2821
2822
2822
2831
2818
2813
2847
2837
2800
2811
2819
2913
2820
2817
0
0
0
0
0
0
0
0
0
0
0
0
2819
2850
2830
2832
2821
2816
2855
2814
2830
2896
2846
2816
2820
2818
2846
2816
2826
2822
2819
2849
2823
2832
2819
2830
0
0
0
0
0
0
0
0
0
0
0
51
2819
2832
2821
2818
2849
2826
2834
2825
2815
2769
2818
2820
2872
2822
2834
2832
2826
2890
2832
2819
2840
2835
2859
2852
2830
2839
2859
2817
2826
2819
2858
2816
2818
2832
2813
2819
0
0
0
0
0
0
0
0
0
0
0
0
2822
2831
2822
2859
2829
2827
2832
2821
2859
2818
2827
2826
0
0
0
0
0
0
0
0
0
0
0
911
0
0
127
0
0
0
0
0
0
0
0
0
2826
2922
2816
2819
2123
2785
1850
2594
2585
1930
2527
2638
2067
2816
2862
2826
2822
2832
2773
2917
2819
2782
2854
2834
0
0
0
0
0
0
0
0
0
0
0
241
1239
1117
499
1098
0
739
819
254
618
0
740
904
2866
2816
2814
2559
2819
2864
2733
2845
2473
2816
2864
2861
1604
745
1482
1996
1218
1808
611
2249
2186
1279
749
2480
543
1194
374
1123
1147
511
1040
291
1136
1187
471
747
2805
1956
2512
1873
2491
2496
1650
2465
1808
2384
2433
2513
0
1640
1774
2341
1441
380
2855
2816
2839
2379
2815
2814
0
721
793
0
560
0
656
638
0
565
80
240
256
0
0
42
0
0
0
0
64
0
0
0
2842
2822
2853
2817
2816
2855
2859
2885
2815
2847
2833
2811
498
0
497
0
0
308
0
323
69
0
697
416
1164
1146
547
1103
403
877
895
249
1326
1088
1474
1648
2847
2820
2818
2752
2791
2917
2821
2800
2848
2821
2848
2843
957
944
660
944
0
431
147
0
0
0
0
0
2847
2821
2849
2412
2034
759
1296
588
0
0
0
0
2847
2838
2815
2862
2817
2815
2841
2838
2880
2807
2819
2818
2829
2815
2857
2816
2112
0
653
1335
2817
2816
2833
2831
2823
2829
2816
2859
2817
2816
2823
2817
0
0
0
0
1477
0
0
0
0
0
340
1520
2789
2849
2820
2825
2856
2816
2837
2822
2815
2848
2816
2839
2827
2815
2854
2855
2832
2816
1855
2064
1471
1362
0
0
0
0
0
431
0
0
0
0
0
0
0
0
0
266
292
471
2815
2895
2825
2876
2835
2822
2813
2817
2864
2825
2825
2819
947
1293
463
695
0
0
0
0
0
0
0
0
275
2642
2815
2832
2816
2863
2815
2821
2832
2822
362
0
2347
1360
2415
2465
1935
2034
721
1360
998
0
0
0
1916
2816
2811
2825
2825
2828
2811
2850
2874
2819
2832
2836
2446
744
144
0
0
0
0
614
227
1776
1666
1563
0
0
0
0
0
0
0
0
0
0
0
0
2868
2833
2831
2835
2817
2910
2820
2821
2811
2479
846
720
0
0
754
1039
0
315
0
0
0
0
0
0
0
0
0
0
0
0
0
0
0
0
0
0
2787
2839
2823
2847
2818
2832
2834
2821
2845
2817
2814
2825
0
280
0
98
0
0
0
0
680
0
0
1084
0
0
0
0
0
0
0
0
0
0
0
0
2815
2857
2818
2814
2847
2820
2850
2818
2818
2846
2818
2826
2835
2853
2847
2821
2811
2845
2819
2847
2818
2819
2842
2863
1360
511
1411
1009
847
1874
1222
2448
2206
2812
2811
2815
2375
2139
751
1392
505
914
716
0
114
0
0
0
2843
2826
2818
2826
2816
2857
2813
2818
2847
2815
2841
2835
2176
1440
1659
1599
267
911
496
528
551
0
0
0
0
715
736
972
1402
607
1648
1416
1979
2271
1629
1954
0
0
0
0
0
0
0
0
0
0
0
0
2827
2817
2867
2821
2851
2819
2817
2857
2816
2845
2818
2815
624
791
1082
307
1520
1600
1574
2034
1087
2208
2330
2520
646
529
179
688
0
643
576
543
805
0
899
907
2340
2602
2624
2099
2383
1061
2161
2168
1941
2157
1311
1111
0
0
0
0
0
0
0
0
0
0
0
0
0
0
0
0
0
0
0
0
0
0
0
0
2817
2814
2821
2803
2821
2828
2224
2442
1039
2109
2028
1830
0
0
0
0
0
0
0
0
0
0
0
0
0
210
129
0
13
0
0
0
0
0
0
0
2760
2856
2822
2815
2541
2821
2848
2819
2826
2435
2818
2758
2839
2822
2850
2818
2818
2839
2825
2850
2810
2819
2845
2838
1792
1063
1429
363
1475
1490
705
1439
481
1439
1524
1360
1349
1216
321
1031
224
806
744
0
309
0
0
0
2859
2818
2813
2139
2559
1513
2459
2698
2209
2814
2852
2854
752
279
1386
1378
815
1618
863
1875
1990
1255
1957
2213
1639
2603
913
1712
2363
817
1495
499
1535
1521
1007
961
2824
2704
2818
2849
2848
2815
2439
2825
2850
2813
2816
2818
530
720
0
0
1054
1012
1356
0
2815
2832
2356
2826
0
0
0
0
0
0
0
0
0
0
0
0
2612
2264
2333
2423
1351
2152
1832
1840
1871
987
1744
1598
2721
2816
2861
2819
2819
2835
2831
2861
2816
2821
2841
2852
1008
0
737
414
658
583
0
404
18
0
66
87
1535
1881
707
1534
1440
986
1232
0
990
1120
438
459
0
0
0
0
0
0
0
0
0
0
0
0
0
0
0
0
0
0
116
612
1470
723
2035
1047
2844
2819
2847
2819
2817
2791
2817
2846
2816
2820
2832
2843
2816
2853
2821
2819
1387
928
0
0
0
0
0
0
0
0
0
0
364
343
0
1671
2820
2838
2797
2819
616
1637
2823
2849
2839
2833
2815
2822
2846
2818
2830
2831
2815
2818
2862
2867
2862
2806
2817
2829
2814
2857
2823
2819
2864
2833
2817
2818
2812
2864
2823
2816
2833
2816
2864
2864
504
0
1242
2005
1678
2337
1151
1783
2339
1677
1904
2035
2830
2816
2856
2819
2818
2829
2817
2854
2816
2832
2827
2826
0
0
892
31
1408
1762
1490
2347
1662
2817
2823
2821
0
0
0
0
0
0
592
871
2309
1852
2815
2820
0
524
550
0
104
0
0
0
0
0
0
0
2469
1143
2255
2029
1968
2063
1023
2043
2112
1707
2097
2101
2807
2817
2864
2704
2817
2837
2817
2861
2816
2843
2835
2831
2817
2849
2798
2861
2864
2833
2823
2818
2843
2826
2853
2807
2819
2817
2159
2448
2096
2368
2216
1251
1875
1552
1617
1439
2858
2819
2818
2846
2818
2841
2819
2796
2852
2816
2832
2854
0
0
0
0
0
0
0
0
278
0
275
509
2832
2815
2861
2822
2816
2838
2818
2866
2818
2818
2832
2834
1699
1648
2531
1835
2517
2522
1596
2305
1826
2745
2819
2813
2199
2813
2849
2839
2873
2846
2784
2773
2821
2861
2771
2818
0
0
0
0
743
1362
1743
2803
2355
2817
2837
2832
0
0
0
0
0
2448
2823
2798
2813
2850
2815
2817
0
0
0
0
0
0
204
816
867
1826
1189
2384
0
0
0
0
0
0
0
0
0
0
0
0
2818
2819
1999
1904
832
0
0
0
0
0
0
0
2841
2821
2817
2842
2823
2843
2817
2817
1325
1826
1362
736
2459
2848
2819
2821
2843
2821
2843
2816
2817
2848
2812
2811
0
480
125
0
0
0
0
0
0
0
0
0
2823
2691
2767
2669
2171
2477
1043
2175
2192
1830
2071
2096
1217
1644
723
1959
1023
2559
2816
2513
2736
2846
2814
2821
532
0
505
0
356
224
0
423
0
567
532
774
2677
2658
2419
2537
1427
2698
2416
2090
2338
1285
2052
2154
2850
2818
2829
2816
2818
2851
2866
2832
2827
2825
2857
2860
0
0
0
0
0
0
0
0
0
0
0
0
0
0
0
0
0
0
0
0
0
0
0
0
2818
2832
2821
2864
2818
2827
2832
2820
2861
2816
2821
2818
135
547
0
0
0
0
195
0
267
0
0
0
2856
2818
2817
2827
2819
2853
2816
2855
2827
2818
2863
2844
2818
2849
2817
2815
2830
2818
2864
2821
2816
2832
2817
2818
2827
2818
2849
2822
2748
2832
2814
2864
2815
2814
2858
2832
1039
407
1088
160
1072
1113
503
1297
501
1456
1360
1509
0
0
0
0
0
0
0
0
0
0
0
0
2856
2801
2818
2482
2821
2864
2823
2814
2831
2819
2859
2867
0
0
0
0
0
0
0
0
0
0
0
308
0
0
0
0
0
0
0
0
0
0
0
0
698
0
48
0
0
0
0
0
0
0
336
511
0
0
0
0
0
0
0
0
0
0
0
1712
2867
2821
2819
2838
2818
2862
2896
2816
2843
2819
2864
2864
2816
2861
2817
2821
2841
2816
2852
2812
2819
2834
2812
2820
2855
2816
2871
2819
2830
2838
2817
2862
2781
2819
2842
2836
0
0
0
0
0
0
0
0
0
0
0
161
0
0
0
0
0
0
0
0
0
0
0
0
2849
2817
2816
2841
2825
2845
2817
2820
2845
2816
2843
2842
0
0
0
0
0
560
941
1087
1450
737
2137
2402
0
0
0
0
0
0
0
0
0
0
0
0
2811
2836
2811
2846
2817
2806
2842
2822
2843
2815
2811
2818
0
0
1311
2293
2788
2805
2818
2839
2800
2832
2822
2819
2240
1727
2040
727
1976
1968
1755
1959
758
1868
1808
1904
2816
2818
2832
2821
2863
2817
2815
2216
2691
1891
2369
2151
2869
2815
2832
2819
2817
2843
2819
2837
2817
2813
2847
2845
0
0
0
0
0
160
0
490
400
689
1040
1219
0
0
0
0
0
0
0
0
0
0
0
0
2826
2823
2818
2851
2815
2832
2829
2812
2855
2815
2816
2818
1321
1196
1051
1475
80
1236
1152
938
1360
689
964
1077
47
1342
1228
543
715
0
1132
1347
903
1420
111
0
2814
2846
2822
2846
2815
2817
2845
2817
2836
2814
2817
2817
2816
2815
2832
2823
2846
2836
2819
2832
2817
2844
2781
2815
501
0
413
0
97
87
0
124
0
347
429
432
1565
1381
605
384
0
0
268
0
112
0
0
0
2854
2821
2818
2827
2819
2863
2820
2815
2833
2818
2864
2910
414
0
1535
1967
1253
1452
475
1535
1920
1759
2771
2662
0
0
0
0
560
911
2123
2857
2821
2819
2829
2830
0
0
0
0
0
0
0
1578
1535
2826
2822
2821
0
0
0
0
0
0
0
0
0
0
0
0
0
0
0
0
0
0
0
0
0
0
0
0
2814
2863
2817
2817
2832
2817
2888
2818
2819
2838
2825
2171
2846
2833
2858
2814
2710
2830
2811
2846
2818
2817
2834
2828
2837
2835
1870
743
0
0
0
0
0
0
0
0
1868
2818
2847
2820
2833
2823
2816
2851
2814
2832
2834
2822
0
0
0
0
0
0
0
0
0
0
0
0
879
963
912
1605
543
1155
556
0
0
0
0
0
1351
1296
0
0
0
0
0
0
0
0
0
0
2816
2848
2818
2849
2819
2815
2845
2818
2848
2800
2826
2814
0
0
0
0
0
1521
2811
2657
2820
2847
2818
2830
656
843
1360
990
2139
2837
2827
2816
2850
2817
2832
2843
2815
2829
2821
2819
2848
2818
2820
2830
2815
2849
2806
2816
2849
2832
2859
2822
2815
2837
2819
2835
2821
2871
2768
2704
0
0
0
0
0
0
0
0
0
0
0
0
0
0
0
0
0
0
0
0
0
0
0
0
2724
2371
2818
2864
2815
2816
2832
2818
2859
2813
2819
2819
0
0
0
0
0
0
0
0
0
0
0
0
0
302
432
0
539
0
883
1192
863
1351
208
173
2821
2864
2875
2815
2842
2815
2864
2817
2818
2834
2827
2821
2831
2817
2832
2815
2817
2819
2814
2855
2817
2771
2823
2828
926
733
771
0
813
686
31
640
0
786
809
592
2610
2653
1963
2256
933
1825
1782
1045
1394
291
1115
1167
2861
2819
2814
2837
2818
2864
2815
2817
2833
2826
2862
2845
163
0
0
0
0
620
117
304
748
0
937
1021
0
0
0
0
0
0
0
0
0
0
0
0
2686
1905
2651
1769
2348
2367
1509
2299
1502
2338
2170
2192
307
986
431
837
0
753
937
0
0
333
2314
1585
1153
2288
2172
1679
2209
1019
2219
2312
1667
2221
1275
1040
2815
2853
2822
2832
2819
2818
2849
2818
2832
2821
2823
2819
2832
2816
2857
2821
2815
2830
2731
2857
2817
2817
2832
2832
155
0
144
531
810
1237
0
429
110
574
393
304
0
241
0
0
0
0
0
0
0
0
0
0
2858
2807
2832
2829
2934
2874
2821
2805
2823
2815
2854
2866
0
0
0
0
0
0
0
0
0
0
0
0
0
0
0
0
0
0
0
0
0
0
0
0
2818
2841
2817
2859
2816
2821
2839
2818
2855
2818
2820
2817
338
0
339
1968
633
528
1919
2832
2822
2864
2810
2816
2864
2819
2817
2333
2817
2858
2773
2819
2175
2688
2848
2840
2817
2854
2816
2817
2830
2716
2839
2821
2822
2853
2817
2823
2850
2816
2845
2826
2819
2848
2822
2815
2818
2815
2858
2864
0
0
0
0
0
0
0
0
0
0
71
96
0
0
0
0
0
0
0
0
0
0
0
0
2592
2383
2611
1437
2462
2328
2190
2423
1159
2288
2260
2320
758
581
463
683
0
844
307
511
643
0
709
678
0
430
109
0
448
0
398
232
0
579
0
0
2816
2847
2819
2851
2822
2819
2845
2821
2848
2826
2814
2852
2818
2752
2838
2817
2851
2818
2815
2843
2819
2864
2777
2816
1094
1415
1297
463
1391
916
1060
1326
507
1031
966
842
2640
2000
2320
2380
1194
1819
1408
1535
1260
357
925
841
2851
2818
2851
2817
2816
2843
2818
2843
2819
2819
2850
2842
0
0
0
0
0
0
0
0
0
0
0
0
0
0
0
0
0
0
0
0
0
0
0
0
1995
1923
2153
1283
1915
1824
1845
2057
1183
2077
1840
1656
0
0
0
0
0
0
0
0
0
0
0
0
1113
1959
1894
1775
1891
899
1943
1824
1723
2047
1067
977
2823
2847
2820
2838
2816
2819
2833
2822
2838
2816
2821
2818
2821
2815
2843
2811
2846
2817
2811
2837
2823
2835
2809
2823
1572
1104
1350
17
1181
1276
657
1251
91
783
1199
1058
0
0
0
0
0
0
0
0
0
0
0
0
2854
2818
2838
2823
2817
2847
2835
2857
2841
2805
2855
2864
148
0
547
520
574
1141
0
912
866
974
1137
1215
0
409
0
362
604
0
363
0
0
0
0
0
2825
2821
2822
2850
2821
2827
2827
2818
2854
2859
2798
2809
2806
1878
2279
2822
1991
2524
2846
2851
2803
2868
2863
2813
1535
2706
2704
2084
2551
1327
2559
2441
2102
2487
1171
1183
2838
2852
2836
2843
2846
2806
2836
2818
2823
2781
2818
2818
2801
2815
2848
2816
2831
2832
2846
2867
2814
2823
2828
2832
0
0
0
0
0
0
0
0
0
0
0
0
0
0
0
0
0
0
0
0
0
0
0
0
2862
2820
2826
2834
2823
2861
2818
2818
2835
2818
2866
2861
0
0
0
0
0
0
0
0
0
0
0
0
0
0
0
0
34
0
48
0
0
165
0
0
2833
2790
2907
2853
2821
2819
2831
2818
2863
2819
2819
2817
2820
2796
2827
2828
2859
2774
2815
2833
2815
2854
2804
2829
793
1995
1880
1573
1970
783
1929
2048
1615
1860
599
718
835
0
270
366
0
5
0
0
0
0
0
0
2822
2818
2864
2820
2807
2832
2821
2875
2842
2820
2831
2830
0
0
0
0
0
48
0
61
0
331
413
465
0
0
0
0
0
0
0
0
0
0
0
0
1365
2185
2079
1343
1911
967
1885
1942
1203
1968
1123
1136
1438
303
1375
1400
823
1295
257
1258
1358
911
1459
1759
1263
1682
370
1583
1418
976
1408
343
1513
1560
1143
1151
2815
2839
2819
2861
2823
2826
2832
2819
2878
2827
2820
2819
2768
2815
2836
2818
2864
2822
2821
2832
2817
2862
2825
2802
0
0
7
0
0
0
3
29
0
283
0
0
0
0
0
0
0
0
0
0
0
0
0
0
2834
2832
2875
2821
2821
2832
2822
2863
2819
2821
2822
2864
0
0
0
0
0
0
0
0
0
0
0
0
0
173
0
250
0
444
495
0
641
0
547
543
2864
2821
2818
2608
2819
2853
2815
2818
2559
2799
2845
2836
0
0
0
0
0
0
0
2027
2304
1283
2448
1791
2226
2821
2858
2801
2797
2197
2783
2870
2809
2817
2119
2096
2813
2834
2831
2692
2902
2807
1798
2340
2605
2222
2128
2092
2823
2818
2855
2858
2838
2821
2813
2846
2820
2833
2819
2820
0
0
0
0
0
0
0
0
0
0
0
0
144
0
0
0
0
0
0
0
0
0
0
0
2384
2801
2064
2559
2806
1023
1845
1488
1725
1872
795
863
1138
266
1134
1296
1023
1198
439
1131
1068
998
1424
1394
0
161
0
0
21
0
125
0
204
377
0
0
2832
2816
2819
2850
2797
2835
2800
2811
2848
2816
2834
2789
2819
2894
2832
2889
2851
2815
2832
2819
2817
2843
2817
2773
0
542
340
0
551
0
401
288
0
493
0
0
1850
807
1467
1200
1135
1171
167
1011
880
533
703
649
2817
2815
2839
2817
2863
2817
2814
2847
2818
2833
2817
2825
0
0
0
0
0
0
0
0
0
0
0
0
0
0
0
0
0
0
0
0
0
0
0
0
1597
2352
1964
2185
2271
1525
2318
2144
2215
2384
1315
1454
0
0
0
0
0
0
0
0
0
0
0
0
1382
1592
748
1635
1344
1327
1831
767
1668
1512
1535
1822
2847
2868
2810
2818
2829
2836
2822
2814
2847
2817
2842
2838
159
2841
2815
2842
2858
2809
2819
2827
2814
2870
2820
2805
0
73
16
0
84
0
0
77
0
49
0
0
722
0
379
193
0
210
0
0
0
0
0
0
2815
2819
2838
2825
2829
2651
2821
1955
2820
2830
2295
2539
610
0
720
0
1050
1130
0
1695
430
1645
1312
1854
0
0
0
0
0
0
0
0
0
0
0
0
2858
2825
2832
2805
2816
2864
2827
2821
2669
2818
2866
2865
2320
287
2305
2320
1759
2371
1425
2636
1124
2637
2815
2820
752
907
0
765
880
395
783
0
832
935
331
437
2144
1763
2066
919
1904
2015
1479
1731
743
1877
1916
1824
2794
2818
2819
2815
2852
2820
2813
2819
2816
2859
2817
2821
0
0
135
0
70
0
0
158
0
112
0
0
0
0
0
0
0
0
0
0
0
0
0
0
2831
2817
2861
2818
2819
2827
2823
2813
2777
2821
2809
2831
0
0
0
0
0
0
0
0
0
0
0
0
445
596
0
415
0
656
413
0
639
0
703
715
2864
2817
2820
2833
2818
2864
2813
2821
2832
2813
2864
2864
0
0
732
1002
546
1185
562
2551
2418
1923
2811
2834
0
310
0
0
221
0
321
0
0
252
0
0
1823
1151
1527
343
1403
1256
897
1168
27
1059
991
912
2813
2806
2832
2815
2867
2827
2815
2830
2821
2871
2821
2818
0
0
208
0
129
0
622
711
0
802
230
217
650
64
716
629
0
700
306
816
944
0
929
1120
2842
2815
2862
2823
2817
2839
2815
2858
2813
2815
2795
2839
2531
1779
2387
1840
2133
2406
1535
2301
1920
2289
2378
2771
1488
1392
784
1320
437
1311
1358
581
1431
852
1472
1506
897
1857
1765
1259
1703
615
1616
1637
971
1714
401
642
2814
2861
2818
2817
2833
2812
2874
2820
2822
2832
2822
2816
0
16
0
0
78
0
0
0
0
37
0
0
898
0
501
0
0
92
0
0
0
0
0
0
2817
2817
2832
2818
2854
2819
2818
2838
2819
2846
2821
2820
0
394
374
0
203
0
0
481
0
533
0
0
266
0
0
275
0
362
0
469
813
0
786
716
2843
2822
2862
2815
2777
2850
2861
2854
2814
2814
2839
2839
0
0
0
0
0
0
0
0
0
0
0
1612
0
84
0
48
0
0
0
0
0
0
0
0
815
1683
1613
1007
1424
752
1442
1488
727
1328
624
509
1969
2823
2819
2832
2822
2885
2821
2707
2832
2845
2823
2822
0
0
0
0
0
0
0
0
0
0
0
0
931
0
683
0
551
430
0
432
0
562
412
531
2812
2815
2832
2822
2859
2822
2819
2831
2819
2858
2821
2807
1456
2123
1791
1797
2493
1767
2663
2778
2157
2739
2000
2472
1456
1236
1203
1842
1104
1263
1332
1607
1375
407
1837
1478
2839
2833
2864
2822
2810
2783
2804
2880
2805
2815
2827
2835
2655
1781
0
2863
2822
2817
1841
2812
2851
2817
2810
2815
0
170
0
278
44
0
224
0
304
198
0
0
2864
2528
2623
2399
2301
1369
1899
1925
999
1687
1251
1136
2825
2858
2818
2822
2847
2815
2814
2821
2829
2847
2816
2823
0
0
0
0
0
0
0
0
0
0
0
0
175
0
0
0
0
4
0
262
146
0
324
527
2818
2816
2848
2819
2846
2820
2817
2842
2825
2857
2823
2823
0
0
0
0
0
0
0
0
0
0
0
0
0
0
0
0
0
0
0
0
33
0
0
0
2415
2803
2864
2822
2816
2047
2815
2884
2648
2660
1873
1726
2672
1876
2815
2853
2815
2825
2834
1799
2843
2827
2823
2814
0
190
0
71
163
0
176
0
158
96
0
0
0
0
235
0
173
0
0
48
0
0
0
0
2821
2839
2821
2825
2846
2806
2864
2819
2825
2754
2815
2818
80
1264
1496
1247
1683
903
2256
2320
2097
2758
2523
2768
959
0
975
850
954
1121
367
1221
1226
1125
1352
1469
2811
2817
2839
2821
2835
2816
2819
2852
2815
2841
2821
2829
2112
1587
1958
1165
2112
1842
959
1698
1214
2060
1893
2193
0
0
0
0
0
0
0
0
44
0
0
0
1175
2363
2310
2021
2251
1167
2330
2320
1855
2198
1023
1043
2816
2848
2823
2813
2828
2819
2862
2819
2823
2833
2818
2819
0
0
0
0
49
0
40
0
0
314
0
0
613
0
208
0
0
96
0
0
0
0
223
83
2788
2846
2832
2818
2854
2821
2816
2833
2810
2853
2817
2823
0
0
86
0
108
0
0
0
0
85
0
0
668
0
444
458
0
1477
223
1249
1808
609
1072
1003
2829
2821
2865
2817
2813
2832
2821
2865
2820
2816
2832
2832
0
0
0
0
0
0
0
1931
535
1760
2116
2830
327
396
0
436
0
362
343
0
356
0
330
387
989
2111
1940
1535
1816
723
1700
1672
1314
1459
223
223
2823
2871
2818
2816
2832
2817
2943
2800
2818
2844
2821
2818
0
0
0
631
234
0
1181
0
751
1123
622
656
1767
1315
1729
879
1844
2000
1115
1872
1171
2046
2061
2079
2823
2822
2359
2906
1680
2653
2817
2032
2736
1523
2559
2442
817
1872
1888
1407
1806
557
1670
1874
1057
1712
776
587
176
0
0
186
0
151
0
0
363
0
371
293
962
1669
890
1442
1474
821
1429
599
1347
1458
771
705
623
2848
2821
2855
2821
2817
2842
2819
2870
2811
2815
2777
691
554
0
500
0
527
493
0
576
0
576
487
1472
1885
1867
959
1717
1096
1427
1275
387
1076
560
269
2817
2864
2852
2818
2841
2817
2859
2818
2827
2836
2818
2823
0
624
0
0
320
0
199
0
0
350
0
0
0
0
0
0
0
0
0
0
0
0
48
131
2821
2827
2819
2825
2851
2823
2820
2842
2817
2855
2821
2817
0
0
0
0
0
0
0
0
0
0
0
0
208
0
0
106
0
47
0
0
176
0
79
112
2831
2815
2853
2816
2819
2755
2818
2865
2819
2813
2414
2399
2818
2854
2827
2829
2838
2821
2843
2817
2837
2819
2818
2815
0
0
0
0
0
0
0
0
0
0
0
0
2861
2816
2827
2502
2822
2858
2815
2818
2247
2823
2856
2860
2819
2849
2770
2815
2239
2821
2834
2679
2819
1870
2715
2797
141
814
80
1052
946
375
933
336
1263
1329
579
332
628
0
656
0
581
600
0
647
146
709
909
925
2559
2656
1680
2489
2288
2251
2373
1279
2379
2060
2109
1983
972
1209
1315
477
1535
1408
1639
1932
1155
2056
2840
2849
0
0
0
0
0
0
0
0
0
0
0
0
829
1679
1608
1403
1535
484
1439
1442
1203
1471
397
203
2819
2845
2822
2859
2821
2800
2835
2817
2855
2815
2815
2826
526
587
0
497
80
0
445
0
403
95
0
0
316
0
235
0
298
210
0
384
0
416
460
552
2820
2859
2816
2821
2838
2817
2879
2829
2809
2842
2816
2820
0
0
0
0
0
0
0
0
0
0
0
0
148
0
240
0
0
112
0
238
0
0
304
346
2821
2818
2258
2815
2843
2651
2825
1998
2819
2844
2481
2355
2304
2559
2826
2848
2821
2883
2823
2817
2849
2827
2767
2655
945
449
875
754
0
682
536
496
770
0
599
631
2847
2826
2854
2819
2828
2486
2815
2856
2807
2818
1871
1571
2826
2835
2815
2813
2819
2822
2848
2807
2843
2830
2831
2815
1606
1671
765
1923
1808
1728
1937
1419
2467
2753
2769
2595
96
0
321
0
295
320
0
497
0
511
560
908
2817
2836
2821
2821
2835
2821
2827
2794
2823
2765
2865
2812
791
1516
1504
1535
1782
447
1585
1504
951
1761
465
426
0
0
0
0
0
0
0
0
0
0
0
0
1008
1424
127
1317
1392
806
1256
21
1213
1224
615
721
2862
2831
2822
2857
2821
2827
2817
2821
2854
2818
2832
2817
0
0
0
0
0
0
0
0
0
0
0
0
0
731
592
0
448
0
432
372
0
227
0
0
2818
2866
2826
2818
2831
2831
2864
2821
2815
2770
2821
2821
0
0
0
0
0
0
0
0
0
0
0
0
528
0
282
0
0
427
0
362
0
304
401
621
2482
2344
2143
2543
1303
2368
2454
1935
2262
1151
2439
2179
0
0
0
0
0
0
0
0
0
0
0
92
0
0
0
47
0
0
0
0
52
0
33
153
2829
2819
2865
2823
2817
2833
2820
2861
2820
2814
2829
2831
2821
2854
2822
2855
2821
2829
2837
2821
2851
2819
2829
2815
0
0
0
0
0
0
0
0
240
161
0
0
0
0
0
0
0
0
0
0
0
0
0
0
2821
2850
2819
2826
2832
2817
2839
2789
2817
2842
2819
2829
739
1621
1476
1263
1712
468
1614
1600
1255
1655
683
447
1837
174
1110
1216
1201
1037
255
1713
1068
938
1535
843
2821
2818
2843
2819
2832
2822
2816
2852
2857
2835
2817
2825
2841
2822
2815
2847
2816
2823
2825
2753
2845
2815
2842
2838
1151
899
927
1076
0
925
1026
976
1136
0
1020
979
2858
2820
2843
2819
2818
2352
2818
2832
2342
2423
1235
950
2814
2845
2813
2834
2814
2816
2845
2815
2832
2815
2810
2817
534
741
0
572
353
0
511
0
540
449
0
0
0
0
0
0
0
0
0
0
0
0
0
0
2832
2832
2788
2814
2850
2805
2848
2819
2824
2839
2819
2816
0
0
0
0
0
0
0
0
0
0
0
0
0
0
0
0
0
0
0
0
0
0
0
0
2826
2817
2848
2818
2835
2801
2815
2849
2817
2833
2821
2827
2324
2816
2831
2844
2822
2846
2823
2817
2849
2817
2832
2835
0
0
0
0
0
0
0
0
0
0
0
0
141
1175
948
459
645
0
535
496
0
411
0
0
2817
2864
2822
2815
2320
2828
2559
2815
2821
2160
2754
2697
0
357
0
482
462
183
661
0
1083
1160
639
561
54
0
47
0
0
0
0
106
0
0
212
221
1535
1568
914
1455
640
1304
1423
649
1292
777
1371
1335
1112
1675
1651
661
1591
1456
1353
1600
1195
1886
2848
2816
1232
544
1232
1254
529
1159
402
1132
1133
377
1041
1083
2832
2819
2861
2827
2817
2691
2815
2858
2849
2802
2479
2551
2829
2839
2831
2861
2815
2817
2838
2818
2861
2819
2817
2823
0
75
0
31
0
0
0
0
64
0
0
0
377
870
799
0
719
58
770
913
0
807
144
496
2819
2859
2823
2815
2839
2817
2837
2833
2821
2834
2819
2822
0
0
0
0
0
0
0
0
0
81
0
0
595
0
539
320
1093
840
163
1014
1064
1009
987
1039
2820
2819
2845
2818
2841
2822
2841
2723
2820
2842
2818
2800
444
738
799
103
2123
1460
1925
2175
2833
2815
2851
2841
0
0
0
0
0
0
0
0
0
0
0
0
818
1655
1296
1456
1482
556
1424
1316
1039
1187
144
0
2818
2845
2816
2851
2826
2822
2847
2821
2851
2821
2822
2818
0
0
0
0
64
0
240
0
336
346
0
470
164
0
0
0
0
320
0
59
0
0
150
176
2429
2378
1969
2277
1055
2240
2149
1847
2187
991
1975
1982
0
1328
1408
1285
1456
353
1328
1344
444
1128
207
158
1011
3
1168
978
511
1040
0
1122
1120
605
1131
1090
2126
2559
1527
2397
2353
1744
2221
1355
2197
2227
1617
1590
2819
2826
2820
2820
2821
2815
2833
2793
2864
2819
2818
2818
0
0
0
0
0
0
0
0
0
0
0
0
0
754
656
0
406
0
0
147
0
97
0
0
2802
2861
2818
2821
2829
2816
2859
2819
2817
2807
2816
2809
0
0
0
0
0
0
0
0
0
0
0
0
696
0
498
67
0
416
0
403
119
92
452
576
2815
2813
2911
2803
2806
2871
2832
2623
2822
2800
2823
2802
0
0
0
0
0
0
0
0
0
1216
768
323
1201
473
1115
1136
341
1041
336
845
869
0
751
823
2846
2818
2852
2822
2813
2837
2817
2859
2822
2789
2835
2862
2688
2874
2819
2861
2806
2815
2845
2822
2849
2818
2819
2830
846
802
0
684
3
373
463
0
752
438
658
692
0
0
0
0
0
0
0
0
0
0
0
0
2819
2851
2809
2815
2842
2819
2846
2822
2810
2846
2816
2818
1135
2704
2827
2826
2821
2855
2819
2823
2831
2819
2854
2861
0
0
0
0
0
1535
1343
2801
2838
2832
2816
2813
2829
2822
2852
2704
2777
2789
2768
2849
2810
2817
2832
2832
2454
2448
2813
1487
2883
2818
2824
2801
2881
2826
2814
2816
0
0
0
0
0
0
0
0
815
830
2622
2822
0
0
0
1066
2827
2848
2830
2830
2826
2821
2849
2864
2803
2753
2818
2789
2347
2833
2755
2849
2826
2832
2823
2820
0
0
0
0
0
0
0
0
0
0
0
0
0
0
0
0
0
0
0
0
0
0
0
0
2837
2817
2832
2809
2874
2836
2800
2836
2823
2864
2817
2821
2867
2818
2817
2210
2736
2240
2010
2320
1397
2016
1240
1161
0
0
0
0
0
0
0
0
0
0
0
0
0
323
0
791
758
533
1290
528
2001
2314
2323
2786
2817
2834
2820
2757
2832
2815
2790
2818
2862
2826
2798
2819
0
0
0
0
0
0
0
0
0
0
0
0
0
0
0
0
0
0
0
0
0
0
0
0
2818
2856
2827
2763
2839
2819
2854
2842
2821
2841
2825
2817
311
1558
550
1697
959
1687
1809
605
2004
2031
1407
1279
0
0
0
0
0
0
0
0
0
0
0
190
2819
2819
2922
2817
2849
2860
2802
2832
2823
2848
2819
2815
1872
1467
1620
196
1287
916
0
363
0
784
0
2834
0
0
0
0
0
0
0
0
0
0
0
0
2837
2821
2851
2822
2818
2839
2817
2847
2819
2821
2845
2846
2823
2836
2818
2846
2819
2815
2841
2856
2850
2822
2817
2815
0
0
0
0
0
0
0
0
0
0
0
0
2850
2819
2802
2848
2855
2845
2817
2816
2851
2909
2833
2843
2817
2848
2816
2819
2707
2825
2839
2731
2605
1634
2477
2290
0
0
0
0
0
0
0
0
0
0
0
0
2819
2849
2821
2837
2818
2815
2848
2818
2801
2821
2823
2831
815
1329
102
1255
1022
496
599
0
0
0
0
0
2815
2831
2818
917
0
624
0
122
0
1478
2823
2832
0
0
0
0
0
0
0
0
0
0
0
0
2814
2893
2831
2822
1360
0
0
0
0
0
0
0
2769
2863
2813
2832
2823
2812
2849
2815
2819
2831
2822
2815
0
0
0
783
2559
2825
2815
2850
2821
2832
2831
2834
0
0
0
0
0
0
0
0
0
0
0
0
2827
2825
2828
2817
2858
2846
2822
2544
1855
0
702
616
0
1883
2818
2838
2756
2850
2819
2817
2827
2820
1311
0
0
0
0
0
0
0
0
0
0
0
0
0
2834
2818
2864
2821
2842
2839
2814
2864
2359
1776
567
0
2820
2847
2807
2864
2837
2837
2840
2819
2848
2800
2832
2817
2830
2821
2833
2818
2917
2818
2814
2835
2823
2865
2819
2817
2864
2831
2821
2837
2819
2861
2819
2817
2274
2612
1936
1446
2821
2863
2821
2821
2836
2807
2858
2818
2817
2838
2806
2810
1623
2543
2536
2731
2817
2279
2816
2845
2814
2817
2673
2427
0
0
0
0
0
0
0
0
0
0
0
0
2474
2299
1439
1935
1386
1514
1333
134
818
592
412
0
206
82
425
0
0
0
0
0
0
0
0
0
1104
593
1051
1035
207
1169
768
1195
1219
415
1131
1315
0
662
740
678
1169
471
1737
1884
1775
1985
1072
1149
2816
2841
2818
2857
2821
2821
2839
2821
2833
2821
2838
2814
1650
1747
784
1703
912
1280
1407
718
1251
802
407
989
600
857
1160
239
1283
1344
1509
1720
979
1842
1952
1736
2815
2849
2818
2817
1674
2586
2464
2075
2197
1263
2095
2059
783
1637
1050
2128
2119
1407
2273
1985
2502
2622
1865
1654
333
0
304
0
0
0
0
0
0
0
0
0
2775
2815
2015
2818
2846
2662
2821
1935
2816
2849
2679
2747
1692
1491
2015
1859
2724
2752
2693
2821
2886
2819
2842
2823
696
276
485
510
0
467
209
0
435
0
446
326
623
1584
968
1101
1134
63
1171
768
807
887
0
0
2815
2599
2817
2832
2825
2822
2703
2736
2448
1981
2367
2826
0
0
0
0
0
0
0
0
0
0
0
0
576
1403
2139
899
1290
400
0
0
0
0
213
1936
2816
2838
2821
2814
2849
2814
2816
2846
2808
1728
2005
2017
0
0
0
0
0
0
125
1344
1427
1204
0
0
0
0
0
0
0
0
0
0
0
0
0
0
2826
2818
2855
2816
2825
2833
2815
2864
1819
1652
1843
2834
2821
2816
2818
844
0
0
0
0
0
0
2800
2829
1169
269
0
0
0
0
0
0
0
0
0
0
2401
2499
2028
1063
1019
0
1232
2032
2415
2820
2864
2855
2812
1387
2771
2831
2823
2810
2863
2815
2823
2377
1824
1040
0
0
0
0
446
0
705
192
836
647
0
0
176
0
0
0
0
118
0
1235
857
1714
1687
1504
2818
2821
2825
2821
2860
2822
2823
2815
2818
2737
2881
2818
727
1761
2080
1040
1482
293
1454
1360
919
1583
291
705
634
0
593
499
0
234
0
0
351
0
275
139
1977
2818
2280
2824
2704
1855
2607
2000
2591
2513
1751
1779
2820
2825
2823
2813
2715
2816
2892
2823
2858
2817
2822
2815
743
682
0
615
0
283
507
0
490
0
0
0
96
0
384
0
0
0
0
0
0
0
0
0
2826
2861
2822
2819
2557
2814
2847
2819
2815
2305
2817
2821
0
0
0
0
0
0
0
0
0
0
0
0
0
0
0
0
0
0
0
0
0
0
0
0
2819
2815
2843
2819
2848
2817
2821
2850
2821
2849
2801
2819
500
0
0
621
1314
1584
0
2559
1601
2636
337
2832
205
0
0
417
0
311
0
0
288
0
235
305
1343
1839
1480
1499
1691
753
1633
1352
1170
1232
191
239
2812
2841
2816
2820
2817
2821
2842
2821
2850
2823
2819
2822
0
0
0
0
0
0
0
0
0
0
0
0
2842
2475
2816
1968
2817
2832
2635
2722
1827
2559
2256
2000
569
333
0
320
0
209
97
0
352
0
571
545
0
523
401
581
610
0
575
134
0
399
0
0
2064
1398
2704
2832
2788
2818
2821
2818
2829
2821
2733
2821
2821
2819
2846
2820
2847
2815
2817
2852
2819
2832
2825
2823
2839
2703
2823
2839
2817
2864
2817
2827
2841
2817
2842
2837
0
0
0
0
0
0
0
0
0
0
0
272
628
1664
1656
1019
1631
351
1535
1616
929
1410
143
304
2816
2855
2818
2815
2835
2821
2848
2821
2823
2830
2822
2814
0
533
0
497
451
0
343
0
0
0
0
0
660
0
623
0
815
802
451
1173
0
650
537
450
2815
2847
2818
2818
2832
2825
2854
2818
2823
2838
2819
2818
0
0
84
0
0
0
343
0
0
0
0
0
1264
0
459
304
0
400
0
1292
1778
1271
1859
1616
2813
2822
2918
2818
2823
2837
2827
2844
2827
2812
2239
2272
2832
2826
2820
2931
2831
2807
2831
2832
2851
2822
2815
2810
1063
811
0
0
0
0
321
0
340
0
0
0
341
1253
1184
575
842
0
619
624
0
624
0
0
2825
2859
2819
2811
2836
2826
2857
2815
2815
2411
2826
2647
267
379
0
336
256
0
0
0
475
489
0
0
816
67
576
0
115
121
0
16
0
0
0
328
941
729
0
332
0
700
1080
821
1310
82
747
84
0
0
0
0
240
848
1225
1091
1391
1423
192
394
0
1009
2821
2819
2832
2822
2855
2813
2822
2832
2818
689
2239
2791
2859
2813
2823
2837
2821
2850
2788
1023
0
0
2019
0
0
1072
2791
2814
2834
2817
2901
2832
2796
2816
2827
2813
2830
2818
1393
1473
958
0
1344
1638
2821
2819
2849
2821
2819
2847
2817
2845
2822
2823
2278
1903
1047
145
2822
2859
2821
2821
2839
2817
2853
2811
2817
2529
2816
2825
179
769
122
227
212
0
355
0
0
135
0
0
1168
630
1008
0
577
744
0
716
0
764
737
660
2818
2816
2842
2818
2859
2832
2817
2842
2821
2848
2807
2823
1360
1357
0
1439
2786
2553
0
2829
2847
2819
2846
2843
785
464
975
949
176
848
724
885
929
0
1082
926
2849
2815
2832
2817
2819
2841
2823
2839
2832
2820
2816
2844
2816
2842
2820
2847
2819
2822
2847
2820
2843
2830
2818
2815
0
0
0
816
739
0
1488
315
1475
1399
1087
1200
0
0
191
0
21
0
0
297
0
386
269
143
2138
1832
1730
1955
795
1840
1938
1648
1834
727
1712
1669
350
1104
928
900
1011
0
957
976
0
1264
0
0
1681
1095
1601
1176
1759
2045
426
1415
909
765
1023
1051
2822
2818
2848
2816
2830
2822
2816
2851
2827
2828
2823
2827
2817
2832
2859
2852
2818
2838
2823
2816
2853
2823
2827
2818
871
520
485
656
0
653
559
113
480
0
491
479
0
735
373
0
366
0
135
142
0
225
0
0
2818
2851
2819
2817
2832
2818
2864
2816
2819
2832
2817
2818
0
0
0
0
0
0
0
0
0
0
0
0
198
0
245
0
0
142
0
112
0
0
209
496
2434
2280
2079
2365
1163
2171
2256
1941
2271
1149
2110
2154
0
0
0
0
0
0
723
924
555
845
0
1557
621
0
687
558
0
710
0
696
551
0
459
571
2643
2815
2087
2710
2824
2339
2724
1457
2431
2416
2103
2176
2823
2914
2818
2855
2818
2810
2825
2815
2857
2784
2818
2822
0
0
0
0
0
0
211
0
126
0
782
848
0
176
197
0
226
0
0
292
0
450
0
0
2816
2853
2820
2827
2821
2817
2854
2819
2819
2826
2819
2822
0
700
0
178
570
0
615
0
323
506
0
0
2822
2829
2822
2857
2820
2821
2818
2816
2855
2814
2815
2817
2822
2817
2830
2816
2831
2821
2817
2832
2822
2863
2817
2814
2864
2822
2708
2833
2815
2871
2815
2811
0
2047
995
0
1990
0
0
0
0
0
0
0
0
0
0
0
2830
2819
2864
2819
2819
2832
2818
2864
2819
2822
2834
2848
2823
2837
2813
2861
2823
2825
2313
2821
2838
2821
2815
2815
0
0
0
486
0
419
490
0
0
0
0
0
2866
2822
678
0
0
0
0
0
0
0
0
0
2816
2863
2800
2816
2833
2834
2875
2815
2833
2847
2832
2819
2138
2459
1516
1523
1107
0
0
0
0
0
0
303
0
0
0
0
2435
2830
2839
2827
2858
2832
2814
2816
2289
2617
2044
2816
2847
2822
2818
2848
2825
2850
2815
2827
2854
2815
2832
2845
2831
2843
2823
2819
2832
2876
2835
2837
1057
2840
2821
2829
2846
2811
2847
2823
2800
2251
581
0
2851
2817
2837
1819
166
0
0
0
0
0
0
0
2819
2846
2819
2830
2818
2817
2839
2819
2843
2830
2821
2817
0
0
0
2338
2845
2819
2822
2847
2819
2842
2822
2819
0
0
0
0
2811
2832
2835
2819
2849
2821
2833
2831
2819
2818
2830
2817
2825
2823
2823
2831
2815
2855
2817
2830
2861
2809
2832
2822
2800
2844
2823
2830
0
1763
0
0
1781
0
0
0
0
0
0
0
0
0
1370
2608
561
2064
2848
2822
2832
2827
2819
2855
2816
2822
1435
662
2831
2832
2818
2860
2818
2823
2832
2826
2855
2823
2822
2815
372
208
0
0
0
0
550
647
2096
1901
2819
2787
253
2671
2820
2834
2818
2861
2867
2818
529
0
0
0
2818
2861
2821
2817
2896
2820
624
848
393
0
343
684
1043
1840
778
1595
1136
0
0
0
0
0
0
0
1872
877
1098
105
1015
1535
1491
2593
2860
2811
2304
1342
2864
2823
2832
2865
2861
2817
2807
2833
2821
2753
2766
2656
2864
2821
2823
2693
400
0
0
0
0
686
2363
2862
1949
439
1112
814
0
562
0
727
711
0
214
0
1198
2822
2853
2822
2820
2828
2821
2854
2817
2820
2829
2830
2823
2835
2819
2863
2827
2821
2846
2817
2852
2817
2799
2045
2821
2800
1263
887
0
0
0
563
2622
2144
1431
0
2866
2818
2819
2807
2832
2862
2815
2821
2831
2816
2856
31
2819
2867
2832
2817
2832
2821
2975
2826
2821
2897
2817
2822
243
678
4
0
79
0
0
0
0
822
275
75
636
0
0
0
0
157
661
2514
2864
2818
2822
2540
2818
2816
2832
2818
2863
2820
2819
2255
2480
1736
2559
2806
2852
2519
2142
0
2815
2840
2537
2804
2849
2821
2835
2835
1872
1392
2259
2480
2167
2818
2843
2825
2834
2261
2818
2547
2627
2656
1936
1431
1142
0
192
0
0
0
0
0
2818
2586
2820
2852
2817
2817
2850
2819
2834
2819
2822
2818
0
0
0
0
0
0
0
0
0
0
0
0
0
511
527
0
713
5
560
588
0
328
0
0
2817
2842
2828
2832
2271
2817
2849
2506
2656
1591
2595
2335
0
0
0
0
0
0
0
0
0
0
0
0
713
0
491
0
0
139
0
109
0
0
0
0
1479
1323
579
1051
98
934
662
0
636
0
484
398
2843
2816
2817
2846
2820
2834
2819
2817
2853
2837
2821
2818
0
0
0
0
0
0
0
0
0
0
0
0
0
407
0
0
29
0
0
0
0
87
0
0
2816
2846
2775
2845
2821
2823
2850
2821
2832
2800
2819
2815
2785
2813
2289
2817
2847
2818
2815
2699
2781
2759
2871
2819
370
651
836
0
1007
784
894
1168
205
1120
1304
1224
2819
2853
2817
2822
2838
2816
2843
2832
2819
2886
2827
2821
2917
2876
2820
2825
2823
2845
2825
2846
2823
2821
2846
2816
1751
543
1089
672
567
560
0
0
0
0
0
0
1494
1555
630
1623
1586
1633
1923
1011
2131
2012
1983
2001
2832
2822
2822
2848
2817
2839
2821
2825
2845
2821
2852
2837
0
0
0
0
0
0
0
0
0
0
0
0
0
0
0
0
0
0
0
0
0
0
0
0
2807
2875
2830
2783
2816
2747
2850
2818
2832
2825
2815
2831
0
0
0
0
0
0
0
0
0
90
0
0
0
0
0
0
0
0
0
0
0
0
0
0
1765
1645
1040
1726
751
1535
1699
1138
1926
1230
2271
2336
708
2771
2592
2219
2838
2800
2826
2835
2787
2814
2857
2843
10
0
0
0
0
0
0
0
0
0
0
0
1855
2226
963
2081
1798
1127
1568
411
1359
1396
639
535
2829
2822
2815
2857
2821
2827
2879
2809
2861
2796
2832
2823
2307
2276
179
2829
1763
2610
2817
2559
2822
2864
2826
2810
239
1505
1588
1078
1527
399
1586
1633
1152
1584
702
635
2055
1015
1963
1720
1527
1759
819
1600
1568
1261
1414
1299
800
1022
463
937
1371
913
1463
638
1615
1625
1167
1094
986
481
881
0
854
948
195
771
0
735
1008
964
1376
1508
1051
1415
177
1214
1280
731
1072
0
1009
1072
2862
2819
2821
2832
2822
2864
2822
2823
2844
2832
2861
2867
0
0
0
0
0
73
0
0
0
0
0
0
1405
1579
76
1046
752
0
411
0
0
80
0
0
2816
2825
2826
2857
2825
2819
2832
2819
2860
2818
2820
2821
624
856
66
715
0
779
697
0
892
0
813
657
0
699
753
0
762
0
699
779
0
813
0
0
2821
2858
2819
2827
2702
2812
2864
2823
2819
2446
2819
2815
0
0
0
0
0
0
0
0
0
1275
0
543
0
0
0
0
0
0
0
0
0
0
0
0
2283
2379
1319
2086
1232
1887
1758
1155
1850
816
1389
1535
2864
2821
2818
2832
2816
2867
2817
2819
2832
2813
2864
2864
1799
1033
1824
2064
1196
1842
1520
2302
2409
1589
2559
2821
0
728
27
650
634
0
672
0
523
637
0
0
2815
2605
2835
2862
2819
2821
2289
2820
2853
2822
2819
2815
0
1490
535
1382
656
1429
1438
539
1368
912
1173
1088
0
315
278
0
375
0
0
363
0
431
0
0
2192
1393
2162
2224
1473
1994
1168
2112
1915
1298
2035
1898
1979
2825
2816
2399
2818
2832
2822
2846
2822
2822
2839
2849
1344
0
0
0
1367
2817
2832
2813
2802
1363
883
1667
0
0
0
0
0
0
0
0
0
0
0
0
2854
2818
2819
2838
2823
2845
2811
2530
1421
2691
2859
2848
0
0
0
0
0
360
0
0
0
0
0
0
1299
2821
2849
2830
2198
0
0
0
0
749
203
0
2818
2843
2823
2835
2818
2817
2847
2753
2850
2818
2815
2816
2733
2814
2852
1861
2801
2383
2822
1199
1072
748
0
0
2823
2853
2836
2853
2835
2830
2627
2760
0
0
0
0
2691
2826
2906
2805
2837
2813
2839
2816
2902
2065
1895
1049
2868
2832
2671
2819
2814
2864
2835
2832
2825
2815
2864
2855
2819
2851
2819
2248
1219
347
0
0
0
0
0
0
2885
2803
2855
2821
1880
1312
560
0
0
0
0
0
2813
2839
2829
2867
2821
2816
2833
2820
2875
2821
2819
2828
874
1264
757
1271
741
1946
2172
1808
2607
1523
2590
2640
0
113
104
0
38
0
0
86
0
0
0
0
2821
2850
2818
2835
2816
2817
2559
2815
2835
2819
2819
2836
1207
1470
463
820
1424
1207
247
1975
2814
2839
2559
2845
144
0
144
0
0
136
0
130
0
0
239
96
2768
2690
2189
2516
1263
2287
2479
2062
2400
1267
2411
2096
2864
2807
2830
2834
2822
2864
2823
2819
2836
2821
2865
2878
352
0
421
386
0
289
0
390
266
0
539
320
0
0
0
0
0
0
0
0
0
0
0
0
2818
2829
2817
2854
2831
2818
2832
2819
2861
2801
2814
2829
0
0
0
0
0
0
0
0
0
0
0
0
507
1801
1882
1511
2027
784
1967
1872
1311
1921
1003
811
2818
2864
2819
2827
2832
2821
2864
2822
2817
2832
2818
2821
0
2768
2153
2659
1751
2845
2821
2876
2816
2831
2841
2833
448
0
375
0
446
368
0
405
0
204
252
464
2826
2871
2615
2818
2832
2825
2822
2286
2685
1725
2624
2657
2851
2817
2817
2831
2816
2863
2818
2817
2832
2817
2865
2866
1519
219
1404
535
1380
1875
511
1424
2295
1904
2360
2835
1316
2031
1323
2077
2131
1517
2258
1488
2251
2242
1655
1555
2819
2831
2815
2861
2819
2816
2822
2815
2859
2822
2817
2821
868
678
0
0
0
0
77
0
574
0
486
977
0
0
0
0
0
0
0
0
0
0
0
0
0
0
0
0
0
300
0
0
0
0
0
1152
2832
2816
2861
2819
2813
2834
2823
2864
2841
2817
2615
2143
