473
559
590
556
560
577
560
594
572
562
581
587
2800
2822
2812
2849
2810
2816
2832
2809
2833
2909
2801
2798
746
751
761
761
786
754
752
746
754
795
771
754
795
763
763
784
766
811
768
769
791
787
807
804
804
840
816
805
819
807
843
788
814
852
813
811
2847
2811
2845
1151
2811
2826
2814
2853
2815
2867
2834
2832
575
594
587
608
585
588
593
577
618
506
609
589
2813
2807
2831
2818
965
404
480
428
467
462
441
445
1825
2097
2169
2200
2241
2256
2339
2366
2423
2448
2457
2512
624
675
638
638
616
640
677
647
645
658
649
651
656
643
685
669
643
672
634
691
661
653
670
667
629
685
626
654
674
624
700
562
687
695
676
668
811
812
828
811
851
817
816
818
870
831
821
1051
866
841
839
859
841
867
885
805
879
848
871
873
2816
2849
2809
2835
2841
2808
2934
2802
2806
2837
2819
2817
655
643
665
643
635
672
647
695
656
1139
687
1151
542
534
542
599
558
557
575
560
589
559
557
565
502
501
545
508
537
507
511
545
511
538
526
528
2058
2166
2207
2220
2295
2347
2375
2424
2411
2507
2559
2559
703
748
709
714
747
717
743
720
717
739
721
720
752
710
741
720
720
746
720
747
723
721
767
747
752
782
752
782
755
755
786
763
778
762
704
762
1930
2091
2068
1391
1927
2267
1647
1615
2247
2430
2499
2545
874
871
879
896
877
906
880
880
903
871
906
883
908
997
958
960
1003
1127
1168
1280
1309
1362
1443
1533
1023
1004
1023
1008
993
960
1008
1023
1170
1008
1036
1040
951
989
960
979
960
962
981
958
976
961
960
958
912
912
934
917
942
912
914
938
914
945
917
926
2799
2809
2809
2837
2810
2847
2830
2896
2829
2812
2832
2832
951
961
960
933
990
956
966
934
951
980
950
954
957
927
1010
879
918
928
912
944
934
933
963
963
2822
2847
2813
2823
2822
2801
2849
2814
2817
2817
2821
2813
681
688
621
669
699
686
662
705
720
715
682
688
567
441
535
617
536
554
546
551
560
558
576
577
2819
2848
2812
2814
2844
2815
2833
2817
2814
791
448
425
702
680
698
881
855
895
781
1012
1136
1184
1197
1201
692
718
697
720
695
707
720
695
718
706
690
700
686
715
720
656
727
702
688
720
695
706
701
704
2769
2817
1829
707
708
673
644
699
723
634
634
705
833
789
900
843
903
842
935
922
1082
900
1223
1319
805
815
791
788
841
853
831
809
770
796
800
914
930
947
931
935
951
894
981
944
943
955
944
951
980
958
1011
982
993
1010
992
1014
979
1008
989
988
930
880
974
953
916
947
925
939
959
930
949
912
849
765
781
774
880
855
851
861
857
895
857
864
2289
2227
2414
2433
2450
2480
2523
2559
2603
2622
2610
2666
836
927
897
895
910
894
926
900
896
905
898
861
855
871
903
882
880
870
875
901
871
887
875
853
2826
2835
2797
2879
2807
2821
2827
2818
2862
2895
2813
2832
623
641
617
617
650
628
617
626
620
656
578
624
492
462
479
464
464
496
466
479
475
471
497
509
2809
2851
2812
2816
2829
2816
2854
2816
2811
2827
2815
2806
624
624
653
619
625
627
627
661
612
637
640
638
617
627
620
662
625
627
640
615
672
631
627
636
616
624
625
622
656
624
624
634
624
665
634
631
2425
2559
2608
2622
2689
2702
2770
2816
2825
2815
2834
2845
784
820
790
795
810
799
834
799
799
818
795
799
809
821
848
804
803
818
807
846
808
806
817
817
901
914
899
946
912
910
916
898
944
912
909
903
957
955
913
958
981
922
955
961
976
988
960
997
944
891
897
912
906
943
897
906
912
903
944
944
2803
2853
2807
2813
2826
2814
2851
2811
2809
2821
2800
2823
962
944
1019
960
944
960
949
1003
954
1223
1243
1232
897
925
885
910
897
889
843
886
914
879
893
895
843
848
854
847
880
847
848
858
848
892
844
848
2849
2811
2815
2823
2811
2821
2821
2803
2829
2807
2858
2854
567
610
575
569
595
569
608
582
576
593
586
582
2830
2814
2861
2810
1115
400
418
459
390
383
397
342
2398
2446
2483
2480
2559
2599
2642
2681
2691
2751
2800
2810
560
573
593
573
608
581
583
601
586
620
508
589
627
592
592
609
596
638
598
603
617
601
649
638
511
563
531
583
592
525
539
555
609
592
592
585
1474
1557
1535
1648
1727
1795
1853
1859
1007
1989
2032
2023
742
763
747
793
752
741
761
707
848
750
759
752
737
740
758
768
763
737
743
769
750
770
745
752
886
861
852
886
863
906
862
858
880
832
845
894
929
960
923
915
946
929
960
929
925
952
930
918
853
837
874
834
837
859
845
866
839
839
870
874
2317
2351
2400
2417
2490
2508
2550
2592
2606
2618
2654
2691
887
881
923
891
902
893
890
902
848
863
912
912
833
805
811
834
812
823
816
816
845
816
828
813
775
816
784
783
804
784
757
795
790
801
784
785
2799
2814
2865
2823
2815
2832
2807
2861
2816
2802
2839
2839
488
511
489
511
494
498
526
491
502
497
547
499
2817
2815
2843
2815
2832
2807
2815
2839
2819
2832
2821
2821
1259
1366
1406
1447
1535
1535
1648
1703
1750
1771
1834
1899
523
551
511
528
549
527
550
529
537
545
525
538
545
539
573
550
539
560
544
580
538
547
563
571
2821
2842
2816
2822
2817
2797
2848
2814
2814
2819
2811
2811
710
703
730
703
722
715
706
736
708
725
716
707
725
710
716
742
719
736
714
728
748
725
739
738
693
723
702
704
735
705
724
707
699
727
693
714
854
827
848
830
835
855
829
858
835
833
866
859
874
896
875
898
874
875
906
880
896
880
886
891
2814
2813
2850
2822
2849
2811
2797
2834
2814
1876
795
723
1115
1200
1238
1287
1381
1412
1503
1557
1594
1685
1740
1802
848
880
861
860
881
855
816
842
863
897
869
883
797
782
852
784
778
816
785
795
795
786
819
874
2811
2845
1847
740
690
735
752
737
725
658
726
707
874
1419
1397
1499
929
1783
1802
1800
1167
1994
2065
867
2837
458
402
423
380
448
432
446
468
380
368
446
2768
2823
2829
2750
2847
2813
2815
2822
2845
2883
2805
2809
550
508
508
528
525
560
511
511
534
511
572
566
458
483
450
465
511
448
491
464
455
475
467
466
408
450
445
474
464
475
465
510
468
469
483
484
2321
2327
2307
2377
2446
2491
2544
2559
2607
2672
2621
2743
643
647
725
643
688
647
659
663
650
755
651
658
675
635
639
656
642
685
649
688
661
650
692
682
627
667
633
630
643
640
677
635
638
655
641
627
791
788
829
789
770
787
791
820
784
801
795
803
823
834
836
863
834
832
838
835
870
851
831
838
2768
2791
2826
2817
2852
2812
2811
2833
2811
2846
2815
2815
899
860
864
875
861
903
865
867
881
865
944
912
788
878
741
789
803
787
827
798
783
786
798
789
723
701
747
715
720
735
707
757
720
721
748
749
2768
2800
2810
2877
2816
2800
2824
2815
2863
2814
2815
2816
821
827
837
819
869
881
823
848
828
895
830
830
2933
2814
2823
2828
2814
2849
2817
2815
2838
2830
2846
2859
2401
2385
2495
2499
2544
2592
2606
2672
2704
2739
2794
2818
482
460
509
471
473
487
474
511
473
478
493
496
367
381
374
412
478
378
396
379
417
384
391
388
2816
2810
2841
2819
2843
2817
2811
2839
2814
2839
2817
2804
1253
1377
1445
1482
1535
1577
1674
1701
1760
1795
1855
1899
631
587
573
566
589
576
609
577
587
567
582
579
615
592
611
595
595
619
599
624
598
607
623
624
2805
2829
2815
2839
2815
2810
2834
2815
560
550
511
580
745
743
720
745
789
751
752
769
750
992
758
752
2714
2737
2790
2816
731
771
799
765
794
789
837
833
2206
2148
2292
2345
2310
2421
2478
2507
2613
2602
2630
2677
815
808
851
790
823
822
811
860
811
813
832
837
723
738
722
761
729
726
737
724
769
735
730
756
545
532
570
605
642
628
602
659
553
621
628
636
2057
2146
2137
2205
2249
2303
2359
2375
2426
2463
2446
2545
734
762
688
753
770
740
781
752
743
789
746
749
2833
2815
2843
2826
2810
2847
2815
2834
2800
2811
2839
2842
2219
2269
2294
2336
2395
2409
2448
2514
2545
2559
2622
2649
2817
2807
2834
2827
2853
2813
2813
2832
2815
2843
2821
2821
0
0
0
0
0
0
0
0
0
0
0
0
2822
2846
2814
2817
2846
2816
2853
2814
2813
2838
2815
2815
2855
2814
2835
2819
2822
2844
2816
2831
2818
2815
2848
2861
0
0
0
0
0
0
0
0
0
0
0
0
0
0
0
0
0
0
0
0
0
0
0
0
2815
2823
2815
2848
2807
2818
2826
2819
2859
2819
2814
2815
0
0
0
0
1766
2815
2821
2826
2811
2846
2792
2814
2857
2816
2813
2837
2817
2855
2814
2815
2828
2818
2864
2864
2820
2864
2811
2816
2833
2831
2864
2816
2816
2832
2820
2815
2823
2822
2849
2818
2821
2865
2822
2852
2817
2822
2829
2826
0
0
0
0
0
0
0
225
0
351
1078
1219
2815
2813
2827
2801
2847
2818
2816
2822
2803
2863
2817
2816
2857
2803
2838
2831
2811
2860
2826
2797
2832
2816
2864
2863
2021
1472
271
2137
1331
2170
1535
2432
2495
2095
2815
2816
2832
2815
2863
2842
2816
2835
2812
2859
2816
2819
2832
2832
2816
2835
2818
2856
2810
2818
2832
2817
2851
2816
2819
2817
2813
2811
2834
2815
2854
2819
2821
2834
2807
2857
2831
2832
2858
2823
2823
2832
2816
2851
2815
2810
2847
2874
2829
2827
2810
2855
2815
2813
2844
2807
2864
2811
2817
2832
2818
2813
2837
2817
2843
2799
2820
2842
2811
2859
2817
2813
2837
2837
0
0
0
0
0
0
0
0
0
0
0
0
2272
2704
2834
2678
2006
1279
173
0
0
0
0
0
2845
2814
2815
2841
2814
2834
2818
2814
2842
2812
2832
2827
0
0
0
0
0
0
0
0
0
0
0
0
2845
2815
2832
2817
2818
2847
2811
2826
2800
2832
2854
2854
2819
2839
2819
2834
2829
2813
2849
2817
2829
2813
2817
2818
2827
2815
2785
2813
2819
2829
2811
2870
2811
2803
2822
2842
0
0
0
0
0
0
0
0
0
0
0
0
2813
2817
2833
2819
2867
2766
2814
2833
2810
2854
2815
2816
2866
2820
2818
2830
2747
2864
2816
2811
2870
2727
2858
2854
0
0
0
0
0
0
0
0
0
0
0
0
832
1776
1560
1703
1856
1218
2220
1828
2299
2549
1680
1751
2821
2838
2813
2858
2816
2817
2813
2818
2851
2819
2819
2813
2819
2813
2849
2815
2838
2817
2818
2849
2736
2839
2818
2919
2848
2735
2752
2043
2826
2816
2722
2816
1975
2815
2848
2844
2817
2832
2822
2815
2848
2811
2832
2818
2819
2807
2822
2825
2848
2817
2848
2818
2817
2854
2806
2818
2819
2814
2839
2848
0
0
0
0
0
0
0
0
0
0
0
0
0
112
0
0
0
0
0
0
0
0
0
0
2841
2823
2815
2854
2813
2843
2814
2813
2841
2815
2829
2837
0
0
0
0
0
0
0
0
0
0
0
0
0
962
852
976
1213
287
1334
1328
1243
1477
639
483
2814
2847
2819
2832
2820
2816
2849
2821
2845
2822
2832
2777
1263
1459
0
1756
1924
1569
220
1411
2817
2850
2909
2820
2192
1680
2182
1010
2205
2233
1733
2103
1043
2162
2388
2232
2819
2833
2807
2817
2605
2825
2832
2669
2817
1743
2559
2304
2864
2818
2816
2832
2736
2864
2837
2818
2833
2813
2864
2859
370
0
701
770
113
560
7
1312
1360
895
1675
1765
1054
1306
0
1012
1040
846
999
0
1115
1208
1045
1213
2819
2831
2818
2862
2813
2817
2829
2818
2837
2838
2815
2818
2815
2818
2113
2817
2642
2688
2835
2133
2757
2848
2612
2607
197
1576
1632
986
1498
211
1621
1535
1197
1574
669
647
2816
2857
2695
2624
1942
2687
1944
2559
2690
1907
2676
2544
2383
768
2867
2818
2810
2832
2818
2873
2818
2817
2835
2850
576
0
416
0
0
460
0
315
0
342
610
402
1534
1477
670
1315
370
1082
1057
0
745
13
399
0
2857
2821
2789
2831
2817
2864
2823
2816
2832
2823
2861
2861
0
0
0
0
0
0
0
0
0
0
0
0
0
0
0
0
0
0
0
0
0
0
0
0
2817
2832
2821
2863
2820
2814
2837
2818
2861
2817
2816
2815
0
0
0
0
0
0
0
0
0
0
0
0
2860
2813
2815
2833
2817
2850
2818
2817
2838
2816
2851
2854
2809
2862
2817
2814
2833
2815
2852
2816
2816
2836
2815
2806
2834
2822
2868
2826
2818
2842
2819
2865
2822
2819
2842
2832
692
0
443
315
0
280
0
404
231
0
341
369
1260
1076
511
848
0
619
429
0
267
0
0
0
2835
2817
2815
2847
2830
2841
2814
2815
2846
2817
2841
2838
1664
1424
1087
1790
877
1795
2258
1941
1903
1200
2352
2448
0
0
0
0
0
0
0
0
0
0
0
0
2797
2640
2819
2837
2515
2817
1854
2819
2832
2517
2791
2817
1139
1495
347
1391
1346
1247
1569
479
1663
1824
1120
1361
320
0
82
0
0
68
0
159
0
0
77
144
2247
2036
1812
2107
949
1940
1974
1610
1840
816
1783
1847
2844
2738
2826
2817
2811
2843
2816
2837
2820
2818
2850
2755
0
0
0
0
0
0
0
0
0
0
0
0
0
0
0
0
0
0
0
0
0
0
0
0
2819
2831
2816
2862
2819
2818
2833
2816
2864
2818
2818
2815
0
0
0
0
0
0
0
0
0
0
0
131
0
185
287
0
268
0
411
400
0
496
0
0
2818
2848
2822
2831
2763
2821
2896
2800
2832
2829
2815
2814
0
0
0
0
0
0
336
0
1776
2814
1554
2827
1790
1243
1891
1298
293
370
0
0
0
0
0
0
2823
2817
2143
2533
1623
2291
2133
1291
1681
848
1328
1223
2892
2865
2849
2818
2798
692
0
0
0
0
0
0
0
0
0
0
0
0
0
0
0
0
0
0
0
0
0
0
0
0
0
0
0
0
0
0
2813
2845
2816
2850
2810
2818
2846
2805
2848
2817
2819
2818
2816
2811
2833
2813
2846
2821
2815
2833
2845
2865
2821
2821
668
1488
1331
587
1340
938
1186
1331
579
1157
901
736
2829
2848
2815
2819
2843
2817
2846
2817
2817
2845
2813
2818
2595
2514
2852
2818
2822
2839
2819
2831
2815
2791
2840
2839
0
0
0
0
0
0
0
0
0
0
0
0
0
0
0
0
0
0
0
0
0
0
0
0
0
0
0
0
0
0
0
0
0
0
0
0
0
0
0
0
0
0
0
0
0
0
0
0
1415
2448
2496
2207
2817
2395
2812
2827
2821
2816
2852
2852
2800
2846
2817
2833
2814
2816
2847
2815
2835
2809
2815
2829
0
0
0
0
0
0
0
0
0
0
0
0
2829
2819
2807
2849
2797
2806
2767
2828
2857
2815
2825
2827
2815
2837
2820
2813
2842
2815
2771
2826
2816
2847
2804
2817
2852
2820
2831
2827
2818
2869
2830
2817
2810
2815
2873
2849
1468
375
1386
1313
961
1159
299
1377
1374
496
1366
1456
1687
2067
779
1636
1574
994
1379
141
1354
1351
703
663
2782
2832
2785
2862
2819
2821
2623
2830
2867
2790
2817
2768
1597
1488
979
1567
710
1727
1764
216
2032
1090
2065
2090
2864
2826
2815
2788
2817
2867
2819
2807
2833
2817
2853
2902
2821
2845
2813
2814
2827
2837
2864
2783
2823
2840
2817
2818
0
0
0
0
0
0
0
992
834
0
1418
1907
1630
931
1506
688
1356
1425
548
1367
1504
2032
0
0
1378
1409
467
1350
908
1259
1167
203
1055
629
816
571
2845
2800
2815
2842
2917
2843
2832
2807
2837
2809
2835
2835
1036
912
551
891
0
810
880
591
939
0
959
1014
0
0
0
0
0
0
0
0
0
0
0
0
2816
2837
2868
2883
2812
2815
2823
2843
2852
2821
2815
2819
0
0
0
0
0
0
0
0
0
0
0
0
0
0
0
0
0
0
0
0
0
0
0
0
2819
2848
2818
2819
2846
2819
2832
2821
2816
2853
2816
2807
0
272
464
500
2815
2073
2821
2724
2818
2816
2847
2850
1041
99
1136
544
904
951
31
970
467
1096
1071
1071
2801
2804
2752
2768
2832
2504
2717
1513
2448
2130
1979
1661
2896
2825
2815
2836
2779
2831
2827
2817
2854
2820
2830
2852
0
0
0
216
0
0
0
0
708
0
829
1108
0
0
0
0
0
0
0
161
0
295
0
5
2429
1339
2355
2400
1895
2300
1119
2149
2225
1767
2130
2135
1141
1520
335
1558
1534
864
1669
567
1535
1579
1175
895
180
0
241
0
0
214
0
267
0
0
176
266
0
0
0
0
0
0
0
0
0
0
0
0
1216
2184
2830
2698
2807
2863
2820
2819
2832
2822
2862
2864
0
0
0
0
0
0
0
0
0
0
0
0
0
0
0
0
0
0
0
0
0
0
0
0
2813
2842
2815
2841
2793
2814
2831
2809
2863
2817
2811
2815
1712
1977
1210
1635
623
1535
1797
1104
1819
870
1722
1501
2839
2809
2827
2288
2814
2847
2818
2817
2839
2819
2841
2846
2813
2868
2823
2818
2820
2816
2864
2817
2828
2829
2821
2817
274
1073
688
884
784
81
1095
0
1243
2000
1239
2714
2815
2685
2817
2865
2814
2815
2635
2815
2863
2753
2832
2815
2822
2822
2844
2820
2848
2817
2815
2843
2813
2845
2820
2822
2829
2829
2827
2848
2819
2848
2817
2811
2849
2815
2847
2827
1090
123
801
844
0
688
94
923
819
0
326
1249
0
126
0
0
0
0
0
0
0
0
0
0
2819
2848
2815
2843
2823
2811
2843
2821
2837
2817
2819
2821
1827
2393
1363
2112
2627
2270
2582
1415
2701
2832
2331
2623
65
0
246
0
243
352
0
464
0
596
544
718
2813
2906
2823
2823
2852
2798
2834
2822
2890
2851
2823
2814
1419
2464
2705
2299
2545
1470
2817
2864
2819
2816
2850
2840
591
0
338
50
0
416
0
655
281
0
533
511
999
1210
90
1260
1012
907
1090
0
788
746
759
599
2704
2822
2816
2848
2809
2790
2825
2773
2822
2816
2863
2811
826
816
336
647
0
435
690
0
592
0
734
745
0
0
0
0
0
0
0
0
0
0
0
0
2822
2849
2816
2829
2825
2815
2890
2818
2832
2820
2783
2813
1214
1327
319
1509
1152
1133
1261
461
1015
1216
1215
1116
0
0
0
0
0
0
0
0
0
0
0
0
0
0
0
0
0
0
0
0
0
0
0
0
0
0
0
0
0
0
0
1376
693
1311
1448
2861
656
0
448
545
0
617
0
677
628
0
661
768
2000
2448
1053
2167
2096
1501
1857
570
1497
1426
970
706
2819
2834
2817
2866
2818
2815
2833
2817
2862
2823
2802
2817
1286
1264
895
1600
944
1555
2160
1501
2260
1872
2559
2819
391
1375
1559
738
1387
464
1529
1681
1005
1776
1188
1264
2819
2863
2818
2817
2835
2768
2861
2818
2806
2832
2819
2812
2835
2819
2864
2819
2864
2640
2892
2864
1583
2819
2721
2391
603
0
417
0
535
560
0
592
0
576
662
549
1535
1583
741
1415
664
1332
1207
635
1333
641
1326
1299
2859
2806
2820
2827
2821
2853
2821
2851
2829
2819
2850
2705
535
0
528
422
0
383
0
483
541
0
372
560
0
242
0
0
0
0
0
0
0
0
0
0
2813
2832
2826
2862
2907
2815
2832
2851
2864
2818
2817
2822
905
608
0
511
0
442
495
0
407
1
373
397
364
455
692
0
787
698
854
961
95
1229
1256
1259
2818
2839
2817
2819
2834
2800
2848
2825
2817
2850
2826
2811
0
0
0
0
0
0
0
0
0
65
0
287
0
0
0
0
0
0
0
0
0
0
0
0
0
0
0
0
0
0
0
0
0
0
0
0
2845
2809
2810
1535
1644
896
37
31
0
0
0
0
0
0
0
0
0
0
0
0
0
0
0
0
551
1105
488
554
541
0
791
416
844
1259
446
497
2813
2843
2807
2843
2822
2813
2839
2813
2841
2816
2815
2819
2814
2815
2837
2800
2861
2814
2818
2830
2823
2880
2810
2814
2835
2483
2704
1759
2704
2612
2590
2814
1751
2788
2832
2831
2819
2846
2715
2818
1995
2810
2840
2672
2800
1933
2810
2778
1062
1990
768
1575
2071
973
0
2438
2831
2863
2860
2870
1504
322
1492
1411
1015
1393
326
1411
1396
1062
1574
1670
0
0
0
0
0
0
0
0
0
0
0
0
2544
2608
2808
2784
2822
2816
2559
2815
2848
2820
2816
2810
535
496
0
433
0
367
528
0
481
0
526
561
0
0
0
0
0
0
0
0
0
0
0
0
2819
2846
2818
2832
2816
2813
2785
2816
2842
2819
2815
2818
0
0
0
0
0
0
0
0
0
0
0
0
0
0
0
0
0
0
0
0
0
0
0
0
0
0
0
0
0
0
0
0
0
0
0
0
2857
2815
2815
2829
2862
2855
2815
2814
2834
2814
2865
2868
0
0
0
0
0
0
0
0
0
0
0
0
2818
2815
2848
2800
2827
2821
2812
2849
2817
2897
2819
2819
2783
2830
2802
2858
2806
2813
2846
2801
2857
2819
2811
2812
2830
2821
2832
2809
2862
2814
2815
2837
2826
2859
2819
2841
2864
2815
2817
2834
2817
2864
2818
2817
2836
2816
2864
2864
2814
2864
2815
2819
2832
2818
2862
2816
2817
2841
2823
2803
0
618
0
739
797
0
917
0
800
1018
436
470
0
0
0
0
0
0
0
0
0
0
0
0
0
0
0
0
0
0
0
0
0
0
0
0
2855
2821
2822
2817
2815
2885
2834
2859
2822
2845
2831
2885
895
403
905
912
287
1062
329
930
1110
463
1136
1303
2837
2801
2864
2815
2834
0
0
0
0
0
0
0
2815
2832
2814
2843
2818
2817
2843
2817
2835
2819
2816
2815
0
0
0
0
0
0
0
0
0
0
0
0
0
0
0
0
0
0
0
0
0
0
0
0
130
0
0
0
0
0
0
0
0
0
0
0
0
401
0
0
640
0
0
1478
1707
1818
824
2832
313
0
104
0
0
382
0
646
568
653
944
1189
1086
1104
266
1049
1040
799
1073
0
1005
1072
816
832
2832
2809
2815
2765
2809
2829
2818
2833
2839
2822
2821
2834
0
0
0
0
0
0
0
0
0
0
0
0
0
0
0
0
0
0
0
0
0
0
0
0
2816
2853
2821
2845
2816
2813
2847
2817
2845
2813
2814
2814
2007
2305
1439
2427
2550
2311
2767
1734
2815
2800
2659
2762
0
0
0
0
0
0
0
0
0
0
0
0
0
0
0
0
0
0
0
0
0
0
0
0
2847
2827
2821
2832
2811
2869
2810
2800
2832
2816
2855
2851
2546
1279
2605
2720
2172
2739
1734
2815
2819
2522
2816
2823
2827
2815
2858
2819
2815
2821
2818
2854
2818
2821
2833
2832
2815
2829
2750
2866
2815
2819
2833
2811
2860
2817
2811
2833
0
170
0
31
0
0
164
0
323
0
565
592
0
0
0
0
0
0
0
0
0
0
0
0
2813
2870
2815
2812
2837
2810
2862
2815
2823
2837
2866
2816
977
1987
1535
1780
1449
888
1954
1728
1728
2040
1302
1405
2816
2832
2816
2853
2821
2816
2841
2817
2858
2817
2839
2815
2816
2825
2834
2816
2849
2818
2819
2839
2818
2850
2817
2821
2843
2813
2814
2851
2898
2837
2825
2819
2896
2835
2867
2872
2810
2833
2819
2811
2849
2815
2830
2828
2817
2780
2816
2763
2839
2813
2851
2817
2815
2833
2811
2869
2822
2816
2838
2837
2816
2857
2814
2833
2821
2807
2849
2819
2839
2816
2816
2822
2812
2818
2855
2815
2831
2819
2817
2835
2822
2820
2819
2826
2845
2817
2811
2857
2825
2842
2862
2816
2850
2810
2833
2842
2815
2842
2819
2815
2848
2816
2831
2821
2818
2844
2819
2823
2846
2825
2838
2821
2816
2843
2822
2843
2815
2818
2847
2848
2821
2843
2819
2831
2826
2816
2846
2818
2830
2824
2815
2817
2821
2812
2853
2818
2832
2825
2816
2850
2815
2825
2827
2823
2825
2819
2817
2856
2817
2819
2829
2804
2853
2811
2817
2823
0
0
0
0
0
1503
2150
2419
2743
2832
2822
2821
0
0
0
0
0
0
0
0
0
0
0
0
2813
2865
2817
2815
2835
2823
2864
2819
2815
2834
2815
2813
0
0
0
0
0
0
1431
1295
2816
2817
2830
2833
1535
2127
2815
2849
2817
2819
2832
2817
2858
2820
2815
2905
2815
2816
2835
2827
2834
2813
2821
2829
2816
2851
2820
2818
0
0
1643
1563
2814
2851
2823
2839
2832
2809
2838
2842
0
0
0
0
0
0
0
0
0
427
2343
2818
0
0
0
705
1719
2171
2815
2855
2813
2815
2791
2845
452
2195
2816
2854
2822
2815
2837
2817
2863
2818
2821
2817
0
0
0
0
0
0
1018
1680
2822
2862
2816
2819
0
0
0
0
0
0
0
0
490
2309
2858
2849
0
0
0
0
0
0
0
0
1613
1775
2825
2821
0
0
0
0
0
0
0
0
0
0
157
1491
0
0
0
0
0
0
0
0
0
0
0
0
0
0
0
0
0
0
0
0
0
0
0
936
0
0
0
0
0
0
0
0
0
1171
1664
2559
0
0
0
0
0
0
0
0
0
0
0
0
0
0
0
0
0
0
0
0
0
0
0
0
946
0
0
0
0
0
0
0
0
0
0
0
0
0
0
0
0
0
0
0
0
0
0
0
0
0
0
0
0
0
0
0
0
0
0
0
2812
2833
2818
2846
0
0
0
0
0
0
0
0
0
0
0
0
0
0
0
0
0
0
0
0
0
0
0
0
0
0
0
0
0
0
0
0
2826
2815
2848
2829
2817
2702
1949
0
0
0
0
0
2815
2823
2817
695
0
896
0
0
0
0
0
0
2819
2813
2833
2819
2858
2816
2260
325
0
0
0
0
2843
2816
2813
2818
2814
2854
2787
2822
2822
2817
610
0
2815
2859
2816
2819
2835
2816
2854
2843
2819
2837
2816
2810
2829
2819
2855
2820
2822
2827
2813
2855
2832
2818
2832
2829
2819
2834
2817
2866
2819
2820
2832
2803
2864
2816
2806
2815
2820
2813
2809
2819
2864
2814
2821
2739
2816
2860
2806
2815
2822
2816
2813
2845
2821
2839
2813
2822
2848
2826
2836
2853
2819
2845
2815
2815
2833
2817
2863
2819
2817
2832
2814
2823
2833
2819
2837
2817
2816
2837
2819
2839
2818
2819
2842
2849
2816
2842
2815
2864
2816
2815
2839
2817
2858
2816
2815
2811
2816
2821
2842
2819
2871
2820
2815
2839
2821
2864
2817
2820
2866
2818
2819
2811
2823
2845
2815
2815
2842
2816
2845
2850
2816
2855
2818
2815
2827
2813
2839
2819
2815
2845
2815
2815
2839
2827
2860
2827
2817
2857
2818
2853
2810
2816
2839
2838
0
0
0
762
1871
2815
2849
2817
2829
2833
2815
2827
2819
2816
2848
2826
2834
2829
2821
2927
2821
2836
2826
2821
865
1709
2845
2855
2824
2817
2828
2826
2863
2826
2813
2830
0
0
0
0
0
0
0
0
0
0
235
1155
176
2388
2832
2827
2815
2853
2823
2825
2823
2823
2849
2855
2816
2847
2818
2832
2813
2840
2932
2833
2833
2815
2816
2814
0
0
0
0
0
0
0
0
1638
2822
2825
2823
0
0
0
0
0
0
0
0
0
0
566
2182
0
0
0
0
0
986
2217
2827
2810
2848
2817
2819
0
0
0
0
0
0
459
1968
2807
2835
2854
2837
0
0
0
0
0
0
0
0
316
931
2758
2819
0
0
0
0
0
0
0
0
1667
2815
2829
2829
0
0
0
0
0
0
0
0
16
2811
2815
2821
0
0
0
0
0
0
0
0
0
0
0
0
0
0
0
0
0
0
0
0
0
0
0
0
0
0
0
0
0
0
0
0
0
0
0
0
0
0
0
0
0
0
0
0
0
0
0
0
0
0
0
0
0
0
0
0
0
0
0
0
2827
1983
0
0
0
0
0
0
0
0
0
0
0
0
0
0
0
0
0
0
0
0
0
0
1349
0
0
0
0
0
0
0
0
0
0
0
2841
2820
1456
487
0
0
0
0
0
0
0
0
2823
2851
2818
1182
0
13
0
0
0
0
0
0
2813
2821
2838
2822
1958
496
0
0
0
0
0
0
2854
2821
2819
2843
2817
2845
1274
35
0
0
0
0
2807
2858
2816
2814
2847
2815
2858
2208
827
0
0
0
2845
2829
2859
2822
2818
2842
2588
776
0
0
0
0
2821
2845
2820
2845
2819
2818
2852
2779
1512
0
0
0
2821
2768
2847
2820
2826
2822
2817
2859
2815
2834
2599
1141
2832
2805
2825
2835
2821
2859
2822
2816
2843
2817
2838
2845
2816
2813
2820
2816
2848
2816
2835
2820
2826
2851
2815
2825
2846
2815
2818
2823
2815
2849
2783
2726
2833
2838
2850
2859
2819
2859
2819
2819
2766
2815
2862
2819
2821
2831
2816
2816
2837
2822
2864
2815
2831
2831
2816
2853
2821
2831
2819
2794
2831
2825
2810
2835
2816
2832
2749
2816
2862
2817
2813
2817
2819
2832
2821
2815
2858
2815
2827
2827
2803
2844
2813
2816
2846
2802
2831
2820
2813
2832
2816
2834
2818
2817
2845
2851
2823
2851
2817
2832
2822
2815
2781
2825
2829
2831
2811
2821
2822
2819
2849
2822
2815
2827
2818
2851
2832
2819
2810
2831
2813
2822
2823
2851
2819
2864
2820
2815
2864
2829
2801
2827
2826
2823
2821
2817
2854
2823
2819
2832
2814
2863
2817
2816
2851
2825
2825
2843
2817
2858
2819
2819
2839
2815
2851
2832
2831
2866
2818
2821
2824
2832
2868
2812
2817
2832
2815
2817
635
2221
2866
2818
2819
2865
2821
2869
2813
2815
2832
2832
0
565
2541
2864
2818
2831
2839
2820
2864
2818
2811
2815
0
0
511
2599
2832
2815
2832
2841
2789
2864
2754
2819
0
0
0
0
2379
2864
2819
2816
2832
2814
2864
2866
0
0
0
0
0
291
1360
2809
2827
2849
2818
2817
0
0
0
0
0
0
1859
2850
2822
2817
2838
2845
0
0
0
0
0
0
1999
2820
2837
2939
2803
2785
0
0
0
0
0
0
0
0
0
235
1807
2821
0
0
0
0
0
0
0
0
0
0
0
0
0
0
0
414
0
1495
2320
2795
2794
2846
2815
2817
0
0
0
0
0
0
0
0
0
0
0
0
0
0
0
1
0
0
0
0
0
0
0
0
0
0
0
0
0
0
0
0
0
0
0
0
0
0
0
0
0
0
0
0
0
0
0
0
0
0
0
0
0
0
0
0
0
0
0
0
0
0
0
0
0
0
0
0
0
0
0
0
0
0
0
0
0
0
0
0
0
0
0
0
0
0
0
0
0
0
0
0
0
0
0
0
2240
383
0
0
0
0
0
0
0
0
0
0
2819
2819
1199
503
0
0
0
0
0
0
0
0
2863
2420
1040
0
0
0
0
0
0
0
0
0
2821
2862
1984
699
0
0
0
0
0
0
0
0
2832
2821
2864
2815
2822
2558
1737
54
0
0
0
0
2773
2835
2817
2866
2810
2829
1007
368
0
0
0
0
2814
2816
2834
2824
2851
2819
2819
2695
2055
138
0
0
2853
2815
2815
2835
2818
2875
2824
2815
2865
2805
946
0
2815
2864
2700
2803
2831
2782
2866
2823
2768
2830
2817
2819
2801
2813
2850
2826
2815
2843
2817
2891
2818
2817
1360
0
2816
2834
2817
2861
2821
2822
2843
2818
2861
2827
2814
2471
2832
2800
2841
2816
2848
2816
2817
2839
2820
2853
2822
2865
2832
2815
2817
2843
2815
2837
2842
2813
2864
2822
2838
2832
2787
2864
2864
2825
2849
2813
2896
2835
2850
2815
2815
2815
2846
2818
2835
2826
2821
2848
2816
2832
2823
2816
2848
2834
2807
2848
2831
2819
2829
2817
2864
2820
2823
2830
2768
2823
2821
2817
2841
2814
2841
2820
2819
2845
2812
2874
2786
2818
2838
2817
2820
2851
2817
2836
2817
2816
2850
2887
2840
2827
2846
2853
2818
2816
2848
2816
2851
2816
2811
2838
2818
2807
2855
2803
2891
2817
2817
2841
2815
2847
2818
2817
2843
2859
2798
2853
2819
2829
2832
2816
2859
2815
2817
2829
2814
2805
2324
2821
2851
2816
2827
2800
2821
2849
2820
2831
2794
2825
0
1426
2815
2861
2819
2845
2831
2816
2848
2822
2853
2860
0
0
766
2591
2864
2819
2822
2829
2815
2864
2816
2827
1831
2816
2821
2835
2816
2864
2822
2819
2835
2819
2864
2864
2815
2800
2819
2865
2821
2816
2864
2819
2831
2831
2813
2802
0
0
38
2509
2845
2831
2817
2844
2818
2822
2832
2825
0
0
0
0
0
1072
1727
2819
2864
2819
2819
2822
0
627
947
2325
2859
2817
2826
2827
2817
2864
2817
2818
0
0
0
0
0
0
0
0
0
0
250
2864
0
0
0
0
0
0
0
0
638
979
2818
2816
1776
2598
2304
2653
2784
2281
2818
2851
2832
2815
2832
2848
683
0
533
260
0
384
0
0
126
0
288
210
433
602
0
455
364
0
536
0
413
360
134
0
2847
2819
2815
2839
2816
2853
2817
2813
2842
2819
2857
2843
2821
2863
2819
2814
2834
2819
2865
2821
2817
2799
2842
2817
2443
2801
2861
2813
2815
2322
2821
2866
2803
2810
2841
2100
2826
2559
2821
2858
2793
2716
1873
2541
2048
2444
2539
2439
2817
2815
2841
2813
2855
2819
2818
2849
2818
2834
2817
2818
690
1099
1172
189
1473
1328
1364
1591
957
2055
1712
1737
733
325
688
1937
1123
2392
580
1047
1778
976
765
577
1511
2503
2320
2174
2430
1299
2391
2288
1999
2345
1111
982
71
819
1847
1773
1492
1755
2881
2823
2815
2827
2821
2825
2821
2825
2847
2821
2837
2819
2819
2845
2815
2844
2815
2817
2831
2821
2822
2853
2822
2831
2826
2818
2864
2819
2832
2817
2820
2866
2811
2815
2848
2800
2846
2815
2814
2837
2816
2832
0
1640
93
0
648
0
0
0
0
0
0
0
0
0
0
0
0
0
0
0
0
0
0
0
2828
2818
2851
2818
2832
2827
2821
2847
2819
2834
2829
2822
0
0
0
0
0
0
0
0
0
0
0
0
0
0
0
0
0
0
0
0
0
0
0
0
2862
2815
2815
2829
2815
2859
2815
2783
2831
2812
2857
2859
2816
2859
1995
2848
2841
2818
2905
2819
2815
2836
2817
2798
2191
2825
2864
2727
2801
2105
2800
1795
2739
2791
2042
2018
2818
2837
2826
2848
2815
2819
2111
2654
2000
2353
2136
1962
2812
2814
2832
2819
2849
2816
2819
2759
2817
2889
2821
2882
0
0
0
0
0
0
0
0
0
0
0
0
0
0
0
0
0
0
0
0
0
0
0
0
1802
2583
2080
2394
2357
1573
2280
1984
2180
2475
1341
1246
656
0
492
0
0
373
0
303
0
0
448
465
1427
1467
822
1331
576
1503
1458
867
1520
880
1510
1723
2861
2818
2814
2832
2842
2864
2815
2818
2829
2810
2853
2866
2819
2839
2815
2815
2853
2815
2841
2822
2813
2846
2831
2817
0
688
133
675
785
0
725
64
649
942
0
0
1323
334
1019
576
90
611
0
0
0
0
0
0
2825
2813
2842
2811
2846
2821
2814
2831
2817
2851
2819
2819
0
0
0
0
0
0
0
0
0
0
0
0
0
0
0
0
0
0
0
0
0
0
0
0
2848
2817
2860
2806
2820
2837
2825
2855
2821
2870
2835
2844
0
0
0
0
0
432
0
0
0
0
478
720
2818
2821
2851
2818
2832
2819
2818
2858
2823
2828
2826
2822
2846
2860
2815
2844
2806
2853
2826
2834
2841
2817
2783
2819
2817
2846
2708
2819
2844
2815
2841
2818
2817
2848
2816
2816
0
1219
1708
0
138
0
928
0
0
329
0
0
565
0
0
2
0
0
0
0
0
0
0
0
2832
2823
2849
2832
2832
2559
2818
1516
2640
2524
2303
2181
377
0
320
0
1078
802
0
1098
255
1182
1424
1382
0
0
0
0
0
0
0
0
0
0
0
0
2842
2810
2843
2804
2817
2847
2792
2866
2940
2815
2847
2870
1359
0
672
1400
1212
0
2886
2818
2831
2820
2823
2832
1520
1690
547
1712
1592
1251
1533
469
1558
1535
1233
1043
2828
2827
2807
2844
2821
2831
2827
2819
2851
2816
2832
2821
2822
2839
2801
2814
2768
2810
2834
2797
2794
2845
2799
2807
0
0
0
0
0
0
0
0
0
0
0
0
0
0
0
0
0
0
0
0
0
0
0
0
1998
2167
859
2149
2034
1617
1876
603
1822
1864
1463
1342
0
0
0
0
0
0
0
0
0
0
0
0
1412
1632
1018
1613
368
1744
1776
1283
1815
735
1856
1940
2842
2818
2819
2830
2815
2849
2817
2813
2831
2817
2846
2850
1010
0
0
2830
2825
2879
2853
2819
2816
2830
2816
2817
0
681
0
503
652
0
552
0
444
528
0
0
2821
2800
2820
2886
2821
2742
1799
2320
1175
1957
1722
1648
2819
2821
2830
2819
2864
2817
2809
2832
2826
2871
2821
2816
0
0
0
0
0
0
0
0
0
0
0
0
0
0
0
0
0
0
0
0
0
0
0
0
2834
2821
2859
2814
2818
2898
2821
2863
2818
2811
2838
2848
1476
925
1558
400
1372
1375
703
1296
564
1456
2355
2549
2818
2821
2832
2816
2862
2816
2827
2833
2817
2864
2821
2816
2851
2819
2807
2839
2769
2861
2819
2814
2838
2816
2851
2848
2818
2867
2801
2823
2833
2815
2864
2829
2813
2842
2815
2822
0
0
0
0
388
0
625
330
0
0
0
0
924
0
511
0
0
0
0
0
0
0
0
0
2819
2833
2842
2845
2900
2849
2851
2853
2847
2880
2851
2827
0
0
0
0
0
0
0
0
0
0
0
0
0
0
0
0
0
0
0
0
0
0
0
0
2839
2864
2836
2817
2815
2845
2817
2832
2819
2814
2797
2851
0
0
1384
0
0
487
0
0
0
1567
2512
2832
2823
2822
2175
2816
2860
2637
2816
2099
2821
2834
2799
2608
2855
2815
2816
2838
2821
2863
2816
2819
2838
2819
2846
2849
2883
2869
2818
2814
2966
2821
2853
2817
2814
2839
2820
2816
0
0
0
0
0
0
0
0
0
0
0
0
0
0
0
0
0
0
0
0
0
0
0
0
1927
1952
979
1638
1180
1745
1628
799
1577
1036
1572
1463
0
0
0
0
0
0
0
256
0
170
0
0
1015
1136
873
1043
112
1308
1244
904
1245
251
1620
1646
2848
2816
2832
2819
2810
2847
2815
2823
2828
2811
2870
2847
2815
2135
2518
2838
2736
2518
2267
2815
2842
2813
2822
2764
672
576
0
448
464
0
368
0
291
348
0
0
2829
2626
2818
1535
2642
2640
1979
2335
1091
2094
2032
1825
2821
2854
2830
2817
2837
2818
2852
2814
2823
2845
2817
2813
0
0
0
0
0
0
0
0
0
0
0
0
0
0
0
0
0
0
0
0
0
0
0
0
2815
2819
2847
2817
2837
2819
2818
2848
2818
2823
2881
2818
0
0
0
0
0
0
0
0
0
0
0
0
2815
2818
2821
2818
2854
2819
2819
2831
2816
2855
2811
2819
2841
2814
2831
2821
2815
2848
2818
2823
2819
2817
2843
2843
2636
1517
2815
2827
2820
2817
2853
2815
2832
2816
2825
2820
495
546
0
654
588
0
557
0
688
1872
1309
495
2453
1841
2075
887
1786
1703
1055
1431
244
913
874
529
2819
2817
2826
2817
2855
2803
2820
2832
2843
2853
2832
2819
0
0
0
0
0
0
0
229
0
81
0
0
0
0
0
0
0
0
0
0
0
0
0
0
2830
2814
2854
2816
2814
2827
2782
2864
2816
2791
2827
2832
2833
2627
2852
2875
2301
1920
2701
2833
893
0
2256
1625
2816
2827
2822
2818
2858
2815
2816
2831
2805
2863
2813
2810
2855
2814
2819
2832
2821
2862
2818
2815
2831
2812
2862
2853
2791
2864
2816
2815
2833
2817
2861
2821
2765
2832
2717
2817
0
0
0
0
0
0
0
0
0
0
0
0
0
0
0
0
0
0
0
0
0
0
0
0
2818
2815
2832
2815
2854
2817
2816
2832
2821
2858
2828
2815
0
0
0
0
0
0
0
0
0
0
0
0
403
0
653
1065
356
1280
656
1328
1465
765
1476
1584
2832
2826
2861
2820
2818
2832
2814
2859
2817
2818
2828
2835
275
0
0
0
0
400
0
558
0
420
0
2813
2011
2001
1372
1991
1672
1859
2120
1291
1989
1898
1835
1858
2850
2817
2825
2846
2816
2850
2829
2815
2663
2815
2852
2861
639
2075
2194
2310
784
2591
1397
2689
2286
2095
2465
2517
0
0
0
0
0
0
0
0
0
0
0
0
0
0
0
0
0
0
0
0
0
0
0
0
2821
2820
2844
2819
2859
2822
2800
2835
2817
2848
2829
2815
1800
1863
1747
1063
1997
1740
1809
1031
1203
1970
1972
2083
2817
2857
2821
2823
2832
2814
2854
2818
2818
2833
2817
2818
2834
2818
2867
2818
2821
2833
2817
2831
2818
2823
2842
2844
1680
1058
1782
753
1875
2801
2351
2819
1796
2279
2894
2815
0
0
0
0
0
0
0
0
0
0
0
0
278
125
480
0
309
46
0
144
0
0
0
0
2819
2848
2815
2672
2845
2821
2848
2815
2907
2842
2829
2826
0
0
0
0
0
0
0
0
0
0
0
0
0
0
0
0
0
129
0
304
10
0
451
622
2821
2816
2848
2811
2823
2819
2814
2848
2777
2815
2832
2833
1120
1310
1136
0
2813
2832
1227
1335
726
2083
1066
0
2819
2846
2825
2816
2843
2822
2843
2817
2820
2845
2842
2819
2839
2826
2803
2849
2832
2817
2799
2865
2869
2832
2834
2878
688
0
614
1732
1436
1760
1319
2830
2829
2743
2817
2559
0
0
0
0
0
0
0
0
0
0
0
0
1434
1187
1287
0
976
981
485
749
0
501
400
160
2843
2833
2853
2826
2895
2804
2817
2831
2822
2855
2818
2817
0
0
8
0
465
0
463
858
371
1073
0
0
819
0
624
731
0
769
0
948
1000
639
1097
1327
2832
2831
2859
2818
2815
2832
2815
2862
2821
2816
2811
2831
2816
2832
2812
2861
2825
2817
2833
2816
2855
2818
2835
2817
0
0
0
0
0
0
0
0
0
0
0
0
0
0
0
0
0
0
0
0
0
0
0
0
2817
2864
2783
2815
2835
2813
2851
2819
2894
2887
2825
2803
0
0
0
0
0
0
0
0
0
0
0
0
342
0
0
0
0
0
0
0
0
0
0
0
2859
2815
2820
2815
2864
2819
2821
2832
2814
2859
2816
2819
323
235
624
0
327
81
0
462
0
443
0
144
2816
2854
2820
2817
2843
2821
2839
2833
2715
2855
2803
2818
2828
2815
2864
2829
2818
2833
2817
2859
2824
2708
2829
2841
0
0
0
0
0
0
0
534
51
0
2167
2035
0
0
0
0
0
0
0
0
0
0
0
0
0
0
228
0
0
0
0
48
0
0
0
0
2817
2842
2821
2821
2843
2826
2834
2919
2821
2849
2827
2818
0
0
0
0
0
0
0
0
0
0
0
0
0
0
0
0
0
0
0
0
0
0
80
327
2817
2821
2837
2817
2833
2816
2815
2838
2817
2848
2818
2820
2854
2811
2819
2839
2815
2861
2819
2758
2837
2817
2851
2852
196
0
0
172
0
171
0
0
256
0
453
475
2844
2815
2854
2822
2816
2816
2814
2849
2826
2815
2849
2834
1680
1107
1757
2228
2820
2812
2559
2866
2836
2827
2818
2819
355
874
0
675
756
137
639
0
594
400
0
0
1840
1937
2018
935
1876
1640
1443
1808
490
1691
1488
1414
2822
2833
2803
2848
2871
2803
2864
2816
2835
2842
2803
2820
0
0
0
0
0
0
0
0
0
0
0
0
1664
549
1376
1160
543
1029
0
816
800
363
1082
1347
2817
2813
2843
2817
2834
2814
2814
2821
2807
2833
2795
2822
1744
1148
1231
103
1065
996
719
1226
111
1556
1667
1386
0
0
0
0
0
0
0
0
0
0
0
0
1754
1844
1716
1233
1570
273
1584
1594
1079
1481
211
511
1196
644
2504
2554
1999
2827
2864
2822
2789
2821
2823
2816
0
0
12
0
0
0
0
0
0
0
0
0
1552
925
1201
130
1014
939
0
690
0
484
530
283
2818
2830
2831
2855
2912
2821
2796
2832
2823
2846
2817
2831
91
1110
1072
886
1431
495
1527
1590
1106
2225
1197
1194
0
0
0
0
0
0
0
0
0
0
0
0
2832
2819
2864
2817
2816
2834
2818
2857
2821
2816
2837
2839
1411
976
1747
1136
1579
1535
800
1687
1427
1838
528
2737
0
102
0
0
0
0
164
0
67
0
0
0
1344
1891
1760
983
1745
1408
1711
1863
1043
1853
1280
1216
2820
2864
2703
2816
2822
2818
2871
2820
2816
2832
2814
2825
0
0
0
0
0
0
0
0
0
0
0
0
1328
431
1122
625
787
833
0
773
564
432
720
687
2811
2815
2837
2800
2853
2829
2819
2827
2815
2857
2818
2816
1167
1651
1610
903
1535
1045
1735
1888
1297
1852
1155
1280
0
0
0
0
0
0
0
0
0
0
0
0
2839
2818
2859
2819
2815
2823
2803
2859
2815
2817
2835
2849
0
0
0
0
0
1072
807
1321
0
2735
2817
2817
0
435
0
598
142
643
795
0
814
235
798
757
1463
2000
2127
1217
1881
1216
1923
1770
1151
1895
1184
1168
2706
2855
2802
2833
2835
2812
2829
2833
2827
2843
2843
2800
0
0
0
0
0
0
0
0
0
336
0
0
2265
639
1998
1642
989
880
265
1765
97
0
999
379
2815
2817
2845
2814
2849
2797
2821
2844
2815
2849
2818
2815
2209
2480
2558
1535
2167
1576
2011
2043
1237
1868
1441
1472
0
0
0
144
0
75
0
0
100
0
334
174
2832
2815
2833
2849
2848
2073
2325
1776
2197
2261
1389
1407
1800
767
0
7
2828
2818
2736
2251
2814
2826
2868
2816
0
42
0
0
0
0
0
0
0
320
0
0
1790
1458
1519
383
1332
1520
883
1175
0
907
896
831
2831
2835
2818
2823
2849
2821
2831
2826
2821
2854
2813
2816
0
365
344
0
283
0
271
327
0
408
0
0
0
0
0
0
0
0
0
0
0
0
0
0
2832
2815
2863
2820
2817
2830
2818
2868
2825
2815
2832
2837
0
0
0
0
0
0
0
0
0
0
0
0
272
161
0
106
0
140
324
0
332
0
419
283
2466
2733
2708
1982
2538
1625
2464
2496
1777
2347
1607
1594
2642
2640
2817
2815
2832
2819
2855
2813
2817
2740
2824
2815
0
208
0
192
186
0
241
0
213
128
0
0
2185
1683
1811
611
1613
1488
1007
1410
226
1149
1096
906
2817
2822
2827
2819
2862
2819
2819
2831
2816
2864
2817
2817
0
1075
1368
1250
1280
502
1783
1792
1711
2397
1339
1232
0
0
0
54
0
139
0
0
264
0
423
594
2825
2815
2855
2819
2827
2826
2818
2851
2818
2822
2800
2826
2347
1634
2177
2020
1821
2333
1427
1756
2851
2810
2815
2817
620
400
0
565
0
495
612
614
815
0
948
1092
1588
2327
2267
1759
2285
1504
2254
2252
1584
2287
1733
1808
2815
2865
2827
2822
2838
2819
2865
2819
2815
2848
2817
2806
0
0
0
0
0
0
0
0
0
0
0
0
1638
1023
1449
244
1299
1119
785
1217
567
1744
632
539
2818
2813
2832
2815
2853
2815
2821
2830
2815
2853
2817
2816
0
0
369
0
325
47
0
124
0
0
0
0
0
0
0
0
0
0
0
0
0
0
0
0
2833
2820
2838
2818
2813
2836
2762
2845
2819
2819
2841
2842
214
0
130
0
0
55
0
624
130
676
1227
2306
869
906
0
752
0
753
623
0
689
54
783
746
1564
1887
1826
1011
1651
1400
1615
1830
769
1493
742
778
2817
2835
2801
2798
2863
2819
2842
2821
2832
2849
2819
2816
0
0
0
0
48
0
210
43
0
483
0
511
783
0
0
0
0
0
0
0
0
0
230
240
2823
2805
2873
2799
2870
2801
2822
2853
2817
2841
2815
2833
704
703
910
0
1104
1176
713
1139
92
1000
1296
1306
955
788
739
926
0
924
1016
833
1076
48
1231
1073
1232
2117
1929
1853
2082
1155
1998
1704
1759
1955
971
1169
1847
815
2294
2853
2819
2815
2845
2815
2850
2816
2816
2817
0
144
0
0
0
0
117
0
249
0
0
0
1904
1857
2002
1055
1749
1408
1368
1711
483
1404
1154
1002
2819
2833
2818
2832
2848
2810
2837
2816
2818
2853
2815
2807
0
0
0
0
0
0
0
0
0
0
0
0
648
0
391
82
0
410
0
491
473
581
737
855
2692
2837
2162
2746
2624
2407
2682
1627
2747
2832
2470
2550
0
0
0
0
0
0
0
0
0
0
0
0
255
0
0
192
0
5
0
0
208
0
206
287
2918
2832
2842
2834
2817
2717
2815
2835
2640
2821
2352
2776
2818
2853
2829
2835
2826
2822
2864
2830
2834
2837
2821
2832
938
881
0
849
481
735
935
0
716
784
687
807
768
1000
1022
0
912
480
672
704
0
587
280
48
2866
2889
2827
2817
2839
2813
2854
2832
2840
2834
2821
2817
0
1328
1104
1145
1285
403
1656
1362
1647
1600
987
1262
0
0
0
0
0
0
0
0
0
0
0
0
2768
2814
2844
2819
2860
2849
2815
2855
2815
2845
2823
2821
1708
1426
1504
652
1655
1460
999
1904
723
1746
1809
1872
1308
400
979
811
0
1440
0
0
63
0
0
0
2841
2820
2847
2816
2813
2842
2819
2838
2818
2816
2843
2847
2859
2845
2814
2899
2788
2818
2844
2821
2846
2811
2815
2818
0
363
0
293
418
0
501
0
419
632
0
0
1385
954
975
0
976
992
478
855
0
781
816
689
2818
2836
2826
2821
2850
2819
2829
2821
2819
2846
2816
2822
0
0
0
0
0
0
0
0
0
0
0
0
596
0
384
468
0
494
0
429
432
0
502
561
2832
2832
2862
2820
2809
2832
2815
2859
2817
2817
2835
2862
0
0
0
0
0
0
526
862
0
1135
2224
2354
144
266
0
142
0
0
64
0
264
0
0
0
1682
2718
2640
2148
2532
1355
2336
2338
1959
2105
816
784
2818
2857
2820
2819
2827
2816
2858
2816
2818
2825
2822
2820
0
0
0
0
0
0
222
0
168
128
0
464
688
0
616
0
612
483
0
431
0
342
532
688
2823
2818
2864
2818
2875
2818
2823
2774
2818
2865
2814
2801
578
1666
1740
955
1312
987
1559
1651
926
1921
844
816
0
0
0
0
0
0
0
0
0
0
0
0
2335
2816
2852
2646
2818
2121
2708
1647
2766
2750
2193
2261
2821
2826
2826
2805
2813
2827
2841
2816
2863
2814
2825
2815
0
0
0
0
0
0
0
0
0
0
0
0
801
1616
1515
740
1280
495
1074
1049
0
921
33
85
2818
2863
2819
2793
2845
2814
2859
2820
2818
2836
2816
2817
0
0
0
0
0
0
236
0
0
166
0
0
0
0
0
0
0
0
0
225
0
0
132
356
2822
2819
2831
2816
2857
2821
2817
2835
2823
2862
2816
2813
0
0
0
0
0
0
0
0
0
113
0
0
751
391
640
707
0
777
338
603
784
0
806
848
2427
2815
2858
2816
2823
2097
2818
2866
2762
2817
1943
1939
0
1845
2506
2064
1904
2807
2841
2814
2853
2274
2822
2814
0
0
0
0
0
0
0
0
0
0
0
0
1015
1665
1475
673
1233
322
1014
960
319
1040
61
0
2817
2768
2758
2705
2003
2672
1901
2678
2787
1895
2384
2618
0
656
241
175
1343
555
1196
594
1168
1707
845
895
19
0
0
0
0
80
0
369
0
0
323
256
2821
2817
2367
2817
2835
2610
2816
2483
2817
2842
2554
2523
1344
1994
2256
1238
2079
1792
2147
2057
1163
2471
2000
2256
837
128
781
766
0
959
352
861
938
0
927
863
1831
2800
2384
2274
2321
1489
2423
2112
2285
2370
1375
1151
2816
2835
2887
2864
2830
2821
2837
2819
2850
2815
2815
2817
0
279
0
93
0
0
207
0
305
0
0
0
0
0
0
0
0
0
0
0
0
0
0
0
2813
2861
2821
2815
2843
2817
2858
2809
2817
2835
2815
2816
0
0
0
0
0
0
0
0
0
0
0
0
2477
1481
2398
2506
2309
2685
1469
2699
2828
2530
2815
2818
2816
2817
2845
2817
2858
2813
2813
2838
2821
2853
2817
2819
0
0
2819
2303
1983
2332
2825
2816
3007
2817
2827
2800
0
0
0
0
0
0
0
0
0
0
0
0
575
1535
1424
1125
1344
272
1136
896
843
899
0
0
2825
2841
2818
2838
2824
2815
2861
2819
2837
2818
2818
2821
0
451
0
353
0
488
843
0
906
1680
1359
1351
0
0
0
0
0
0
0
0
0
0
0
0
2815
2827
2775
2819
2851
2820
2818
2647
2826
2864
2812
2822
443
1475
1511
1072
343
451
1341
1518
820
1632
671
685
511
0
445
656
0
634
0
663
680
103
670
2239
2827
2823
2842
2823
2825
2826
2821
2850
2822
2832
2835
2827
2820
2224
2831
2852
2819
2823
2829
2823
2862
2821
2832
2821
0
0
0
0
0
0
0
0
0
0
0
0
903
1904
1700
1107
2802
1513
1317
1175
753
1905
0
898
2819
2864
2819
2811
2839
2815
2857
2820
2816
2845
2819
2817
0
422
0
1012
148
0
0
0
0
0
0
0
2821
2363
2823
2866
2820
2807
2757
2826
2864
2818
2816
2819
2819
2819
2907
2821
2848
2817
2818
2849
2816
2842
2822
2814
0
0
37
0
15
0
0
46
0
218
0
0
303
0
0
144
0
63
0
0
193
0
301
250
1526
2327
2370
2061
2288
1264
2192
2378
1820
2096
831
643
0
1764
2817
2835
0
2825
2847
2820
2655
2814
2815
2822
0
0
0
0
0
0
0
0
0
0
0
0
0
0
0
0
0
0
0
0
0
0
0
0
2814
2851
2810
2817
2837
2813
2844
2816
2815
2845
2814
2815
2357
2817
2842
2821
2815
2841
2816
2839
2896
2818
2864
2849
1972
767
2032
1994
1493
1973
945
1998
2098
1589
2203
2193
2823
2816
2859
2816
2815
2829
2817
2853
2879
2819
2828
2833
1808
1007
804
1180
1959
0
1619
2816
2848
359
2823
2807
281
336
0
292
0
319
208
0
203
0
179
227
0
1006
1065
832
966
0
732
752
529
750
0
0
2821
2864
2823
2829
2828
2816
2848
2821
2841
2821
2816
2817
0
0
0
0
0
0
0
0
0
0
0
0
2320
1776
2001
639
1901
1784
1391
1839
699
1957
2038
2030
2814
2829
2824
2815
2857
2818
2822
2823
2819
2847
2815
2816
0
0
0
0
0
0
0
0
0
0
0
0
560
0
573
762
0
656
0
670
818
529
816
771
2820
2819
2864
2819
2815
2864
2819
2864
2823
2819
2838
2848
0
0
0
0
0
384
0
466
0
0
1864
1572
0
0
0
0
0
0
0
0
0
0
0
0
550
1230
1059
606
925
96
835
711
0
1781
915
178
2816
2859
2816
2819
2834
2832
2832
2835
2818
2842
2818
2821
0
0
0
624
400
0
0
53
1055
940
557
1069
368
0
263
0
170
382
0
435
0
537
683
725
2817
2818
2187
2640
1505
2559
2495
2103
2699
1529
2531
2451
534
1531
1419
0
1443
668
1488
1451
831
1584
721
595
709
0
635
684
0
599
0
656
595
0
794
671
2447
2822
2808
2821
2819
2411
2785
2848
2807
2831
2235
2325
2815
2480
2817
2875
2820
2815
2835
2805
2863
2814
2789
2819
0
0
0
0
0
0
0
0
0
0
0
0
1632
1968
1963
1118
1680
1144
1425
1315
375
1059
701
554
2818
2857
2821
2815
2860
2823
2847
2819
2819
2898
2822
2861
0
385
144
0
397
0
238
50
0
184
0
0
0
0
0
0
0
0
0
0
0
0
144
224
2751
2691
2046
2656
1841
2474
2583
1819
2655
1828
2394
2504
0
0
0
0
0
0
0
0
0
0
0
0
703
0
672
624
0
501
0
614
699
0
787
717
2887
2816
2866
2817
2818
2670
2817
2861
2821
2817
2521
2397
2898
2832
2813
2863
2814
2806
2833
2807
2857
2809
2811
2816
2821
2813
2817
2816
2851
2819
2815
2841
2816
2862
2819
2785
2865
2816
2817
2461
2816
2874
2738
2806
2097
2705
1954
1824
2819
2865
2820
2820
2838
2821
2850
2815
2829
2531
2821
2832
0
198
0
0
0
0
496
0
0
507
0
0
0
0
0
0
0
0
0
0
0
0
0
0
2346
2431
1514
2228
1648
2139
2119
1199
2010
1576
1949
1971
1216
1108
751
84
1315
864
1189
1603
1371
2147
1783
904
241
0
0
358
0
210
7
0
106
0
146
123
2844
2847
2842
2817
2815
2846
2831
2844
2818
2818
2848
2849
2824
2835
2815
2855
2818
2807
2835
2817
2838
2823
2814
2818
2185
2110
1221
2064
1632
1916
2080
1203
2176
1472
1947
2110
864
483
816
0
729
920
409
942
0
816
968
1054
2815
2850
2819
2823
2841
2829
2839
2822
2815
2847
2819
2834
0
0
0
0
0
0
0
0
0
0
0
0
256
0
266
171
1255
1532
918
654
604
912
864
1295
2817
2816
2811
2815
2843
2817
2817
2838
2820
2896
2819
2817
1168
702
893
0
2043
1792
1096
0
2291
2655
2823
2826
0
0
0
0
0
0
0
0
0
0
0
0
79
1179
1164
579
927
0
770
668
0
455
0
0
2817
2855
2817
2814
2831
2822
2849
2817
2816
2826
2815
2820
1535
2767
1087
1987
2496
2726
1558
703
1876
2016
1776
1191
1824
1685
1811
679
1664
1664
1526
1933
816
1799
1928
2068
2818
2835
2821
2825
2857
2814
2847
2822
2896
2851
2830
2819
656
1743
1668
1295
1683
10
1961
1610
1151
159
460
547
206
0
86
91
0
214
0
0
384
0
267
166
2832
2812
2859
2817
2806
2818
2697
2860
2813
2811
2822
2836
2821
2779
2812
2874
2817
2813
2832
2818
2848
2815
2817
2753
2559
2468
2095
2354
1147
2232
2480
1936
2259
1118
2416
2274
2857
2818
2823
2608
2736
1383
2256
2080
1411
1910
453
493
2817
2848
2817
2841
2817
2816
2862
2751
2847
2823
2817
2815
0
0
0
0
0
0
0
0
0
0
0
0
0
0
0
0
0
0
0
0
0
0
0
0
2281
2256
1674
2193
965
2082
2167
1514
2158
1057
2163
2117
0
0
0
0
0
0
0
0
0
0
0
0
80
0
0
135
0
204
0
0
148
0
283
259
2838
2815
2855
2818
2817
2833
2819
2854
2813
2815
2835
2839
2828
2838
2814
2859
2815
2820
2833
2767
2853
2814
2815
2810
1817
1734
1088
1744
336
1646
1611
951
1527
381
1611
1859
1360
1616
1411
651
1238
744
1217
1099
442
1068
474
720
2447
1203
2096
2190
1488
2256
1039
1873
2015
1343
1951
1903
0
16
0
0
355
0
335
0
528
451
0
0
0
0
0
0
0
0
0
0
0
0
0
0
2817
2832
2738
2806
2842
2821
2816
2451
2822
2831
2819
2739
1396
1592
1285
0
1407
1592
1863
1983
1415
2816
2846
2858
0
0
0
0
0
0
0
0
0
0
0
0
0
762
0
646
477
0
315
0
365
185
0
0
2815
2850
2862
2841
2828
2819
2843
2819
2843
2815
2818
2832
0
0
0
0
0
0
0
0
0
0
0
0
0
0
0
0
0
0
0
0
0
0
0
0
2821
2863
2826
2809
2853
2843
2853
2811
2817
2837
2842
2822
0
0
0
0
0
0
0
0
0
0
0
0
2177
1101
2031
2144
1803
2126
1015
2076
2064
1840
2092
2099
2821
2832
2594
2818
2829
2811
2815
2529
2815
2833
2659
2555
109
1203
1142
0
2787
2074
2613
2734
2448
2815
2844
2832
0
0
0
0
0
0
0
0
0
0
0
0
1381
2063
1568
1917
1939
1120
1802
1488
1535
1698
687
427
2820
2835
2864
2841
2813
2821
2846
2816
2837
2823
2784
2832
1638
1776
1195
2272
1892
2343
2468
1767
2817
2849
2112
2823
672
421
752
0
765
704
657
944
0
1259
1156
1152
2817
2848
2816
2819
2846
2815
2833
2821
2816
2849
2816
2816
533
1264
754
1013
1048
319
1088
788
1104
1247
455
279
265
0
0
224
0
144
0
0
238
0
295
261
2398
2603
1535
2494
2424
2202
2390
1475
2359
2197
2065
2129
2834
2832
2807
2047
2822
2845
2821
2815
2849
2814
2834
2829
0
0
0
0
0
0
0
0
0
0
0
0
0
172
16
0
0
0
0
0
0
0
0
0
2820
2839
2821
2843
2816
2819
2847
2831
2843
2817
2823
2819
0
0
0
0
0
0
0
0
0
0
0
0
560
0
755
0
802
877
255
1042
385
1072
1089
1254
2815
2850
2817
2819
2842
2816
2858
2818
2825
2837
2829
2821
0
0
0
0
0
0
0
0
0
30
0
0
0
0
0
0
0
0
0
0
0
0
0
0
2211
2679
1438
2512
2604
2015
2470
1201
2399
2368
1883
1664
2769
2815
2817
2864
2822
2815
2832
2817
2862
2818
2810
2816
0
118
0
0
0
0
57
0
17
0
0
464
1446
2155
2299
1686
2327
1762
1791
1730
1205
2349
1843
1832
2819
2851
2827
2815
2830
2817
2858
2815
2811
2837
2815
2839
2832
2791
2864
2818
2819
2832
2821
2864
2826
2817
2816
2834
2817
2838
2822
2861
2816
2817
2832
2817
2865
2819
2821
2814
2819
2817
2843
2813
2857
2825
2816
2833
2825
2859
2813
2820
1776
2818
2843
2855
2832
2853
2815
2850
2834
2818
2860
2864
0
38
2043
2821
2839
2819
2849
2818
2716
2843
2816
2821
0
0
850
2715
2821
2843
2823
2849
2820
2816
2838
2842
2818
2843
2819
2833
2820
2818
2845
2816
2835
2817
2813
2819
0
0
0
0
0
0
1394
1923
2817
2846
2815
2827
0
0
0
0
0
0
0
496
1360
2821
2852
2850
0
0
0
0
0
0
0
989
2678
2833
2816
2821
0
0
0
0
0
0
0
0
0
0
0
0
0
0
0
0
0
0
0
0
0
0
0
0
0
0
0
0
0
0
0
0
0
0
0
0
0
0
0
0
0
0
0
0
0
0
703
1898
0
0
0
0
0
0
0
0
0
0
0
0
0
0
0
0
0
0
0
0
0
0
0
0
0
0
0
0
0
0
0
0
0
0
0
0
0
0
0
0
0
0
0
0
0
0
0
0
0
0
0
0
0
0
0
0
0
0
0
0
1814
0
0
0
0
0
0
0
0
0
0
0
0
0
0
0
0
0
0
0
0
0
0
0
709
0
0
0
0
0
0
0
0
0
0
0
2823
2492
0
0
0
0
0
0
0
0
0
0
2839
2800
2817
2836
1471
2086
176
0
0
0
0
0
2823
2842
2816
2167
0
0
0
0
0
0
0
0
2859
2818
2815
2829
2823
2863
2704
1014
0
0
0
0
2818
2849
2831
2819
2832
2818
2873
2825
2816
2162
1399
0
2826
2817
2858
2822
2818
2827
2822
734
413
0
0
0
2816
2821
2817
2850
2823
2810
2830
2815
2844
1520
0
0
2816
2832
2821
2815
2851
2813
2827
2823
2815
2850
2817
2820
2847
2821
2814
2832
2800
2861
2827
2823
2822
2808
2896
2851
2817
2896
2817
2819
2838
2813
2862
2817
2816
2859
2805
2819
2847
2815
2854
2813
2817
2755
2807
2864
2813
2835
2819
2849
2819
2830
2819
2864
2818
2820
2832
2818
2861
2818
2815
2821
2817
2815
2841
2817
2861
2813
2837
2831
2816
2865
2816
2822
2855
2800
2818
2830
2819
2851
2818
2817
2847
2813
2843
2849
2822
2858
2827
2813
2844
2827
2854
2820
2819
2849
2815
2825
2844
2822
2846
2785
2819
2845
2817
2846
2813
2815
2851
2848
2822
2833
2813
2861
2827
2822
2843
2819
2855
2819
2816
2815
2825
2822
2834
2821
2863
2817
2816
2838
2805
2864
2817
2821
2851
2832
2813
2837
2833
2887
2830
2820
2837
2823
2849
2845
2816
2849
2818
2817
2850
2822
2852
2806
2818
2852
2827
2814
2834
2778
2851
2821
2818
2838
2815
2851
2815
2814
2843
2842
2818
2841
2812
2843
2818
2815
2847
2816
2854
2818
2816
2795
0
1722
2586
2832
2866
2837
2819
2840
2815
2851
2817
2820
0
0
297
573
2818
2831
2819
2823
2849
2817
2823
2820
0
0
491
2177
2886
2819
2822
2865
2816
2861
2814
2817
0
0
0
0
0
0
0
1857
2796
2828
2832
2829
0
0
0
0
0
0
279
2591
2879
2815
2819
2817
0
0
0
1375
2447
2832
2816
2847
2816
2818
2827
2833
0
0
0
0
1428
1967
2831
2823
2864
2827
2811
2816
0
0
0
0
0
0
0
0
0
0
2743
2819
0
0
0
0
0
0
0
0
0
0
0
0
0
0
0
0
0
0
0
0
0
0
0
0
0
0
0
0
0
0
0
0
0
0
0
0
0
0
0
0
0
0
0
0
0
0
0
0
0
0
0
0
0
0
0
0
0
0
0
0
0
0
0
0
0
0
0
0
0
0
0
0
0
0
0
0
0
0
0
0
0
0
0
0
0
0
0
0
0
0
0
0
0
0
0
0
2825
2764
2818
1135
1453
0
0
547
0
0
0
0
1928
616
0
0
0
0
0
0
0
0
0
0
2865
2825
1757
0
0
0
0
0
0
0
0
0
2815
2879
2839
2816
2864
2822
2864
2559
1655
0
0
0
2832
2819
2866
1776
495
0
0
0
0
0
0
0
2819
2832
2826
2864
2047
913
0
0
0
0
0
0
2816
2817
2832
2815
2848
2818
2816
2838
2750
2854
2811
2814
2874
2811
2814
2836
2813
2864
2843
2087
1311
2091
0
1072
2819
2858
2817
2821
2843
2816
2864
2811
2817
2192
1607
0
2837
2818
2859
2821
2817
2831
2819
2846
2818
2819
2841
886
2820
2839
2815
2845
2820
2815
2837
2819
2832
2826
2816
2815
2828
2811
2825
2819
2864
2819
2821
2848
2819
2860
2821
1712
2864
2839
2853
2832
2816
2864
2825
2819
2864
2817
2864
2862
2810
2863
2817
2817
2834
2817
2863
2815
2813
2832
2815
2813
2843
2816
2833
2821
2812
2851
2814
2835
2818
2815
2842
2852
2816
2842
2819
2843
2817
2818
2844
2816
2848
2815
2816
2817
2816
2818
2843
2816
2852
2817
2815
2843
2821
2833
2800
2816
2855
2816
2807
2842
2819
2861
2816
2817
2834
2822
2850
2846
2816
2864
2819
2833
2833
2817
2865
2816
2815
2832
2815
2819
2849
2822
2836
2829
2818
2849
2831
2827
2814
2814
2850
2845
2817
2850
2815
2831
2822
2826
2849
2819
2817
2830
2814
2817
2587
2822
2861
2823
2832
2825
2794
2851
2819
2819
2823
2830
2416
2816
2815
2845
2812
2850
2802
2826
2822
2827
2833
2842
1530
2820
2829
2815
2847
2807
2822
2832
2818
2853
2821
2818
0
0
0
0
894
1198
2827
2834
2830
2815
2850
2831
0
0
0
593
977
2805
2867
2820
2821
2839
2817
2820
0
1119
1232
2823
2817
2834
2819
2859
2816
2819
2835
2830
0
0
0
223
2132
2822
2835
2822
2771
2821
2815
2818
0
0
0
0
0
0
0
0
1341
2201
2821
2817
0
0
0
0
0
0
0
0
0
2117
2863
2862
0
0
0
0
0
0
0
0
240
721
2781
2827
0
0
0
0
0
0
0
0
0
0
944
2615
0
0
0
0
0
0
0
0
0
0
155
1891
2826
2811
2242
2816
2848
2818
2814
2849
2819
2846
2818
2823
0
0
0
0
0
0
0
0
0
0
0
2812
0
0
0
0
0
0
0
0
0
0
0
0
0
0
0
0
0
0
0
0
0
0
0
0
0
0
0
0
0
0
0
0
0
0
0
168
0
0
0
0
0
0
0
0
0
0
0
0
0
0
0
0
0
0
0
0
0
0
0
0
2815
2048
897
0
0
0
0
0
0
0
0
0
0
0
0
0
0
0
0
0
0
0
0
0
1761
0
0
0
0
0
0
0
0
0
0
0
2831
2829
2859
2819
2821
1361
746
0
0
0
0
0
2822
2822
2027
0
0
0
0
0
0
0
0
0
2825
2834
2818
2819
2768
1819
530
0
0
0
0
0
2842
2823
2857
2816
2816
2847
2819
1704
695
0
0
0
2813
2839
2820
2832
2823
2816
2851
2816
2340
639
0
0
2827
2819
2853
2818
2832
2826
2818
875
1131
0
0
0
2893
2827
2816
2859
2823
2818
2832
2811
2863
2410
1163
0
2816
2823
2830
2812
2848
2818
2827
2822
2819
2855
2816
2824
2849
2814
2823
2822
2817
2854
2815
2821
2827
2793
2846
2851
2818
2865
2817
2815
2832
2818
2861
2821
2813
2832
2823
2814
2837
2819
2864
2816
2819
2834
2832
2895
2830
2845
2832
2833
2817
2832
2823
2871
2824
2817
2816
2818
2864
2822
2816
2854
2819
2816
2831
2817
2815
2815
2902
2896
2851
2896
2819
2819
2863
2819
2816
2832
2815
2855
2815
2818
2830
2815
2864
2863
2815
2860
2818
2814
2832
2810
2865
2821
2827
2855
2818
2822
2831
2816
2865
2818
2814
2832
2816
2863
2815
2810
2839
2832
2816
2817
2832
2867
2841
2843
2861
2807
2907
2806
2826
2833
2831
2813
2832
2816
2955
2816
2736
2832
2817
2864
2819
2826
2857
2815
2817
2836
2817
2862
2815
2830
2863
2833
2755
2857
2313
2862
2811
2818
2836
2815
2860
2819
2821
2832
2818
2814
2835
2817
2862
2775
2818
2835
2816
2857
2815
2817
2845
2839
2814
2837
2811
2863
2820
2820
2845
2817
2847
2818
2815
2823
0
0
0
1292
2248
2815
2807
2833
2814
2909
2816
2832
0
0
385
727
2704
2865
2822
2822
2839
2821
2854
2859
234
900
2293
2819
2836
2855
2850
2818
2822
2849
2820
2816
0
0
0
0
0
725
2691
2851
2815
2832
2847
2845
0
0
0
0
0
0
0
1599
2448
2821
2817
2827
0
0
0
0
0
0
535
848
2823
2819
2832
2833
0
0
0
0
0
0
0
0
0
2087
2814
2817
0
0
0
0
0
0
0
0
0
0
0
1899
0
0
0
0
0
0
0
0
0
0
0
0
0
0
0
0
0
0
0
0
0
1201
2503
2815
0
0
0
0
0
0
0
0
0
0
0
0
0
0
0
0
0
0
0
0
0
0
0
0
0
0
0
0
0
0
0
0
0
0
0
0
0
0
0
0
0
0
0
0
0
0
0
0
0
0
0
0
0
0
0
0
0
0
0
0
2270
1680
0
0
0
0
0
0
0
0
0
0
1001
0
560
555
924
714
0
0
790
1622
0
2815
1644
1728
1281
1697
486
1802
1877
1527
2002
944
2148
2142
2865
2822
2768
2832
2818
2853
2819
2817
2830
2819
2848
2859
2832
2853
2816
2819
2826
2819
2863
2818
2815
2830
2833
2805
423
1091
595
1337
1216
737
1665
976
1707
1995
1447
1247
1295
439
1104
175
944
994
467
1100
410
1104
1219
1274
2816
2820
2559
2821
2864
2818
2823
2369
2822
2896
2783
2826
931
1791
1723
1103
1646
497
1594
1696
1139
1717
754
1535
656
0
714
755
0
720
38
561
641
0
657
694
2063
2634
2066
2495
2555
1773
2577
1925
2559
2496
1787
1607
2814
2258
0
2843
2811
2822
2827
2814
2857
2901
2817
2815
0
145
0
0
0
0
20
0
0
0
0
0
1313
2030
1764
1103
1777
848
1424
1421
691
1202
388
238
2817
2864
2817
2819
2841
2815
2859
2823
2816
2843
2817
2819
0
116
0
0
225
0
179
96
0
233
0
0
0
0
0
0
0
59
0
59
0
0
256
284
2862
2822
2832
2827
2863
2822
2816
2397
2803
2893
2803
2816
0
0
0
0
0
0
0
0
0
0
0
0
480
119
0
405
0
327
0
0
529
0
336
418
2842
2819
2863
2821
2818
2839
2818
2888
2835
2828
2751
2844
818
2840
2814
2846
2800
2819
2832
2818
2752
2827
2818
2817
0
0
0
0
0
0
0
0
0
0
0
0
2194
2723
2394
1423
2201
1764
1910
1934
1055
1869
1684
1392
2818
2853
2822
2819
2839
2828
2832
2785
2790
2851
2801
2821
958
1766
1864
1786
1933
1015
2176
2084
2112
2437
1531
1340
1147
218
1136
1260
755
1122
0
1136
1204
782
1279
1180
1465
1450
730
1313
821
1189
1328
399
1352
784
1128
1264
825
978
943
256
1650
1345
1488
1698
2143
2823
2947
2843
227
0
0
272
0
278
88
0
293
0
301
208
1554
2409
2224
1991
2275
1115
2130
2208
1875
2157
1067
751
2821
2907
2818
2811
2819
2896
2861
2812
2826
2830
2816
2813
0
41
0
0
0
0
71
0
0
0
0
0
0
0
0
0
0
0
0
0
0
0
0
0
2819
2855
2821
2816
2811
2725
2845
2827
2820
2846
2819
2816
0
0
0
0
0
0
0
0
0
0
0
0
242
0
0
137
0
119
0
267
386
0
385
377
2830
2820
2851
2825
2817
2818
2815
2853
2817
2823
2829
2831
0
0
1173
0
1038
1111
852
2511
1455
2281
2252
0
0
128
0
127
0
0
25
0
0
0
0
0
2844
2820
2839
2819
2826
2407
2823
2858
2559
2831
1789
1663
2822
2847
2819
2859
2817
2817
2847
2820
2841
2827
2817
2874
0
193
0
879
128
790
557
703
1461
928
0
2163
18
0
158
0
0
246
0
264
0
380
263
249
2821
2824
2303
2608
1433
2466
2484
1935
2385
1259
2353
2224
1211
2079
1416
1623
1882
950
1682
1372
1828
1862
983
941
1144
95
1199
1292
859
1277
16
1181
1218
802
1289
1163
2822
2823
2873
2815
2827
2843
2820
2853
2820
2835
2823
2821
2841
2809
2823
2883
2817
2813
2832
2817
2763
2821
2816
2785
229
367
0
162
0
0
16
0
179
0
0
0
2385
2695
2559
2194
2301
1110
1885
2176
1535
1715
381
539
2817
2923
2824
2801
2832
2816
2861
2821
2819
2785
2815
2791
0
0
0
0
0
0
0
0
0
0
0
0
0
0
0
0
0
0
0
0
0
0
0
0
1610
1900
1183
1584
486
1487
1606
1137
1777
314
1555
1535
0
0
0
0
0
0
0
0
0
0
0
0
381
0
275
269
0
208
0
179
186
0
246
242
2832
2819
2863
2819
2818
2607
2803
2862
2818
2825
2423
2317
2800
2826
2829
2846
2782
2818
2833
2832
2864
2826
2817
2811
0
0
0
0
0
0
0
0
0
0
0
0
0
717
491
0
215
0
0
250
0
211
0
0
2832
2863
2821
2827
2835
2817
2859
2818
2817
2830
2821
2815
614
1132
709
1603
1569
723
1013
1048
1572
1472
845
997
352
0
335
0
447
442
0
533
0
642
592
731
2807
2818
2337
2820
2860
2783
2817
1935
2735
2476
2640
2684
980
1655
1570
785
1584
0
2407
2431
0
2797
2845
2876
944
401
957
973
210
868
208
979
1023
354
960
935
1936
2480
1507
2288
2332
1712
2283
1326
2064
2033
1323
1281
2825
2823
2818
2847
2816
2819
2830
2819
2853
2820
2816
2816
803
730
0
630
288
259
586
0
524
195
264
550
183
994
1048
0
206
0
63
62
0
947
0
0
2820
2859
2817
2819
2831
2837
2857
2817
2817
2837
2816
2817
0
0
0
0
0
0
0
0
0
0
0
0
147
0
125
0
0
176
0
128
0
0
255
424
2815
2819
2823
2816
2855
2815
2816
2739
2821
2855
2819
2815
0
0
0
831
1263
499
336
2628
2142
2685
1671
1932
0
0
0
0
0
0
0
0
0
0
0
0
2195
2805
1819
2590
2559
1665
2259
1602
2026
1937
1078
865
2817
2838
2819
2857
2822
2818
2510
2819
2851
2820
2813
2816
0
0
0
219
0
0
528
0
489
0
583
1083
0
0
256
0
323
0
0
400
0
578
0
209
2818
2866
2819
2815
2039
2820
2528
2640
2818
1965
2657
2593
1238
1837
1189
1845
1853
1179
1828
1336
1797
1808
448
1159
1198
471
1196
240
1186
1109
585
1099
321
1298
1133
1360
935
1119
0
975
880
794
1168
0
976
752
778
711
2857
1267
2819
2834
2814
2848
2818
2817
2835
2827
2870
2858
704
576
487
661
0
611
576
0
639
0
617
464
914
1507
717
1282
1276
490
1058
315
967
821
0
0
2818
2841
2817
2855
2819
2819
2843
2799
2845
2817
2825
2821
0
0
0
0
0
0
0
0
0
0
0
0
0
0
0
0
0
0
0
0
0
0
0
0
2822
2864
2823
2816
2835
2816
2861
2820
2820
2844
2822
2816
759
0
1164
1456
997
0
1391
2128
2416
2368
0
2834
1708
926
1595
1312
1592
1729
867
1707
1260
1497
1612
1713
2816
2823
2843
2814
2852
2819
2831
2721
2816
2851
2818
2829
2853
2810
2819
2833
2815
2851
2814
2815
2837
2818
2850
2845
0
0
0
0
0
0
0
0
0
0
0
341
0
463
134
0
144
0
0
0
0
16
0
0
2848
2707
2816
2847
2822
2799
2275
2817
2833
2736
2817
2818
1482
1707
927
1488
1083
1886
1904
1072
1969
1496
1837
1925
109
0
420
0
354
161
0
482
0
430
368
456
2284
1976
2064
2280
1243
2207
2168
1925
2291
1297
2115
1990
464
1459
976
1351
1476
963
1787
1344
0
303
2188
2552
255
0
161
0
0
119
0
91
0
0
129
151
1597
1759
659
1426
1449
1251
1383
467
1204
1114
921
734
2815
2829
2820
2855
2816
2814
2830
2805
2865
2822
2815
2818
0
0
0
0
0
0
0
0
0
0
0
0
0
0
0
0
0
0
0
0
0
0
0
0
2817
2845
2813
2832
2826
2826
2854
2826
2832
2825
2818
2822
0
0
0
0
0
0
0
0
0
0
0
0
1
0
0
0
0
0
0
101
0
0
120
0
2815
2829
2823
2818
2860
2825
2825
2820
2809
2843
2815
2826
592
1642
0
2417
2781
2848
2803
2819
2831
2823
2853
2855
534
0
404
284
0
575
0
371
408
0
325
381
2107
2630
1491
2288
2290
1509
2080
1259
1904
1837
1043
895
2829
2827
2817
2852
2818
2829
2832
2818
2831
2820
2820
2819
577
496
104
1167
0
944
1056
1137
1487
219
1551
1784
293
1424
1376
849
1200
171
1418
1488
1107
1805
639
927
2811
2853
2834
2832
2818
2816
2849
2822
2835
2825
2817
2816
2117
2821
1671
2682
2603
1899
2442
1307
2508
2320
2039
1951
196
0
226
0
0
272
0
311
0
0
382
256
1088
992
592
985
0
848
956
535
840
0
816
802
2855
2817
2833
2823
2817
2848
2801
2835
2832
2819
2858
2864
0
0
0
0
0
0
0
0
0
0
0
0
0
0
0
0
0
0
0
0
0
0
0
0
2817
2821
2818
2859
2819
2811
2823
2815
2865
2816
2826
2818
0
158
0
0
0
0
127
0
23
0
0
0
0
0
0
0
22
0
0
27
0
183
0
0
2789
2869
2821
2815
2647
2819
2865
2819
2819
2607
2657
2820
0
0
0
0
0
0
0
0
0
0
0
648
0
0
0
0
0
83
0
0
0
0
0
78
2704
2691
2055
2527
1440
2307
2354
1675
2462
1167
2003
2047
2866
2823
2819
2827
2829
2862
2764
2853
2820
2821
2831
2859
0
0
0
0
0
0
0
0
144
0
791
639
1129
1425
211
1265
1232
755
1274
0
1048
1208
607
775
2815
2399
2817
2858
2817
2821
2275
2811
2530
2817
2758
2737
2079
2548
1071
1676
803
1439
1782
902
1616
473
1723
1623
1302
2018
2032
1564
2306
1289
2159
2335
1741
2386
1552
1475
2804
2850
2815
2817
2841
2818
2849
2823
2836
2845
2813
2816
2843
2831
2855
2825
2653
2855
2815
2847
2818
2818
2842
2854
1335
223
1406
1136
1003
1081
247
1076
968
1127
1125
1103
535
832
0
289
0
0
355
0
257
0
0
0
2859
2832
2817
2839
2819
2853
2817
2820
2837
2817
2848
2849
0
0
0
0
0
0
0
0
0
0
0
0
0
0
0
0
0
0
0
0
0
0
0
0
2815
2851
2817
2831
2781
2822
2849
2823
2832
2823
2819
2813
0
0
0
0
0
0
0
0
0
0
0
0
0
0
0
0
0
0
0
0
0
0
0
0
2790
2220
2589
2613
1751
2437
2104
2192
2382
1401
2203
2223
1010
2794
2847
2692
2777
1109
2810
2853
2819
2811
2847
2868
407
0
176
32
0
209
0
153
0
0
231
295
1409
1514
469
1424
1153
817
1142
0
876
854
511
336
2843
2821
2835
2847
2818
2843
2822
2813
2848
2815
2835
2797
1100
1029
742
1328
245
1435
1330
1151
1650
477
1215
1808
0
412
16
447
640
0
645
277
695
795
0
0
2251
1215
2170
1856
1808
2023
941
2000
1872
1759
1948
1954
877
1354
23
1115
1294
944
1251
137
1244
1568
1047
0
67
0
85
0
0
57
0
59
0
0
169
130
2224
2216
1807
2113
819
2013
2128
1635
1984
913
2055
2074
2841
2817
2821
2809
2835
2879
2832
2837
2849
2816
2867
2860
1089
0
960
908
603
952
0
866
1008
639
987
978
2832
2819
2870
2820
2815
2835
2816
2865
2817
2816
2512
2493
2815
2831
2815
2864
2815
2817
2832
2817
2861
2812
2816
2813
1216
1325
985
2188
422
775
1840
0
679
0
488
625
880
1937
1790
1423
1995
1008
1911
1973
1691
2113
1294
1259
2257
1159
2135
2055
1407
1907
907
1949
1879
1133
1834
1770
0
0
0
0
240
0
0
0
32
1495
591
80
0
0
0
0
0
0
0
0
0
0
0
0
0
0
0
0
0
0
0
0
0
0
0
0
2861
2816
2822
2832
2849
2864
2815
2815
2864
2817
2861
2834
144
0
0
0
0
346
0
0
851
53
943
1367
0
0
0
0
116
0
130
0
0
304
0
0
2822
2839
2818
2864
2822
2859
2833
2817
2852
2819
2816
2814
2351
2520
1783
2467
2496
2374
2355
1677
2478
2474
2481
2254
0
0
284
0
230
0
0
274
0
319
384
556
2819
2833
2809
2818
2832
2828
2837
2827
2811
2748
2816
2813
2853
2824
2839
2820
2825
2857
2747
2831
2865
2817
2852
2857
1963
1116
1789
1376
1719
1717
967
1707
1266
1655
1763
1663
2192
2138
1387
1952
1153
1768
1728
909
1436
852
1133
1155
2867
2822
2814
2832
2829
2851
2819
2800
2843
2818
2855
2863
0
0
0
0
0
0
0
0
0
0
0
0
0
0
0
0
0
0
0
0
0
233
0
0
2815
2848
2817
2832
2828
2813
2827
2817
2826
2826
2823
2811
0
193
0
0
0
0
0
0
0
304
0
0
272
0
435
0
349
224
0
227
0
374
600
140
2812
2832
2822
2823
2857
2814
2819
2832
2793
2867
2822
2830
1639
0
2826
2825
2826
2576
2815
2845
2849
2812
2871
2859
64
0
0
0
0
13
0
0
0
0
0
0
1004
1327
0
1136
920
387
767
0
643
702
0
0
2842
2803
2822
2849
2819
2832
2832
2816
2559
2819
2837
2835
327
572
262
656
0
611
1203
721
1213
0
1146
1269
0
443
181
0
438
0
407
371
0
432
0
0
1833
767
1872
1872
1533
1712
688
1858
1744
1431
1772
1792
1723
2518
1284
511
2448
2107
2762
1104
2807
2887
2878
2839
1506
850
1355
576
1328
1323
687
1169
275
1182
1359
1365
1399
1634
1023
1477
272
1462
1610
1069
1495
182
1366
1341
2864
2821
2823
2831
2822
2865
2817
2814
2839
2816
2865
2864
174
0
0
195
0
144
0
0
0
0
16
0
0
0
0
0
0
0
0
0
0
0
0
0
2817
2827
2817
2855
2821
2823
2827
2815
2853
2829
2821
2838
0
0
0
0
0
0
0
0
0
0
0
0
0
0
368
0
243
0
268
533
0
652
0
0
2817
2875
2797
2817
2840
2793
2864
2818
2819
2837
2826
2822
0
100
0
0
1520
935
1342
646
1979
2719
2079
1376
0
0
0
0
0
0
0
0
0
0
0
0
2665
2685
1949
2501
1728
2517
2480
1687
2237
1568
2255
1873
2850
2817
2810
2832
2816
2854
2815
2814
2837
2813
2860
2846
2192
1528
2047
2459
1823
2595
2014
2825
2815
2319
2813
2821
2192
2817
2858
2799
2819
2113
2704
2283
2815
2825
2299
2235
2818
2862
2816
2858
2819
2813
2841
2821
2864
2827
2819
2818
2791
2821
2034
2804
2068
2617
2779
975
2801
2343
2627
2317
425
848
865
0
736
336
782
884
173
959
481
720
1775
1003
1728
1617
887
1430
746
1670
1727
863
1520
1601
0
2047
1176
1936
768
2467
2816
2857
2304
2834
2854
2871
0
0
0
0
0
0
0
0
0
0
0
0
1233
1180
212
832
16
590
465
0
316
0
0
0
2832
2815
2814
2848
2816
2834
2817
2821
2845
2816
2835
2827
612
273
0
495
0
1380
1535
622
811
255
606
1452
779
1619
1236
1648
1972
911
1751
1484
1856
1936
933
1062
2818
2832
2817
2864
2847
2987
2832
2825
2873
2806
2831
2814
0
0
0
0
0
0
0
0
0
0
0
0
0
0
0
0
0
0
0
0
0
0
0
0
2715
2836
2553
2490
1584
2527
2400
2167
2224
1242
2192
2271
2863
2991
2855
2814
2837
2864
2813
2850
2815
2833
2849
2839
1335
369
1451
1380
912
1211
226
1148
1108
685
1168
1088
595
829
0
561
386
0
178
0
0
208
0
0
2843
2822
2806
2845
2819
2838
2817
2823
2846
2817
2891
2844
1079
1140
976
1361
439
1692
1958
1558
1936
857
1995
2113
0
1055
820
1003
987
0
959
896
990
1169
64
304
2815
1998
2847
2839
2443
2736
1685
2755
2689
2335
2559
2656
1103
1367
278
1270
1159
1113
1329
1207
2097
1968
2239
2828
0
0
0
0
0
0
0
0
0
0
0
0
2823
2832
2521
2607
1491
2615
2376
2141
2301
1058
2200
1943
2855
2815
2853
2811
2834
2838
2803
2851
2816
2823
2837
2846
0
0
0
0
0
0
0
0
0
0
0
0
0
0
0
0
0
0
0
0
0
0
0
0
2826
2830
2819
2855
2821
2823
2829
2820
2858
2827
2817
2821
0
0
0
0
0
0
0
0
0
0
0
0
0
0
0
0
0
0
0
64
0
99
0
0
2818
2860
2816
2817
2835
2788
2951
2877
2806
2822
2816
2819
0
0
336
1231
144
493
2625
1396
2499
2767
2836
2835
270
0
138
0
0
0
0
0
0
0
94
103
2672
2581
1869
2245
1214
2135
2209
1635
2003
960
1940
1771
2839
2832
2817
2831
2818
2854
2821
2823
2861
2811
2854
2764
0
0
0
58
0
640
0
609
570
151
1819
2069
1492
1953
655
1847
1936
1439
2014
1007
2098
2416
1904
2096
2657
2118
2530
1251
2340
2352
1787
2325
1191
2249
2182
2265
1005
1022
313
1067
103
933
894
496
1232
78
1033
228
77
620
703
0
767
0
615
747
0
647
0
0
2257
1211
2192
2151
1503
2143
1431
2019
2106
1347
2023
2067
2857
2215
2852
2841
2848
2878
2853
2883
2814
2773
2839
2861
1078
399
976
15
975
1008
575
1007
65
1258
1197
1130
2823
2816
2843
2827
2806
2821
2640
1371
2059
1535
1375
1343
2853
2822
2822
2840
2823
2857
2817
2815
2835
2819
2848
2843
0
0
0
0
0
0
0
0
0
0
0
0
0
0
0
0
0
0
0
0
0
167
0
0
2818
2188
2819
2864
2791
2832
2167
2782
2816
2781
2736
2741
0
0
0
0
0
0
0
0
0
0
0
0
0
0
0
0
0
0
0
0
0
0
0
0
2368
2168
1854
2217
911
2023
1993
1639
1993
843
1953
1754
2846
2821
2853
2858
2818
2849
2803
2834
2832
2819
2846
2846
0
0
0
0
0
0
0
0
0
0
0
0
2655
2523
1392
2305
2289
2058
2287
1134
2198
1969
1959
1781
2832
2750
2785
2798
2819
2832
2818
2814
2853
2815
2830
2819
739
720
0
1077
0
963
1372
869
1271
207
1424
1438
0
75
0
0
50
0
112
35
0
368
0
0
2762
2832
2881
2820
2253
2813
1599
2672
2742
2207
2606
2559
887
1268
913
2040
1989
1807
2822
2846
2816
2834
2826
2745
313
0
323
0
107
241
0
279
0
239
324
163
2832
2827
2832
2826
2853
2818
2801
2821
2819
2845
2825
2815
2838
2882
2845
2781
2817
2850
2821
2833
2823
2818
2845
2868
0
0
0
0
0
0
0
0
0
0
0
0
0
0
0
0
0
0
0
0
0
0
0
0
2830
2639
2815
2384
2707
2720
2454
2816
1503
2748
2808
2724
0
0
0
0
0
0
0
0
0
0
0
0
0
268
372
0
504
0
586
813
423
865
0
0
2901
1683
2751
2712
2325
2511
1361
2559
2460
2213
2367
2229
679
1053
752
2779
2682
2719
2930
2880
2814
2841
2544
2830
752
0
704
0
735
603
0
665
0
615
713
592
2825
2821
2815
2823
2864
2818
2821
2832
2818
2900
2819
2813
2885
2821
2821
2822
2818
2832
2822
2802
2817
2845
2858
2857
0
0
0
433
0
350
0
639
944
191
869
880
0
0
0
0
0
0
0
0
0
0
0
0
2827
2689
2804
2828
2819
2823
2341
2823
2295
2807
2819
2656
1468
1474
715
1386
223
1223
1345
0
1431
343
1589
1061
0
496
524
0
438
0
439
522
0
535
0
0
2821
2848
2817
2825
2535
2822
2848
2821
2820
2403
2816
2823
2837
2790
2864
2832
2817
2835
2815
2857
2817
2815
2832
2839
400
0
234
0
0
70
0
142
0
0
230
298
1059
795
0
571
0
0
128
0
0
0
0
0
2836
2819
2816
2835
2817
2863
2823
2815
2832
2815
2865
2858
0
0
0
0
0
0
0
0
0
0
0
0
0
0
0
0
0
0
0
0
0
0
0
0
2821
2838
2820
2860
2819
2822
2838
2820
2864
2815
2821
2818
0
0
0
0
0
0
0
0
0
0
0
1139
400
656
863
0
718
400
683
845
0
870
652
594
2817
2859
2841
2816
2834
2817
2862
2817
2795
2843
2768
2819
2834
2818
2907
2811
2817
2823
2822
2863
2818
2816
2834
2835
161
0
0
0
0
103
0
181
0
0
0
592
0
35
0
0
0
0
0
0
0
0
0
0
2863
2825
2817
2832
2819
2864
2813
2818
2735
2815
2863
2876
1470
852
1387
1681
779
1505
988
1607
1699
877
1671
1777
0
0
0
0
0
0
0
0
0
112
0
0
2830
2197
2819
2849
2819
2821
1872
2819
2848
2710
2815
2794
92
2819
2195
2815
311
2821
2817
2943
2817
2841
2811
2822
1312
1130
1327
351
1219
1208
986
1184
0
1232
1034
1218
1488
1092
1511
1404
559
1250
906
1143
1153
266
962
940
2843
2822
2870
2822
2818
2842
2831
2851
2821
2819
2841
2835
0
0
0
0
0
0
0
0
0
0
0
0
0
0
0
0
0
0
0
0
0
0
0
0
2832
2821
2807
2740
2817
2839
2827
2819
2844
2815
2839
2835
0
0
0
0
0
0
0
0
0
0
0
0
0
400
460
0
463
0
432
467
0
467
0
0
2817
2863
2819
2821
2834
2815
2854
2818
2818
2832
2818
2795
2375
2608
1413
2725
2864
2831
2818
2859
2813
2866
2832
2795
33
0
0
0
0
0
0
0
0
0
32
78
1822
1656
1119
1640
607
1493
1376
737
1263
283
1060
847
2864
2825
2819
2804
2821
2866
2821
2813
2544
2787
2841
2858
623
0
391
429
0
975
240
950
1040
576
1619
1575
0
856
230
963
944
336
1102
593
1008
1136
377
363
2816
2834
2819
2848
2816
2731
2851
2802
2864
2819
2815
2813
1974
2004
1207
1663
1040
1911
1729
1504
2175
1344
0
2234
595
1473
1523
894
1621
800
1591
1456
859
1531
809
848
2803
2850
2617
2795
1799
2687
2456
2608
2559
1675
2530
2373
2647
2736
2864
2813
2818
2837
2816
2867
2819
2819
2845
2835
0
0
0
0
0
0
0
0
0
0
0
0
662
675
0
405
0
0
149
0
340
0
0
0
2864
2820
2816
2839
2821
2859
2818
2817
2832
2819
2855
2864
0
0
0
0
0
0
0
0
0
0
0
0
0
240
338
0
215
0
401
225
0
494
0
0
1888
817
1963
1970
1708
1957
954
1740
1888
1483
1843
1893
0
0
0
0
0
0
1583
641
1584
1456
0
2825
817
326
638
0
816
704
0
715
0
685
688
650
1371
1450
952
1295
229
1264
1210
687
1054
0
1031
1008
2870
2780
2839
2834
2831
2848
2818
2802
2833
2814
2863
2865
0
0
0
0
0
0
0
0
641
0
7
640
509
891
0
641
735
0
716
0
704
720
311
0
2831
2823
2820
2852
2817
2818
2823
2816
2850
2816
2821
2833
1907
2064
368
1927
1089
2266
2062
1507
2099
1280
1999
1923
433
896
1001
283
1125
544
1079
1135
210
1117
714
688
2480
1383
2427
2422
1859
2349
1303
2144
2396
1903
2371
2263
1847
2487
1535
1750
2811
2832
2819
2859
2821
2821
2840
2842
291
0
340
0
0
439
0
362
0
144
493
415
2487
2850
1743
2287
1965
2785
2054
1139
1728
880
1449
1232
2800
2778
2823
2832
2817
2865
2823
2822
2832
2817
2864
2867
0
0
0
0
0
0
0
0
0
0
0
0
0
0
0
0
0
0
0
0
0
0
0
0
2811
2836
2828
2864
2818
2819
2813
2818
2864
2822
2816
2817
0
0
0
0
0
0
0
0
0
0
0
0
0
400
466
0
419
0
324
472
0
455
0
0
2818
2857
2827
2817
2842
2819
2852
2819
2821
2843
2811
2817
1727
2794
2624
2829
2819
2846
2819
2835
2822
2814
2864
2849
0
0
0
0
0
0
0
0
0
0
0
0
679
755
0
501
0
0
273
0
213
0
0
0
2825
2803
2817
2828
2819
2817
2649
2817
2848
2811
2821
2820
946
688
855
1013
19
1511
1224
1122
1454
651
1721
1649
0
865
944
497
976
0
1022
1017
535
1069
0
207
2821
2865
2810
2815
2835
2820
2866
2815
2825
2835
2821
2818
1760
2213
1013
1737
2180
0
1983
1175
2138
2258
0
2535
464
0
464
0
370
432
0
296
0
336
448
408
2304
2530
1871
2304
867
2096
2186
1601
2016
819
2151
1949
2853
2822
2821
2837
2819
2863
2819
2828
2833
2827
2864
2861
0
0
0
0
0
0
0
0
0
0
0
0
272
765
0
686
650
0
560
0
578
458
0
0
2811
2555
2821
2839
2818
2821
2224
2821
2828
2765
2821
2827
0
0
0
0
0
0
0
0
0
0
0
0
776
742
1023
0
944
860
799
1805
368
1303
1700
1424
2821
2843
2821
2819
2847
2821
2846
2817
2813
2847
2816
2819
0
607
0
2359
2157
1647
2592
2858
2826
2823
2844
2842
1003
207
1040
680
704
898
0
953
832
797
958
913
1535
1591
575
1327
656
1263
1303
564
1258
592
1049
992
2855
2816
2821
2535
2817
2854
2817
2815
2178
2819
2853
2852
0
0
0
0
0
0
0
0
0
0
247
427
0
0
0
0
0
0
0
48
0
0
0
0
2821
2858
2817
2819
2829
2822
2861
2823
2820
2829
2821
2818
1934
1982
1101
2171
1844
2008
2102
1277
2183
1984
1975
1615
608
0
590
0
502
592
0
596
0
590
624
668
2626
2540
2553
2711
1605
2503
2384
2265
2525
1757
2418
2387
2257
2791
2688
2639
2820
2873
2818
2836
2826
2819
2845
2861
0
0
0
0
0
0
0
0
0
0
0
0
822
1173
69
1083
1007
377
839
0
527
538
0
0
2827
2822
2817
2854
2819
2816
2851
2819
2861
2819
2825
2815
0
0
0
0
0
0
0
0
0
0
0
0
0
948
1002
534
1099
131
1287
1410
822
1630
474
265
2816
2854
2813
2826
2825
2815
2859
2816
2817
2826
2822
2822
0
0
0
0
0
0
0
0
0
0
0
0
336
0
174
0
7
268
0
230
0
0
337
304
2047
2118
1535
2094
815
1907
1968
1293
1856
647
1880
1648
2855
2821
2820
2838
2821
2858
2832
2818
2843
2813
2862
2845
450
0
342
483
0
370
0
225
448
0
450
421
846
1651
960
1375
1525
464
1156
549
880
881
0
0
2815
2839
2823
2854
2817
2817
2831
2821
2832
2815
2813
2821
2819
2817
2722
2817
2865
2803
2817
2832
2823
2858
2819
2805
0
640
803
0
672
70
644
662
0
796
400
422
2754
2864
2826
2817
2367
2825
2864
2817
2819
2159
2828
2855
455
1087
464
1075
1125
395
1085
619
1236
2607
1614
1439
0
0
0
0
0
0
0
0
0
0
0
0
2484
2400
1655
2352
2098
2146
2319
1238
2125
1860
1888
1839
2839
2830
2815
2841
2822
2848
2814
2820
2842
2811
2841
2851
0
344
0
197
0
199
169
0
196
0
0
0
0
665
634
0
495
0
239
302
0
463
0
0
2817
2843
2820
2849
2816
2822
2839
2821
2832
2822
2819
2823
0
0
0
0
0
0
0
0
0
0
0
0
0
0
0
0
0
0
0
13
0
0
53
166
2816
2829
2830
2820
2854
2812
2834
2825
2819
2854
2817
2816
0
576
683
0
541
1091
2281
2252
847
2820
2854
2848
80
0
0
0
0
0
0
0
0
0
42
0
1495
1763
583
1695
1568
1171
1582
113
1345
1320
879
739
2832
2829
2819
2851
2819
2835
2823
2819
2853
2818
2832
2839
641
614
0
451
0
1118
1148
682
1411
565
1618
1758
266
1410
1152
570
1174
138
1168
1168
839
1329
547
654
2819
2864
2816
2829
2672
2822
2852
2819
2816
2559
2815
2819
1477
2427
1289
2192
2208
1958
2208
1219
1832
2288
2069
1259
587
0
492
0
607
490
0
562
0
681
635
736
2818
2828
2554
2814
2841
2821
2819
2421
2815
2848
2814
2806
1845
2813
2820
2839
2854
2877
2816
2815
2834
2814
2858
2864
221
0
0
250
0
0
0
0
0
0
0
0
591
823
0
595
464
0
411
0
0
194
0
0
2815
2832
2817
2864
2820
2815
2840
2819
2915
2818
2818
2821
0
0
0
0
0
0
0
0
0
0
0
0
0
0
0
0
0
0
0
69
0
164
0
0
2814
2863
2818
2816
2801
2816
2866
2823
2816
2585
2817
2875
0
0
0
0
0
0
0
0
0
0
0
0
606
0
464
315
0
528
0
582
528
0
653
678
2638
2544
1959
2387
1600
2383
2411
1574
2305
1713
2128
2206
2864
2836
2818
2879
2816
2862
2830
2821
2844
2819
2862
2842
646
0
311
379
0
394
0
0
565
0
556
585
1071
1617
704
1387
1253
528
1023
105
1058
942
16
0
2819
2843
2813
2848
2815
2813
2589
2820
2834
2821
2821
2817
1387
1360
539
1277
384
1384
1519
447
1660
1712
1650
1650
49
640
592
0
599
301
374
652
0
704
419
377
882
454
1525
1984
1481
2538
2935
2822
2820
2843
2818
2805
0
0
0
0
0
0
1264
2837
2819
2818
2850
2858
0
0
0
0
0
0
0
0
0
1011
2813
2815
0
0
0
0
0
0
0
0
0
1104
2765
2818
0
0
0
0
0
0
641
1862
2351
2816
2851
2842
0
0
0
0
0
0
0
0
0
0
0
0
0
0
0
0
0
0
0
0
0
0
0
0
0
0
0
0
0
0
0
0
0
0
0
0
0
0
0
0
0
0
0
0
0
0
0
0
0
0
0
0
0
0
0
0
0
0
0
0
0
0
0
0
0
0
0
0
0
0
0
0
0
0
0
0
0
0
0
0
0
0
0
0
0
0
0
0
0
0
0
0
0
0
0
0
491
0
0
0
0
0
0
0
0
0
0
0
2806
903
0
0
0
0
0
0
0
0
0
0
1585
109
0
0
0
0
0
0
0
0
0
0
2860
1185
0
0
0
0
0
0
0
0
0
0
2819
2870
2819
2817
2828
2806
383
0
0
0
0
0
2832
2819
2880
2823
2816
1135
0
0
0
0
0
0
2817
2827
2820
2864
2818
2823
941
69
0
0
0
0
2820
2810
2832
2817
2865
2816
2817
2832
2288
0
0
0
2864
2826
2821
2843
2813
2864
2827
2823
2841
2821
2863
2856
2822
2851
2822
2816
2846
2829
2832
2797
2899
848
192
0
2831
2815
2864
2816
2815
2832
2814
2931
2793
2832
2834
1873
2817
2837
2820
2864
2818
2820
2811
2827
2880
2820
2813
2817
2823
2811
2835
2815
2863
2812
2835
2842
2816
2862
2826
2816
2864
2822
2820
2830
2813
2864
2833
2822
2834
2804
2863
2863
2863
2838
2815
2821
2849
2811
2835
2827
2815
2859
2818
2821
2835
2815
2875
2833
2823
2864
2841
2881
2898
2830
2847
2700
2817
2846
2816
2852
2822
2829
2831
2822
2847
2800
2818
2819
2825
2815
2825
2817
2849
2800
2818
2843
2816
2853
2815
2795
2854
2812
2806
2843
2813
2854
2819
2816
2829
2817
2855
2847
2819
2829
2827
2819
2847
2819
2834
2818
2816
2843
2813
2783
2847
2815
2839
2818
2821
2850
2833
2822
2798
2816
2848
2855
2818
2841
2800
2863
2817
2815
2795
2927
2834
2815
2813
2822
2827
2819
2853
2812
2836
2817
2806
2837
2810
2827
2816
2818
2852
2821
2829
2848
2826
2842
2864
2814
2863
2813
2815
2823
2542
2846
2828
2818
2870
2891
2828
2817
2815
2859
2815
2818
0
0
2183
2838
2824
2857
2816
2815
2835
2842
2864
2842
0
0
0
0
0
1052
2048
2826
2827
2836
2851
2815
0
0
0
0
0
0
1427
2845
2821
2811
2841
2849
0
0
0
0
1293
2781
2834
2806
2864
2819
2818
2821
0
0
0
0
0
0
0
0
1611
2472
2808
2820
0
0
0
0
0
0
0
0
719
2818
2871
2857
0
0
0
0
0
0
0
0
0
315
2879
2823
0
0
0
0
0
0
0
0
0
0
0
0
0
0
0
0
0
0
0
0
0
0
0
0
0
0
0
0
0
0
0
0
0
0
0
0
0
0
0
0
0
0
0
1067
1911
2817
2854
2853
0
0
0
0
0
0
0
0
0
0
0
0
0
0
0
0
0
0
0
0
0
0
0
0
1280
0
0
0
0
0
0
0
0
0
0
0
0
0
0
0
0
0
0
0
0
0
0
0
0
0
0
0
0
0
0
0
0
0
0
0
2787
2912
1996
529
0
0
0
0
0
0
0
0
2641
1785
0
0
0
0
0
0
0
0
0
0
2817
2204
1266
0
0
0
0
0
0
0
0
0
2836
2839
2852
1393
70
0
0
0
0
0
0
0
2817
2833
2837
2871
2805
2835
687
0
0
0
0
0
2828
2817
2830
2826
751
252
0
0
0
0
0
0
2845
2815
2825
2830
2797
2869
2822
1232
0
0
0
0
2802
2849
2823
2818
2827
2815
2861
2820
2819
2823
2821
1658
2821
2821
2850
2816
2832
2820
2818
2851
2089
868
0
0
2829
2873
2785
2835
2817
2830
2827
2821
2848
2819
2815
1760
2818
2815
2832
2817
2859
2816
2815
2837
2817
2862
2817
2799
2862
2822
2819
2832
2820
2865
2814
2821
2832
2818
2864
2864
2830
2851
2817
2817
2833
2817
2864
2815
2819
2875
2820
2817
2843
2816
2864
2843
2818
2835
2815
2864
2821
2800
2837
2843
2811
2822
2821
2857
2815
2815
2839
2818
2833
2813
2815
2812
2828
2821
2832
2818
2864
2800
2818
2839
2818
2864
2823
2821
2839
2816
2818
2835
2819
2868
2830
2820
2842
2816
2849
2850
2803
2855
2803
2816
2832
2819
2869
2817
2809
2829
2813
2888
2834
2821
2855
2800
2821
2845
2816
2838
2816
2814
2850
2817
2806
2846
2817
2847
2815
2815
2839
2815
2837
2815
2816
2836
2821
2815
2842
2815
2838
2819
2815
2851
2814
2832
2819
2790
2833
2823
2841
2855
2829
2832
2819
2815
2849
2807
2805
2817
2431
2822
2826
2751
2855
2822
2832
2825
2821
2850
2815
2815
411
2375
2849
2823
2800
2842
2835
2849
2818
2886
2841
2843
2817
2844
2820
2831
2823
2777
2857
2823
2832
2825
2819
2816
0
0
0
0
49
1402
2739
2852
2822
2832
2823
2820
0
0
0
0
0
1365
2157
2779
2851
2816
2839
2822
0
602
1229
2376
2850
2822
2819
2821
2764
2847
2822
2832
0
0
0
0
0
0
0
0
407
2234
2864
2851
0
0
0
0
0
0
0
0
125
783
2629
2825
0
0
0
0
283
383
2027
2856
2816
2832
2834
2829
0
0
215
0
1072
2685
2827
2818
2864
2819
2816
2817
0
0
0
0
0
0
0
0
0
0
0
0
0
0
0
0
0
0
0
0
0
0
0
0
0
0
0
0
0
0
0
0
0
0
0
0
0
0
0
0
0
0
0
0
0
0
0
0
0
0
0
0
0
0
0
0
0
0
0
0
0
0
0
0
0
0
0
0
0
0
0
0
0
0
0
0
0
0
0
0
0
0
0
0
0
0
0
0
0
0
0
0
0
0
0
0
1679
1265
0
0
0
0
0
0
0
0
0
0
2819
2835
2823
2853
2722
1806
0
135
0
0
0
0
2815
2346
158
0
0
0
0
0
0
0
0
0
2845
2817
2320
401
0
0
0
0
0
0
0
0
2815
2855
2819
2820
2847
2819
2842
2063
1100
0
0
0
2843
2818
2847
2639
1458
0
0
0
0
0
0
0
2815
2849
2825
2846
2815
2333
135
0
0
0
0
0
2819
2813
2845
2805
2832
2830
2819
2849
2498
1072
0
0
2825
2821
2812
2700
2812
2823
2823
2832
2850
2817
2819
1221
2817
2830
2821
2819
2845
2819
2837
2828
2809
2480
1416
0
2852
2825
2819
2831
2813
2861
2818
2819
2831
2819
2864
2863
2818
2849
2830
2916
2811
2839
2848
2815
2848
2821
2832
2813
2823
2816
2845
2827
2842
2833
2833
2848
2810
2832
2819
2819
2815
2833
2816
2854
2816
2817
2839
2815
2853
2818
2819
2819
2815
2817
2830
2800
2855
2817
2818
2830
2831
2864
2816
2821
2866
2820
2819
2819
2807
2850
2812
2819
2829
2832
2855
2848
2799
2863
2811
2815
2832
2815
2864
2820
2815
2832
2815
2820
2832
2816
2897
2817
2818
2838
2831
2832
2814
2815
2837
2833
2815
2831
2810
2860
2826
2830
2832
2817
2864
2816
2847
2814
2821
2815
2836
2802
2863
2829
2815
2837
2833
2859
2819
2804
2864
2819
2816
2835
2817
2869
2826
2816
2832
2813
2848
2861
2811
2854
2822
2816
2818
2817
2854
2814
2815
2837
2813
2818
1927
2821
2846
2827
2819
2853
2822
2833
2827
2817
2889
2855
2559
2839
2821
2857
2819
2823
2835
2815
2848
2818
2818
2826
2816
2820
2833
2816
2848
2816
2817
2843
2816
2847
2813
2816
0
0
0
312
1652
2861
2831
2815
2738
2830
2886
2777
0
0
0
1056
1527
2825
2848
2817
2818
2843
2822
2815
0
1963
2917
2819
2815
2853
2823
2838
2819
2826
2895
2845
2816
2843
2864
2832
2832
2818
2859
2822
2842
2819
2817
2817
0
0
0
0
0
0
0
0
1671
2807
2833
2831
0
0
0
0
0
0
0
0
0
0
1220
2845
0
0
0
0
0
0
0
0
0
0
1830
2877
0
0
0
0
0
0
0
0
0
0
0
0
0
0
0
0
0
0
0
0
0
0
0
0
0
0
0
0
0
0
0
0
0
0
0
0
0
0
0
0
0
0
0
0
0
0
0
0
0
0
0
0
0
0
0
0
0
0
0
0
0
0
0
0
0
0
0
0
0
0
0
0
0
0
0
0
0
0
0
0
0
0
0
0
0
0
0
0
0
0
0
0
0
0
0
0
689
0
0
0
0
0
0
0
0
0
0
0
2820
2822
2832
2816
858
727
0
0
0
0
0
0
1297
817
0
0
0
0
0
0
0
0
0
0
2817
2870
1600
0
0
0
0
0
0
0
0
0
2832
2815
2864
2819
2816
1713
818
0
0
0
0
0
2827
2832
2832
2858
2823
2817
0
2252
695
0
0
0
2814
2820
2833
2822
2858
2412
1164
0
0
0
0
0
2864
2805
2811
2835
2816
2864
2812
2817
1984
1360
0
0
2815
2864
2817
2823
2839
2815
2859
2821
2817
2113
1451
0
2839
2818
2855
2821
2821
2837
2823
1865
1939
1874
1110
703
2375
1471
2181
1870
2190
2320
1606
2244
2124
2224
2451
2445
2818
2813
2837
2823
2849
2821
2829
2843
2818
2919
2811
2819
2609
2559
2655
1710
2621
2378
2546
2474
1711
2544
2640
2248
935
744
816
1031
0
1009
1036
758
1040
0
1047
1003
539
1376
1044
1274
1456
511
1406
1093
1167
1360
298
192
2359
2851
2824
2831
2818
2816
2850
2816
2822
2831
2822
2841
735
912
0
783
750
388
767
0
784
695
207
0
1780
1328
1603
378
1436
1376
923
1381
15
1201
1282
872
2816
2838
2819
2816
2847
2815
2835
2849
2827
2853
2823
2819
0
408
531
0
355
0
482
340
0
445
0
0
896
0
808
868
491
832
0
815
944
627
958
997
2825
2819
2860
2821
2822
2826
2818
2854
2817
2817
2832
2832
298
0
0
0
0
0
0
1135
193
680
1795
980
1893
1816
1521
2007
606
1725
1808
1506
1707
759
1826
1616
877
1920
1862
1411
1881
560
1744
1746
1195
1776
511
643
2816
2859
2828
2833
2832
2817
2863
2819
2820
2830
2819
2817
0
0
0
0
0
0
0
0
0
41
0
0
408
0
200
0
0
101
0
31
0
0
70
168
2826
2821
2832
2819
2864
2821
2817
2832
2822
2864
2811
2816
1085
1909
1676
1664
1936
858
1888
1821
1671
2055
907
916
1744
511
1649
1644
1153
1687
659
1743
1732
1394
1842
1824
2270
2495
1427
2447
2460
2098
2335
1221
2363
2405
1781
1853
451
904
1287
660
2429
2719
1990
2605
2413
2825
2818
2822
358
368
0
319
0
300
373
0
303
0
176
239
2018
2232
2197
1203
2073
1736
1776
2086
920
1799
1472
1476
2819
2864
2821
2820
2736
2818
2863
2819
2813
2672
2822
2819
0
0
0
0
0
0
0
0
0
0
0
0
896
0
800
496
611
918
0
846
752
950
1107
1111
2825
2818
2587
2822
2853
2768
2826
2479
2819
2862
2818
2829
0
0
0
0
0
0
0
0
0
0
0
0
2838
2634
2519
2779
1661
2655
2708
2384
2559
1685
2499
2662
2077
2664
2032
2519
2540
1535
2512
2080
2160
2301
1471
1319
1414
84
1278
1589
2431
2608
1752
2484
183
2818
2817
2195
0
0
0
0
0
0
0
0
0
0
0
0
384
768
763
0
651
36
432
525
0
400
0
0
2821
2851
2821
2819
2842
2819
2843
2819
2815
2841
2817
2816
175
896
930
979
1407
330
1385
1561
1383
1979
903
711
868
0
851
852
591
919
0
983
1100
739
1215
1145
2147
2666
1261
2539
2490
2075
2619
1337
2503
2541
1799
1867
1674
1405
1793
407
1733
1666
933
1367
795
1718
1682
2375
968
818
688
992
0
868
944
475
1019
0
835
930
1487
2838
2196
1471
1835
645
1698
1712
1206
1648
452
720
2818
2862
2815
2897
2832
2821
2861
2821
2821
2832
2819
2823
0
556
0
432
417
0
656
0
706
684
0
0
725
576
585
0
400
410
0
240
0
193
272
128
2815
2832
2832
2822
2855
2821
2851
2823
2818
2844
2810
2818
0
0
0
0
0
0
0
0
0
0
0
0
1522
405
1523
1384
1196
1535
415
1648
1684
1299
1938
1819
2823
2817
2831
2817
2832
2510
2890
2401
2807
2832
2646
2683
0
0
0
0
0
0
0
0
0
0
0
0
0
0
0
0
0
0
0
0
0
0
0
0
1307
2351
2258
1871
2333
1055
2205
2221
1697
2120
898
1035
2814
2855
2821
2832
2823
2817
2855
2836
2835
2825
2829
2817
0
0
0
368
336
0
439
0
913
933
159
891
1508
1022
1493
363
1327
1296
968
1259
39
1291
1328
1535
2698
2738
2407
2542
1295
2512
2464
2039
2331
1296
2410
2326
763
1927
1872
1383
1872
835
1784
1846
463
1966
1007
875
817
0
739
813
0
752
0
793
834
0
881
869
