0327007798
0328830217
0329119789
0329768714
0334545175
0334545175
0339346590
0339625990
0344402003
0348871512
0349577828
0352130301
0353115191
0354550392
0355111459
0355492146
0358312510
0359649594
0364675373
0365236380
0365494184
0365748979
0366178231
0366694523
0368646471
0375254075
0377068824
0379575573
0384324368
0386809937
0387065204
0392733212
0393724898
0397840821
0398506598
0399906998
0862862004
0862958523
0867436733
0868245820
0961951176
0962337392
0962410362
0963112260
0963557446
0963613672
0964376826
0964643812
0965221631
0965286382
0965895667
0966422247
0967163914
0967439264
0967635481
0968937974
0971639866
0972866406
0973456284
0974182660
0974301612
0974859773
0975446811
0978413025
0979625111
0981783004
0982816409
0986654854
0988126092
0344257594
0344937500
0345738007
0347123271
0348246501
0358897698
0368755115
0372950065
0394455798
0395244146
0399579643
0868674859
0868785441
0869198124
0869365905
0961066373
0965770669
0966855977
0967163914
0967517930
0967894597
0968861657
0969623451
0969659692
0976269215
0976533709
0976900459
0978184519
0978240955
0978973247
0983108511
0984170404
0985745117
0986949550
0989420550
0989462101
0989578787