0325745884
0326002524
0326449159
0327619411
0327660736
0329455556
0332028183
0332370491
0344988700
0348942793
0365661614
0372952874
0373256124
0374852883
0382791298
0383576594
0386194727
0393394629
0397795617
0399614613
0862113241
0862405640
0862492418
0865018977
0865074682
0865406011
0865882662
0866122801
0869257652
0964064006
0964481160
0965785351
0966070700
0976306698
0976962580
0978423216
0978501333
0979222730
0987766515
0989278216
0989540905
0329705943
0332277354
0333095026
0333113904
0334357860
0335691781
0335907905
0344988700
0348966309
0354169127
0358649201
0365031129
0367477141
0369366407
0386194727
0392668413
0397545876
0862405640
0865406011
0868937061
0869645548
0961114425
0964481160
0969623451
0976962580
0979164330
0979685091