0325080040
0325621308
0327214189
0332983949
0338702816
0344597320
0345502078
0347884013
0353597962
0354282259
0363307981
0366394097
0369511662
0375669969
0383090426
0385357269
0386092300
0975814516
0399950623
0862022701
0865985836
0866964302
0867627565
0867924611
0869981549
0962170764
0974973335
0962705353
0963245380
0963393810
0974973335
0963393810
0964127012
0974973335
0964127012
0965299564
0967961274
0968393428
0968544637
0971306094
0974306121
0974380389
0974973335
0975814516
0976036137
0976778317
0979043280
0979505678
0981539225
0981631473
0983772518
0987120721
0987561074
0988494488
0988975398